cycle_id,ts,runner,sim,code,decision,reason,input_hash
14927159,2026-10-06 13:00:00,actions-trading,MFHS2,018880,skip,max_holdings,fae7efc5f93b
14927159,2026-10-06 13:00:00,actions-trading,MFHS2,047040,seen,,68c583826c8d
14927159,2026-10-06 13:00:00,actions-trading,MFHS2,007660,seen,,da6237a85135
14927159,2026-10-06 13:00:00,actions-trading,MFHS2,066570,seen,,43e9ca16c383
14927159,2026-10-06 13:00:00,actions-trading,MFHS2,005690,seen,,96aaff632b68
14927159,2026-10-06 13:00:00,actions-trading,MFHS2,002710,seen,,e47ed3ab1c92
14927159,2026-10-06 13:00:00,actions-trading,MFHS2,006800,seen,,6ebaf597baef
14927159,2026-10-06 13:00:00,actions-trading,MFHS2,025560,seen,,d4b08015a8d1
14927159,2026-10-06 13:00:00,actions-trading,MFHS2,088350,seen,,09d8f1fc6f12
14927159,2026-10-06 13:00:00,actions-trading,MFHS2,005360,seen,,9182cf0e703f
14927159,2026-10-06 13:00:00,actions-trading,MFHS2,0220W0,seen,,e099ad9262af
14927159,2026-10-06 13:00:00,actions-trading,MFHS2,009150,seen,,fcda950bfd4f
14927159,2026-10-06 13:00:00,actions-trading,MFHS2,460860,seen,,b5907fe504d5
14927159,2026-10-06 13:00:00,actions-trading,MFHS2,011070,seen,,14635df7b196
14927159,2026-10-06 13:00:00,actions-trading,MFHS2,006400,seen,,2135af3406c2
14927159,2026-10-06 13:00:00,actions-trading,MFHS2,009190,seen,,83f9252e9d4b
14927159,2026-10-06 13:00:00,actions-trading,MFHS2,001230,seen,,dcfde06bf8be
14927159,2026-10-06 13:00:00,actions-trading,MFHS2,452260,seen,,f6bd9f2c330a
14927159,2026-10-06 13:00:00,actions-trading,MFHS2,003620,seen,,05f08da02cdd
14927159,2026-10-06 13:00:00,actions-trading,MFHS2,028050,seen,,2da415f39047
14927159,2026-10-06 13:00:00,actions-trading,MFHS2,317400,seen,,6ccf0c47b15a
14927159,2026-10-06 13:00:00,actions-trading,MFHS2,001510,seen,,2752f213903c
14927159,2026-10-06 13:00:00,actions-trading,MFHS2,010120,seen,,6cdf8ff111b5
14927159,2026-10-06 13:00:00,actions-trading,MFHS2,015260,seen,,bec17a63c343
14927159,2026-10-06 13:00:00,actions-trading,MFHS2,090460,seen,,9eb92d34484a
14927159,2026-10-06 13:00:00,actions-trading,MFHS2,022100,seen,,e61adb476bdc
14927159,2026-10-06 13:00:00,actions-trading,MFHS2,002990,seen,,48a6e8004028
14927159,2026-10-06 13:00:00,actions-trading,MFHS2,279570,seen,,2d395d9ea178
14927159,2026-10-06 13:00:00,actions-trading,MFHS2,002700,seen,,2810fb71e400
14927159,2026-10-06 13:00:00,actions-trading,MFHS2,004020,seen,,b706574072bf
14927159,2026-10-06 13:00:02,actions-trading,상승모멘텀,003580,skip,adx_high,e4bffb987da1
14927159,2026-10-06 13:00:02,actions-trading,상승모멘텀,480370,skip,adx_high,3bf5de103740
14927159,2026-10-06 13:00:02,actions-trading,상승모멘텀,462520,skip,period,23525a518a17
14927159,2026-10-06 13:00:02,actions-trading,상승모멘텀,281820,skip,adx_high,5968520173ad
14927159,2026-10-06 13:00:02,actions-trading,상승모멘텀,006110,skip,adx_high,7fa7c23dd3c2
14927159,2026-10-06 13:00:02,actions-trading,상승모멘텀,002710,skip,tick,e47ed3ab1c92
14927159,2026-10-06 13:00:02,actions-trading,상승모멘텀,000150,skip,adx_high,3157b224cf1a
14927159,2026-10-06 13:00:02,actions-trading,상승모멘텀,066970,skip,adx_low,2ac0f7a533bd
14927159,2026-10-06 13:00:02,actions-trading,상승모멘텀,007660,skip,held_or_sold_today,da6237a85135
14927159,2026-10-06 13:00:02,actions-trading,상승모멘텀,011070,skip,adx_low,14635df7b196
14927159,2026-10-06 13:00:02,actions-trading,상승모멘텀,007810,skip,adx_high,a964c199311d
14927159,2026-10-06 13:00:02,actions-trading,상승모멘텀,006400,skip,adx_low,2135af3406c2
14927159,2026-10-06 13:00:02,actions-trading,상승모멘텀,008970,skip,tick,2042153397a4
14927159,2026-10-06 13:00:02,actions-trading,상승모멘텀,336370,skip,adx_high,74427fa9230e
14927159,2026-10-06 13:00:02,actions-trading,상승모멘텀,018670,skip,period,bd173b8bed66
14927159,2026-10-06 13:00:02,actions-trading,상승모멘텀,298020,skip,adx_high,fa01d189dfa6
14927159,2026-10-06 13:00:02,actions-trading,상승모멘텀,002820,skip,amount,632a31f6f17d
14927159,2026-10-06 13:00:02,actions-trading,상승모멘텀,066570,skip,adx_low,43e9ca16c383
14927159,2026-10-06 13:00:02,actions-trading,상승모멘텀,000157,skip,amount,8e8b75262498
14927159,2026-10-06 13:00:02,actions-trading,상승모멘텀,066575,skip,adx_high,f6271ac507f9
14927159,2026-10-06 13:00:02,actions-trading,상승모멘텀,000155,skip,adx_high,86dc2681e239
14927159,2026-10-06 13:00:02,actions-trading,상승모멘텀,005690,skip,period,96aaff632b68
14927159,2026-10-06 13:00:02,actions-trading,상승모멘텀,020150,skip,held_or_sold_today,b08e7eacda1f
14927159,2026-10-06 13:00:02,actions-trading,상승모멘텀,063160,skip,amount,d37c12215cd5
14927159,2026-10-06 13:00:02,actions-trading,상승모멘텀,001250,skip,adx_high,b7165b3a7a90
14927159,2026-10-06 13:00:02,actions-trading,상승모멘텀,226320,skip,amount,9c1fcf41835f
14927159,2026-10-06 13:00:02,actions-trading,상승모멘텀,353200,skip,adx_high,391285ec02a7
14927159,2026-10-06 13:00:02,actions-trading,상승모멘텀,006405,skip,amount,df676e860c46
14927159,2026-10-06 13:00:02,actions-trading,상승모멘텀,005320,skip,amount,ab159d0fe83e
14927159,2026-10-06 13:00:02,actions-trading,상승모멘텀,084010,skip,amount,5dcb82c441a4
14927159,2026-10-06 13:00:02,actions-trading,Sim6,_gate,skip,already_rebalanced,e3b0c44298fc
14927159,2026-10-06 13:00:02,actions-trading,Sim6,069500,seen,,ee8e7aab3c74
14927159,2026-10-06 13:00:02,actions-trading,Sim6,360750,seen,,1ad0ff71631c
14927159,2026-10-06 13:00:02,actions-trading,Sim6,148070,seen,,8c7a4378be2e
14927159,2026-10-06 13:00:02,actions-trading,Sim6,411060,seen,,731e532246e9
14927159,2026-10-06 13:00:02,actions-trading,Sim6,305080,seen,,6d3d05c39c51
14927159,2026-10-06 13:00:02,actions-trading,Sim6,357870,seen,,23bee424ff12
14927159,2026-10-06 13:00:02,actions-trading,Sim4-1,003580,skip,adx_high,e4bffb987da1
14927159,2026-10-06 13:00:02,actions-trading,Sim4-1,480370,skip,adx_high,3bf5de103740
14927159,2026-10-06 13:00:02,actions-trading,Sim4-1,462520,skip,period,23525a518a17
14927159,2026-10-06 13:00:02,actions-trading,Sim4-1,281820,skip,adx_high,5968520173ad
14927159,2026-10-06 13:00:02,actions-trading,Sim4-1,006110,skip,adx_high,7fa7c23dd3c2
14927159,2026-10-06 13:00:02,actions-trading,Sim4-1,002710,skip,held_or_cooldown,e47ed3ab1c92
14927159,2026-10-06 13:00:02,actions-trading,Sim4-1,000150,skip,adx_high,3157b224cf1a
14927159,2026-10-06 13:00:02,actions-trading,Sim4-1,066970,skip,adx_low,2ac0f7a533bd
14927159,2026-10-06 13:00:02,actions-trading,Sim4-1,007660,skip,held_or_cooldown,da6237a85135
14927159,2026-10-06 13:00:02,actions-trading,Sim4-1,011070,skip,adx_low,14635df7b196
14927159,2026-10-06 13:00:02,actions-trading,Sim4-1,007810,skip,adx_high,a964c199311d
14927159,2026-10-06 13:00:02,actions-trading,Sim4-1,006400,skip,adx_low,2135af3406c2
14927159,2026-10-06 13:00:02,actions-trading,Sim4-1,008970,skip,held_or_cooldown,2042153397a4
14927159,2026-10-06 13:00:02,actions-trading,Sim4-1,336370,skip,adx_high,74427fa9230e
14927159,2026-10-06 13:00:02,actions-trading,Sim4-1,018670,skip,period,bd173b8bed66
14927159,2026-10-06 13:00:02,actions-trading,Sim4-1,298020,skip,adx_high,fa01d189dfa6
14927159,2026-10-06 13:00:02,actions-trading,Sim4-1,002820,skip,amount,632a31f6f17d
14927159,2026-10-06 13:00:02,actions-trading,Sim4-1,066570,skip,adx_low,43e9ca16c383
14927159,2026-10-06 13:00:02,actions-trading,Sim4-1,000157,skip,amount,8e8b75262498
14927159,2026-10-06 13:00:02,actions-trading,Sim4-1,066575,skip,adx_high,f6271ac507f9
14927159,2026-10-06 13:00:02,actions-trading,Sim4-1,000155,skip,adx_high,86dc2681e239
14927159,2026-10-06 13:00:02,actions-trading,Sim4-1,005690,skip,period,96aaff632b68
14927159,2026-10-06 13:00:02,actions-trading,Sim4-1,020150,skip,held_or_cooldown,b08e7eacda1f
14927159,2026-10-06 13:00:02,actions-trading,Sim4-1,063160,skip,amount,d37c12215cd5
14927159,2026-10-06 13:00:02,actions-trading,Sim4-1,001250,skip,adx_high,b7165b3a7a90
14927159,2026-10-06 13:00:02,actions-trading,Sim4-1,226320,skip,amount,9c1fcf41835f
14927159,2026-10-06 13:00:02,actions-trading,Sim4-1,353200,skip,adx_high,391285ec02a7
14927159,2026-10-06 13:00:02,actions-trading,Sim4-1,006405,skip,amount,df676e860c46
14927159,2026-10-06 13:00:02,actions-trading,Sim4-1,005320,skip,amount,ab159d0fe83e
14927159,2026-10-06 13:00:02,actions-trading,Sim4-1,084010,skip,amount,5dcb82c441a4
14927159,2026-10-06 13:00:05,actions-trading,선행매집,018880,skip,below_anchor,fae7efc5f93b
14927159,2026-10-06 13:00:05,actions-trading,선행매집,047040,skip,below_anchor,68c583826c8d
14927159,2026-10-06 13:00:05,actions-trading,선행매집,007660,skip,below_anchor,da6237a85135
14927159,2026-10-06 13:00:05,actions-trading,선행매집,066570,skip,below_anchor,43e9ca16c383
14927159,2026-10-06 13:00:05,actions-trading,선행매집,002710,skip,below_anchor,e47ed3ab1c92
14927159,2026-10-06 13:00:05,actions-trading,선행매집,005930,skip,no_52w_anchor,b18088d5222c
14927159,2026-10-06 13:00:05,actions-trading,선행매집,006800,skip,below_anchor,6ebaf597baef
14927159,2026-10-06 13:00:05,actions-trading,선행매집,005690,skip,below_anchor,96aaff632b68
14927159,2026-10-06 13:00:05,actions-trading,선행매집,025560,skip,below_anchor,d4b08015a8d1
14927159,2026-10-06 13:00:05,actions-trading,선행매집,088350,skip,below_anchor,09d8f1fc6f12
14927159,2026-10-06 13:00:05,actions-trading,선행매집,336370,skip,below_anchor,74427fa9230e
14927159,2026-10-06 13:00:05,actions-trading,선행매집,006400,skip,below_anchor,2135af3406c2
14927159,2026-10-06 13:00:05,actions-trading,선행매집,0220W0,skip,below_anchor,e099ad9262af
14927159,2026-10-06 13:00:05,actions-trading,선행매집,005360,skip,amount,9182cf0e703f
14927159,2026-10-06 13:00:05,actions-trading,선행매집,009150,skip,below_anchor,fcda950bfd4f
14927159,2026-10-06 13:00:05,actions-trading,선행매집,460860,skip,below_anchor,b5907fe504d5
14927159,2026-10-06 13:00:05,actions-trading,선행매집,011070,skip,below_anchor,14635df7b196
14927159,2026-10-06 13:00:05,actions-trading,선행매집,009190,skip,below_anchor,83f9252e9d4b
14927159,2026-10-06 13:00:05,actions-trading,선행매집,003620,skip,below_anchor,05f08da02cdd
14927159,2026-10-06 13:00:05,actions-trading,선행매집,001230,skip,amount,dcfde06bf8be
14927159,2026-10-06 13:00:05,actions-trading,선행매집,452260,skip,below_anchor,f6bd9f2c330a
14927159,2026-10-06 13:00:05,actions-trading,선행매집,192650,skip,sold_or_cooldown,4870472b9be3
14927159,2026-10-06 13:00:05,actions-trading,선행매집,022100,skip,below_anchor,e61adb476bdc
14927159,2026-10-06 13:00:05,actions-trading,선행매집,028050,skip,below_anchor,2da415f39047
14927159,2026-10-06 13:00:05,actions-trading,선행매집,010120,skip,below_anchor,6cdf8ff111b5
14927159,2026-10-06 13:00:05,actions-trading,선행매집,015260,skip,amount,bec17a63c343
14927159,2026-10-06 13:00:05,actions-trading,선행매집,002990,skip,below_anchor,48a6e8004028
14927159,2026-10-06 13:00:05,actions-trading,선행매집,001510,skip,below_anchor,2752f213903c
14927159,2026-10-06 13:00:05,actions-trading,선행매집,279570,skip,below_anchor,2d395d9ea178
14927159,2026-10-06 13:00:05,actions-trading,선행매집,005320,skip,amount,ab159d0fe83e
14927159,2026-10-06 13:00:05,actions-trading,Sim9,_gate,skip,outside_entry_window,e3b0c44298fc
14927159,2026-10-06 13:00:05,actions-trading,Sim9,003580,seen,,e4bffb987da1
14927159,2026-10-06 13:00:05,actions-trading,Sim9,480370,seen,,3bf5de103740
14927159,2026-10-06 13:00:05,actions-trading,Sim9,462520,seen,,23525a518a17
14927159,2026-10-06 13:00:05,actions-trading,Sim9,281820,seen,,5968520173ad
14927159,2026-10-06 13:00:05,actions-trading,Sim9,006110,seen,,7fa7c23dd3c2
14927159,2026-10-06 13:00:05,actions-trading,Sim9,002710,seen,,e47ed3ab1c92
14927159,2026-10-06 13:00:05,actions-trading,Sim9,000150,seen,,3157b224cf1a
14927159,2026-10-06 13:00:05,actions-trading,Sim9,066970,seen,,2ac0f7a533bd
14927159,2026-10-06 13:00:05,actions-trading,Sim9,007660,seen,,da6237a85135
14927159,2026-10-06 13:00:05,actions-trading,Sim9,011070,seen,,14635df7b196
14927159,2026-10-06 13:00:05,actions-trading,Sim9,007810,seen,,a964c199311d
14927159,2026-10-06 13:00:05,actions-trading,Sim9,006400,seen,,2135af3406c2
14927159,2026-10-06 13:00:05,actions-trading,Sim9,008970,seen,,2042153397a4
14927159,2026-10-06 13:00:05,actions-trading,Sim9,336370,seen,,74427fa9230e
14927159,2026-10-06 13:00:05,actions-trading,Sim9,018670,seen,,bd173b8bed66
14927159,2026-10-06 13:00:05,actions-trading,Sim9,298020,seen,,fa01d189dfa6
14927159,2026-10-06 13:00:05,actions-trading,Sim9,002820,seen,,632a31f6f17d
14927159,2026-10-06 13:00:05,actions-trading,Sim9,066570,seen,,43e9ca16c383
14927159,2026-10-06 13:00:05,actions-trading,Sim9,000157,seen,,8e8b75262498
14927159,2026-10-06 13:00:05,actions-trading,Sim9,066575,seen,,f6271ac507f9
14927159,2026-10-06 13:00:05,actions-trading,Sim9,000155,seen,,86dc2681e239
14927159,2026-10-06 13:00:05,actions-trading,Sim9,005690,seen,,96aaff632b68
14927159,2026-10-06 13:00:05,actions-trading,Sim9,020150,seen,,b08e7eacda1f
14927159,2026-10-06 13:00:05,actions-trading,Sim9,063160,seen,,d37c12215cd5
14927159,2026-10-06 13:00:05,actions-trading,Sim9,001250,seen,,b7165b3a7a90
14927159,2026-10-06 13:00:05,actions-trading,Sim9,226320,seen,,9c1fcf41835f
14927159,2026-10-06 13:00:05,actions-trading,Sim9,353200,seen,,391285ec02a7
14927159,2026-10-06 13:00:05,actions-trading,Sim9,006405,seen,,df676e860c46
14927159,2026-10-06 13:00:05,actions-trading,Sim9,005320,seen,,ab159d0fe83e
14927159,2026-10-06 13:00:05,actions-trading,Sim9,084010,seen,,5dcb82c441a4
14927159,2026-10-06 13:00:05,actions-trading,미너비니,192820,skip,below_pivot,1a3edc29fac6
14927159,2026-10-06 13:00:05,actions-trading,미너비니,443060,skip,below_pivot,1c8b9da0cd65
14927159,2026-10-06 13:00:05,actions-trading,Sim12,003580,skip,pb2_not_crashed,e4bffb987da1
14927159,2026-10-06 13:00:05,actions-trading,Sim12,480370,skip,pb2_not_crashed,3bf5de103740
14927159,2026-10-06 13:00:05,actions-trading,Sim12,462520,skip,avoid_orgn_sell_high_per,23525a518a17
14927159,2026-10-06 13:00:05,actions-trading,Sim12,281820,skip,pb2_not_crashed,5968520173ad
14927159,2026-10-06 13:00:05,actions-trading,Sim12,006110,skip,pb2_not_crashed,7fa7c23dd3c2
14927159,2026-10-06 13:00:05,actions-trading,Sim12,002710,skip,avoid_frgn_sell_20d,e47ed3ab1c92
14927159,2026-10-06 13:00:05,actions-trading,Sim12,000150,skip,avoid_frgn_sell_20d,3157b224cf1a
14927159,2026-10-06 13:00:05,actions-trading,Sim12,066970,skip,pb2_not_crashed,2ac0f7a533bd
14927159,2026-10-06 13:00:05,actions-trading,Sim12,007660,skip,pb2_not_crashed,da6237a85135
14927159,2026-10-06 13:00:05,actions-trading,Sim12,011070,skip,avoid_orgn_sell_high_per,14635df7b196
14927159,2026-10-06 13:00:05,actions-trading,Sim12,007810,skip,pb2_not_crashed,a964c199311d
14927159,2026-10-06 13:00:05,actions-trading,Sim12,006400,skip,pb2_not_crashed,2135af3406c2
14927159,2026-10-06 13:00:05,actions-trading,Sim12,008970,skip,pb2_not_crashed,2042153397a4
14927159,2026-10-06 13:00:05,actions-trading,Sim12,336370,skip,avoid_frgn_sell_20d,74427fa9230e
14927159,2026-10-06 13:00:05,actions-trading,Sim12,018670,skip,avoid_frgn_sell_20d,bd173b8bed66
14927159,2026-10-06 13:00:05,actions-trading,Sim12,298020,skip,avoid_orgn_sell_high_per,fa01d189dfa6
14927159,2026-10-06 13:00:05,actions-trading,Sim12,002820,skip,avoid_deadcat,632a31f6f17d
14927159,2026-10-06 13:00:05,actions-trading,Sim12,066570,skip,pb2_not_crashed,43e9ca16c383
14927159,2026-10-06 13:00:05,actions-trading,Sim12,000157,skip,pb2_thin_liquidity,8e8b75262498
14927159,2026-10-06 13:00:05,actions-trading,Sim12,066575,skip,pb2_not_crashed,f6271ac507f9
14927159,2026-10-06 13:00:05,actions-trading,Sim12,000155,skip,pb2_thin_liquidity,86dc2681e239
14927159,2026-10-06 13:00:05,actions-trading,Sim12,005690,skip,pb2_not_crashed,96aaff632b68
14927159,2026-10-06 13:00:05,actions-trading,Sim12,020150,skip,avoid_frgn_sell_20d,b08e7eacda1f
14927159,2026-10-06 13:00:05,actions-trading,Sim12,063160,skip,avoid_frgn_sell_20d,d37c12215cd5
14927159,2026-10-06 13:00:05,actions-trading,Sim12,001250,skip,pb2_not_crashed,b7165b3a7a90
14927159,2026-10-06 13:00:05,actions-trading,Sim12,226320,skip,pb2_not_crashed,9c1fcf41835f
14927159,2026-10-06 13:00:05,actions-trading,Sim12,353200,skip,avoid_orgn_sell_high_per,391285ec02a7
14927159,2026-10-06 13:00:05,actions-trading,Sim12,006405,skip,pb2_not_crashed,df676e860c46
14927159,2026-10-06 13:00:05,actions-trading,Sim12,005320,skip,pb2_not_crashed,ab159d0fe83e
14927159,2026-10-06 13:00:05,actions-trading,Sim12,084010,skip,avoid_frgn_sell_20d,5dcb82c441a4
14927159,2026-10-06 13:00:05,actions-trading,Sim12,005110,skip,avoid_amount_dry,77c07c851aa6
14927159,2026-10-06 13:00:05,actions-trading,Sim12,015260,skip,pb2_no_inst_buying,bec17a63c343
14927159,2026-10-06 13:00:05,actions-trading,Sim12,001525,skip,avoid_amount_dry,0c3e927c99c4
14927159,2026-10-06 13:00:05,actions-trading,Sim12,020120,skip,pb2_not_crashed,9cf39d980dd2
14927159,2026-10-06 13:00:05,actions-trading,Sim12,004920,skip,pb2_not_crashed,9d1d6cf69ed6
14927159,2026-10-06 13:00:05,actions-trading,Sim12,003010,skip,pb2_not_crashed,34f2b2806c8f
14927159,2026-10-06 13:00:05,actions-trading,Sim12,079550,skip,pb2_not_crashed,1365056221e6
14927159,2026-10-06 13:00:05,actions-trading,Sim12,002870,skip,avoid_amount_dry,b34e4f894bda
14927159,2026-10-06 13:00:05,actions-trading,Sim12,003350,skip,avoid_amount_dry,fedd029128f4
14927159,2026-10-06 13:00:05,actions-trading,Sim12,001380,skip,avoid_frgn_sell_20d,5767062e0d71
14927159,2026-10-06 13:00:05,actions-trading,Sim12,036570,skip,pb2_not_crashed,89cab4f46db6
14927159,2026-10-06 13:00:05,actions-trading,Sim12,051630,skip,avoid_amount_dry,88bfb604104c
14927159,2026-10-06 13:00:05,actions-trading,Sim12,044820,skip,avoid_frgn_sell_20d,01b6228ac026
14927159,2026-10-06 13:00:05,actions-trading,Sim12,084680,skip,avoid_frgn_sell_20d,3b15070a5ec7
14927159,2026-10-06 13:00:05,actions-trading,Sim12,003570,skip,avoid_frgn_sell_20d,f5c24910585a
14927159,2026-10-06 13:00:05,actions-trading,Sim12,002787,skip,avoid_amount_dry,a3b2ce2a0dc1
14927159,2026-10-06 13:00:05,actions-trading,Sim12,014915,skip,pb2_not_crashed,27c444abc472
14927159,2026-10-06 13:00:05,actions-trading,Sim12,002785,skip,pb2_no_inst_buying,4c041bf89cd0
14927159,2026-10-06 13:00:05,actions-trading,Sim12,443060,skip,avoid_amount_dry,1c8b9da0cd65
14927159,2026-10-06 13:00:05,actions-trading,Sim12,465770,skip,avoid_amount_dry,257137b4aa53
14927159,2026-10-06 13:00:05,actions-trading,Sim12,005880,skip,pb2_not_crashed,44509eecb90a
14927159,2026-10-06 13:00:05,actions-trading,Sim12,109070,skip,pb2_not_crashed,401702ce27d3
14927159,2026-10-06 13:00:05,actions-trading,Sim12,100840,skip,avoid_amount_dry,d215d6c5644f
14927159,2026-10-06 13:00:05,actions-trading,Sim12,012450,skip,avoid_amount_dry,498aae9cdcab
14927159,2026-10-06 13:00:05,actions-trading,Sim12,027740,skip,avoid_frgn_sell_20d,b8781a0a00e0
14927159,2026-10-06 13:00:05,actions-trading,Sim12,064350,skip,avoid_frgn_sell_20d,4e76bb342d6f
14927159,2026-10-06 13:00:05,actions-trading,Sim12,071950,skip,pb2_no_inst_buying,acac34532bed
14927159,2026-10-06 13:00:05,actions-trading,Sim12,011300,skip,avoid_amount_dry,969098e680d3
14927159,2026-10-06 13:00:05,actions-trading,Sim12,009190,skip,pb2_no_inst_buying,83f9252e9d4b
14927159,2026-10-06 13:00:05,actions-trading,Sim12,026960,skip,pb2_not_crashed,d831b5c12b18
14927159,2026-10-06 13:00:05,actions-trading,Sim13,003580,skip,theme_momentum_weak,e4bffb987da1
14927159,2026-10-06 13:00:05,actions-trading,Sim13,480370,skip,no_frgn_support,3bf5de103740
14927159,2026-10-06 13:00:05,actions-trading,Sim13,462520,skip,theme_momentum_weak,23525a518a17
14927159,2026-10-06 13:00:05,actions-trading,Sim13,281820,skip,no_frgn_support,5968520173ad
14927159,2026-10-06 13:00:05,actions-trading,Sim13,006110,skip,theme_momentum_weak,7fa7c23dd3c2
14927159,2026-10-06 13:00:05,actions-trading,Sim13,002710,skip,adx_weak,e47ed3ab1c92
14927159,2026-10-06 13:00:05,actions-trading,Sim13,000150,skip,adx_weak,3157b224cf1a
14927159,2026-10-06 13:00:05,actions-trading,Sim13,066970,skip,theme_momentum_weak,2ac0f7a533bd
14927159,2026-10-06 13:00:05,actions-trading,Sim13,007660,skip,adx_weak,da6237a85135
14927159,2026-10-06 13:00:05,actions-trading,Sim13,011070,skip,theme_momentum_weak,14635df7b196
14927159,2026-10-06 13:00:05,actions-trading,Sim13,007810,skip,amount_not_surprised,a964c199311d
14927159,2026-10-06 13:00:05,actions-trading,Sim13,006400,skip,theme_momentum_weak,2135af3406c2
14927159,2026-10-06 13:00:05,actions-trading,Sim13,008970,skip,adx_weak,2042153397a4
14927159,2026-10-06 13:00:05,actions-trading,Sim13,336370,skip,adx_weak,74427fa9230e
14927159,2026-10-06 13:00:05,actions-trading,Sim13,018670,skip,theme_momentum_weak,bd173b8bed66
14927159,2026-10-06 13:00:05,actions-trading,Sim13,298020,skip,theme_momentum_weak,fa01d189dfa6
14927159,2026-10-06 13:00:05,actions-trading,Sim13,002820,skip,theme_momentum_weak,632a31f6f17d
14927159,2026-10-06 13:00:05,actions-trading,Sim13,066570,skip,theme_momentum_weak,43e9ca16c383
14927159,2026-10-06 13:00:05,actions-trading,Sim13,000157,skip,theme_momentum_weak,8e8b75262498
14927159,2026-10-06 13:00:05,actions-trading,Sim13,066575,skip,theme_momentum_weak,f6271ac507f9
14927159,2026-10-06 13:00:05,actions-trading,Sim13,000155,skip,theme_momentum_weak,86dc2681e239
14927159,2026-10-06 13:00:05,actions-trading,Sim13,005690,skip,adx_weak,96aaff632b68
14927159,2026-10-06 13:00:05,actions-trading,Sim13,020150,skip,no_frgn_support,b08e7eacda1f
14927159,2026-10-06 13:00:05,actions-trading,Sim13,063160,skip,theme_momentum_weak,d37c12215cd5
14927159,2026-10-06 13:00:05,actions-trading,Sim13,001250,skip,theme_momentum_weak,b7165b3a7a90
14927159,2026-10-06 13:00:05,actions-trading,Sim13,226320,skip,theme_momentum_weak,9c1fcf41835f
14927159,2026-10-06 13:00:05,actions-trading,Sim13,353200,skip,amount_not_surprised,391285ec02a7
14927159,2026-10-06 13:00:05,actions-trading,Sim13,006405,skip,theme_momentum_weak,df676e860c46
14927159,2026-10-06 13:00:05,actions-trading,Sim13,005320,skip,adx_weak,ab159d0fe83e
14927159,2026-10-06 13:00:05,actions-trading,Sim13,084010,skip,theme_momentum_weak,5dcb82c441a4
14927159,2026-10-06 13:00:05,actions-trading,Sim14,_gate,skip,regime_blocked,e3b0c44298fc
14927159,2026-10-06 13:00:05,actions-trading,Sim15,_gate,skip,already_rebalanced,e3b0c44298fc
14927159,2026-10-06 13:00:05,actions-trading,Sim15,069500,seen,,ee8e7aab3c74
14927159,2026-10-06 13:00:05,actions-trading,Sim15,133690,seen,,10e0d9f74cdf
14927159,2026-10-06 13:00:05,actions-trading,Sim15,148070,seen,,8c7a4378be2e
14927159,2026-10-06 13:00:05,actions-trading,Sim16,_gate,skip,already_rebalanced,e3b0c44298fc
14927159,2026-10-06 13:00:05,actions-trading,Sim16,122630,seen,,25ef808be9d3
14927159,2026-10-06 13:00:05,actions-trading,Sim16,418660,seen,,c8464e117411
14927159,2026-10-06 13:00:05,actions-trading,Sim16,148070,seen,,8c7a4378be2e
14927160,2026-10-06 13:01:23,actions-trading,Sim3,402340,skip,qty_zero,068607b208a8
14927160,2026-10-06 13:01:23,actions-trading,Sim3,383800,skip,amount,40a9e1399142
14927160,2026-10-06 13:01:23,actions-trading,Sim3,462870,skip,amount,1807d18aadcd
14927160,2026-10-06 13:01:23,actions-trading,Sim3,000660,skip,qty_zero,55ebe297a9b3
14927160,2026-10-06 13:01:23,actions-trading,Sim3,071970,skip,cooldown,615b5edf449b
14927160,2026-10-06 13:01:23,actions-trading,Sim3,042700,skip,not_cheap,9eed13e2ca01
14927160,2026-10-06 13:01:23,actions-trading,Sim3,326030,skip,cooldown,45758661e7c0
14927160,2026-10-06 13:01:23,actions-trading,Sim3,207940,skip,not_cheap,9c10f3c74917
14927160,2026-10-06 13:01:23,actions-trading,Sim3,033920,skip,amount,a18b5d87d203
14927160,2026-10-06 13:01:23,actions-trading,Sim3,004770,skip,amount,8244f61137c4
14927160,2026-10-06 13:01:23,actions-trading,Sim3,0126Z0,skip,not_cheap,0ec569ba1ace
14927160,2026-10-06 13:01:23,actions-trading,Sim3,062040,skip,not_cheap,c0d025a1e3d6
14927160,2026-10-06 13:01:23,actions-trading,Sim3,317450,skip,amount,a17640cabc6f
14927160,2026-10-06 13:01:23,actions-trading,Sim3,026960,skip,amount,df258897734f
14927160,2026-10-06 13:01:23,actions-trading,Sim3,021820,skip,amount,b0c217d7c894
14927160,2026-10-06 13:01:23,actions-trading,Sim3,192080,skip,amount,56ae237be335
14927160,2026-10-06 13:01:23,actions-trading,Sim3,068270,skip,cooldown,f9c956365e82
14927160,2026-10-06 13:01:23,actions-trading,Sim3,123890,skip,amount,35958bce1e9b
14927160,2026-10-06 13:01:23,actions-trading,Sim3,000240,skip,amount,3162fabd463c
14927160,2026-10-06 13:01:23,actions-trading,Sim3,002380,skip,amount,4a793a79b825
14927160,2026-10-06 13:01:23,actions-trading,Sim3,009770,skip,amount,777ccc54b06d
14927160,2026-10-06 13:01:23,actions-trading,Sim3,259960,skip,cooldown,b5800efa6655
14927160,2026-10-06 13:01:23,actions-trading,Sim3,035250,skip,amount,b0a17e1ec8ef
14927160,2026-10-06 13:01:23,actions-trading,Sim3,383220,skip,amount,14af91d1ce2e
14927160,2026-10-06 13:01:23,actions-trading,Sim3,226320,skip,amount,dc3e956c1ebf
14927160,2026-10-06 13:01:23,actions-trading,Sim3,439260,skip,amount,77710b0dc05f
14927160,2026-10-06 13:01:23,actions-trading,Sim3,025560,skip,cooldown,6b781094d6ac
14927160,2026-10-06 13:01:23,actions-trading,Sim3,007700,skip,amount,b625a1346b03
14927160,2026-10-06 13:01:23,actions-trading,Sim3,278470,skip,not_cheap,6f83447bf375
14927160,2026-10-06 13:01:23,actions-trading,Sim3,000990,skip,not_cheap,61bc47a71891
14927160,2026-10-06 13:01:59,actions-trading,MFHS2,018880,skip,max_holdings,2323915b5a69
14927160,2026-10-06 13:01:59,actions-trading,MFHS2,047040,seen,,eb1c20aa9ccf
14927160,2026-10-06 13:01:59,actions-trading,MFHS2,007660,seen,,990aaac4936f
14927160,2026-10-06 13:01:59,actions-trading,MFHS2,066570,seen,,be5b336efbf9
14927160,2026-10-06 13:01:59,actions-trading,MFHS2,005690,seen,,ab26f81c7ab6
14927160,2026-10-06 13:01:59,actions-trading,MFHS2,002710,seen,,ba830f58aa82
14927160,2026-10-06 13:01:59,actions-trading,MFHS2,006800,seen,,672d5b699c14
14927160,2026-10-06 13:01:59,actions-trading,MFHS2,025560,seen,,a1420423b46f
14927160,2026-10-06 13:01:59,actions-trading,MFHS2,088350,seen,,ddc0f8e0c0e6
14927160,2026-10-06 13:01:59,actions-trading,MFHS2,005360,seen,,c814c828bde7
14927160,2026-10-06 13:01:59,actions-trading,MFHS2,0220W0,seen,,85243c9b86ce
14927160,2026-10-06 13:01:59,actions-trading,MFHS2,009150,seen,,ef2352e035f0
14927160,2026-10-06 13:01:59,actions-trading,MFHS2,460860,seen,,eadc7f287bde
14927160,2026-10-06 13:01:59,actions-trading,MFHS2,011070,seen,,5888e13070a3
14927160,2026-10-06 13:01:59,actions-trading,MFHS2,006400,seen,,51070ce3f1da
14927160,2026-10-06 13:01:59,actions-trading,MFHS2,009190,seen,,33173f0c09d3
14927160,2026-10-06 13:01:59,actions-trading,MFHS2,001230,seen,,a0688494b6eb
14927160,2026-10-06 13:01:59,actions-trading,MFHS2,452260,seen,,ae228b43be59
14927160,2026-10-06 13:01:59,actions-trading,MFHS2,003620,seen,,c9891e4fee30
14927160,2026-10-06 13:01:59,actions-trading,MFHS2,028050,seen,,d1199bab171a
14927160,2026-10-06 13:01:59,actions-trading,MFHS2,317400,seen,,52a47ee9df32
14927160,2026-10-06 13:01:59,actions-trading,MFHS2,001510,seen,,7801eb5c90d2
14927160,2026-10-06 13:01:59,actions-trading,MFHS2,010120,seen,,9c783906567d
14927160,2026-10-06 13:01:59,actions-trading,MFHS2,015260,seen,,c2e6de432efa
14927160,2026-10-06 13:01:59,actions-trading,MFHS2,090460,seen,,224c02314aac
14927160,2026-10-06 13:01:59,actions-trading,MFHS2,022100,seen,,18946249bfd0
14927160,2026-10-06 13:01:59,actions-trading,MFHS2,002990,seen,,f5c6115513b6
14927160,2026-10-06 13:01:59,actions-trading,MFHS2,279570,seen,,bbf2566d9764
14927160,2026-10-06 13:01:59,actions-trading,MFHS2,002700,seen,,0fe2a7d3b63d
14927160,2026-10-06 13:01:59,actions-trading,MFHS2,004020,seen,,f1fa1bc28aee
14927160,2026-10-06 13:02:00,actions-trading,상승모멘텀,003580,skip,adx_high,c8fcf6bd44f4
14927160,2026-10-06 13:02:00,actions-trading,상승모멘텀,480370,skip,adx_high,33dd8e9afab6
14927160,2026-10-06 13:02:00,actions-trading,상승모멘텀,006110,skip,adx_high,b2ee55d9903c
14927160,2026-10-06 13:02:00,actions-trading,상승모멘텀,281820,skip,adx_high,84b641e59d9b
14927160,2026-10-06 13:02:00,actions-trading,상승모멘텀,462520,skip,period,6e21f5b53e9d
14927160,2026-10-06 13:02:00,actions-trading,상승모멘텀,002710,skip,tick,ba830f58aa82
14927160,2026-10-06 13:02:00,actions-trading,상승모멘텀,000150,skip,adx_high,8ee51f3a4ab1
14927160,2026-10-06 13:02:00,actions-trading,상승모멘텀,066970,skip,adx_low,11fc01f5778d
14927160,2026-10-06 13:02:00,actions-trading,상승모멘텀,011070,skip,adx_low,5888e13070a3
14927160,2026-10-06 13:02:00,actions-trading,상승모멘텀,007660,skip,held_or_sold_today,990aaac4936f
14927160,2026-10-06 13:02:00,actions-trading,상승모멘텀,008970,skip,tick,4cfbbe31f789
14927160,2026-10-06 13:02:00,actions-trading,상승모멘텀,018670,skip,period,0abecc06aea1
14927160,2026-10-06 13:02:00,actions-trading,상승모멘텀,005030,skip,amount,18033d31360b
14927160,2026-10-06 13:02:00,actions-trading,상승모멘텀,006400,skip,adx_low,51070ce3f1da
14927160,2026-10-06 13:02:00,actions-trading,상승모멘텀,336370,skip,adx_high,85e98aa88a9e
14927160,2026-10-06 13:02:00,actions-trading,상승모멘텀,007810,skip,adx_high,1f7ed2bc34c8
14927160,2026-10-06 13:02:00,actions-trading,상승모멘텀,002820,skip,amount,ab3230997744
14927160,2026-10-06 13:02:00,actions-trading,상승모멘텀,298020,skip,adx_high,200f2df17bed
14927160,2026-10-06 13:02:00,actions-trading,상승모멘텀,066570,skip,adx_low,be5b336efbf9
14927160,2026-10-06 13:02:00,actions-trading,상승모멘텀,000157,skip,amount,042c9152185f
14927160,2026-10-06 13:02:00,actions-trading,상승모멘텀,066575,skip,adx_high,cb6531b78a66
14927160,2026-10-06 13:02:00,actions-trading,상승모멘텀,000155,skip,adx_high,54430ecd2287
14927160,2026-10-06 13:02:00,actions-trading,상승모멘텀,005690,skip,period,ab26f81c7ab6
14927160,2026-10-06 13:02:00,actions-trading,상승모멘텀,063160,skip,amount,c98133d90d97
14927160,2026-10-06 13:02:00,actions-trading,상승모멘텀,020150,skip,held_or_sold_today,e55864255df0
14927160,2026-10-06 13:02:00,actions-trading,상승모멘텀,005320,skip,amount,5c982b500e46
14927160,2026-10-06 13:02:00,actions-trading,상승모멘텀,353200,skip,adx_high,7252feba3298
14927160,2026-10-06 13:02:00,actions-trading,상승모멘텀,006405,skip,amount,336a6a7b55f3
14927160,2026-10-06 13:02:00,actions-trading,상승모멘텀,001250,skip,adx_high,40421c100348
14927160,2026-10-06 13:02:00,actions-trading,상승모멘텀,084010,skip,amount,cf70ba579a6f
14927160,2026-10-06 13:02:00,actions-trading,Sim6,_gate,skip,already_rebalanced,e3b0c44298fc
14927160,2026-10-06 13:02:00,actions-trading,Sim6,069500,seen,,d5c8daa66da7
14927160,2026-10-06 13:02:00,actions-trading,Sim6,360750,seen,,4a7765177b76
14927160,2026-10-06 13:02:00,actions-trading,Sim6,148070,seen,,b28277c6361d
14927160,2026-10-06 13:02:00,actions-trading,Sim6,411060,seen,,cbe7c607ee40
14927160,2026-10-06 13:02:00,actions-trading,Sim6,305080,seen,,cc440afd4ee1
14927160,2026-10-06 13:02:00,actions-trading,Sim6,357870,seen,,7d1d32cd297b
14927160,2026-10-06 13:02:01,actions-trading,Sim4-1,003580,skip,adx_high,c8fcf6bd44f4
14927160,2026-10-06 13:02:01,actions-trading,Sim4-1,480370,skip,adx_high,33dd8e9afab6
14927160,2026-10-06 13:02:01,actions-trading,Sim4-1,006110,skip,adx_high,b2ee55d9903c
14927160,2026-10-06 13:02:01,actions-trading,Sim4-1,281820,skip,adx_high,84b641e59d9b
14927160,2026-10-06 13:02:01,actions-trading,Sim4-1,462520,skip,period,6e21f5b53e9d
14927160,2026-10-06 13:02:01,actions-trading,Sim4-1,002710,skip,held_or_cooldown,ba830f58aa82
14927160,2026-10-06 13:02:01,actions-trading,Sim4-1,000150,skip,adx_high,8ee51f3a4ab1
14927160,2026-10-06 13:02:01,actions-trading,Sim4-1,066970,skip,adx_low,11fc01f5778d
14927160,2026-10-06 13:02:01,actions-trading,Sim4-1,011070,skip,adx_low,5888e13070a3
14927160,2026-10-06 13:02:01,actions-trading,Sim4-1,007660,skip,held_or_cooldown,990aaac4936f
14927160,2026-10-06 13:02:01,actions-trading,Sim4-1,008970,skip,held_or_cooldown,4cfbbe31f789
14927160,2026-10-06 13:02:01,actions-trading,Sim4-1,018670,skip,period,0abecc06aea1
14927160,2026-10-06 13:02:01,actions-trading,Sim4-1,005030,skip,amount,18033d31360b
14927160,2026-10-06 13:02:01,actions-trading,Sim4-1,006400,skip,adx_low,51070ce3f1da
14927160,2026-10-06 13:02:01,actions-trading,Sim4-1,336370,skip,adx_high,85e98aa88a9e
14927160,2026-10-06 13:02:01,actions-trading,Sim4-1,007810,skip,adx_high,1f7ed2bc34c8
14927160,2026-10-06 13:02:01,actions-trading,Sim4-1,002820,skip,amount,ab3230997744
14927160,2026-10-06 13:02:01,actions-trading,Sim4-1,298020,skip,adx_high,200f2df17bed
14927160,2026-10-06 13:02:01,actions-trading,Sim4-1,066570,skip,adx_low,be5b336efbf9
14927160,2026-10-06 13:02:01,actions-trading,Sim4-1,000157,skip,amount,042c9152185f
14927160,2026-10-06 13:02:01,actions-trading,Sim4-1,066575,skip,adx_high,cb6531b78a66
14927160,2026-10-06 13:02:01,actions-trading,Sim4-1,000155,skip,adx_high,54430ecd2287
14927160,2026-10-06 13:02:01,actions-trading,Sim4-1,005690,skip,period,ab26f81c7ab6
14927160,2026-10-06 13:02:01,actions-trading,Sim4-1,063160,skip,amount,c98133d90d97
14927160,2026-10-06 13:02:01,actions-trading,Sim4-1,020150,skip,held_or_cooldown,e55864255df0
14927160,2026-10-06 13:02:01,actions-trading,Sim4-1,005320,skip,amount,5c982b500e46
14927160,2026-10-06 13:02:01,actions-trading,Sim4-1,353200,skip,adx_high,7252feba3298
14927160,2026-10-06 13:02:01,actions-trading,Sim4-1,006405,skip,amount,336a6a7b55f3
14927160,2026-10-06 13:02:01,actions-trading,Sim4-1,001250,skip,adx_high,40421c100348
14927160,2026-10-06 13:02:01,actions-trading,Sim4-1,084010,skip,amount,cf70ba579a6f
14927160,2026-10-06 13:02:03,actions-trading,선행매집,018880,skip,below_anchor,2323915b5a69
14927160,2026-10-06 13:02:03,actions-trading,선행매집,047040,skip,below_anchor,eb1c20aa9ccf
14927160,2026-10-06 13:02:03,actions-trading,선행매집,007660,skip,below_anchor,990aaac4936f
14927160,2026-10-06 13:02:03,actions-trading,선행매집,066570,skip,below_anchor,be5b336efbf9
14927160,2026-10-06 13:02:03,actions-trading,선행매집,002710,skip,below_anchor,ba830f58aa82
14927160,2026-10-06 13:02:03,actions-trading,선행매집,005930,skip,below_anchor,94cd3822b8c1
14927160,2026-10-06 13:02:03,actions-trading,선행매집,006800,skip,below_anchor,672d5b699c14
14927160,2026-10-06 13:02:03,actions-trading,선행매집,005690,skip,below_anchor,ab26f81c7ab6
14927160,2026-10-06 13:02:03,actions-trading,선행매집,025560,skip,below_anchor,a1420423b46f
14927160,2026-10-06 13:02:03,actions-trading,선행매집,088350,skip,below_anchor,ddc0f8e0c0e6
14927160,2026-10-06 13:02:03,actions-trading,선행매집,336370,skip,below_anchor,85e98aa88a9e
14927160,2026-10-06 13:02:03,actions-trading,선행매집,006400,skip,below_anchor,51070ce3f1da
14927160,2026-10-06 13:02:03,actions-trading,선행매집,0220W0,skip,below_anchor,85243c9b86ce
14927160,2026-10-06 13:02:03,actions-trading,선행매집,005360,skip,amount,c814c828bde7
14927160,2026-10-06 13:02:03,actions-trading,선행매집,009150,skip,below_anchor,ef2352e035f0
14927160,2026-10-06 13:02:03,actions-trading,선행매집,460860,skip,below_anchor,eadc7f287bde
14927160,2026-10-06 13:02:03,actions-trading,선행매집,011070,skip,below_anchor,5888e13070a3
14927160,2026-10-06 13:02:03,actions-trading,선행매집,009190,skip,below_anchor,33173f0c09d3
14927160,2026-10-06 13:02:03,actions-trading,선행매집,003620,skip,below_anchor,c9891e4fee30
14927160,2026-10-06 13:02:03,actions-trading,선행매집,001230,skip,amount,a0688494b6eb
14927160,2026-10-06 13:02:03,actions-trading,선행매집,452260,skip,below_anchor,ae228b43be59
14927160,2026-10-06 13:02:03,actions-trading,선행매집,192650,skip,sold_or_cooldown,d1dec1cd7521
14927160,2026-10-06 13:02:03,actions-trading,선행매집,022100,skip,below_anchor,18946249bfd0
14927160,2026-10-06 13:02:03,actions-trading,선행매집,028050,skip,below_anchor,d1199bab171a
14927160,2026-10-06 13:02:03,actions-trading,선행매집,010120,skip,below_anchor,9c783906567d
14927160,2026-10-06 13:02:03,actions-trading,선행매집,015260,skip,amount,c2e6de432efa
14927160,2026-10-06 13:02:03,actions-trading,선행매집,002990,skip,below_anchor,f5c6115513b6
14927160,2026-10-06 13:02:03,actions-trading,선행매집,001510,skip,below_anchor,7801eb5c90d2
14927160,2026-10-06 13:02:03,actions-trading,선행매집,279570,skip,below_anchor,bbf2566d9764
14927160,2026-10-06 13:02:03,actions-trading,선행매집,005320,skip,amount,5c982b500e46
14927160,2026-10-06 13:02:03,actions-trading,Sim9,_gate,skip,outside_entry_window,e3b0c44298fc
14927160,2026-10-06 13:02:03,actions-trading,Sim9,003580,seen,,c8fcf6bd44f4
14927160,2026-10-06 13:02:03,actions-trading,Sim9,480370,seen,,33dd8e9afab6
14927160,2026-10-06 13:02:03,actions-trading,Sim9,006110,seen,,b2ee55d9903c
14927160,2026-10-06 13:02:03,actions-trading,Sim9,281820,seen,,84b641e59d9b
14927160,2026-10-06 13:02:03,actions-trading,Sim9,462520,seen,,6e21f5b53e9d
14927160,2026-10-06 13:02:03,actions-trading,Sim9,002710,seen,,ba830f58aa82
14927160,2026-10-06 13:02:03,actions-trading,Sim9,000150,seen,,8ee51f3a4ab1
14927160,2026-10-06 13:02:03,actions-trading,Sim9,066970,seen,,11fc01f5778d
14927160,2026-10-06 13:02:03,actions-trading,Sim9,011070,seen,,5888e13070a3
14927160,2026-10-06 13:02:03,actions-trading,Sim9,007660,seen,,990aaac4936f
14927160,2026-10-06 13:02:03,actions-trading,Sim9,008970,seen,,4cfbbe31f789
14927160,2026-10-06 13:02:03,actions-trading,Sim9,018670,seen,,0abecc06aea1
14927160,2026-10-06 13:02:03,actions-trading,Sim9,005030,seen,,18033d31360b
14927160,2026-10-06 13:02:03,actions-trading,Sim9,006400,seen,,51070ce3f1da
14927160,2026-10-06 13:02:03,actions-trading,Sim9,336370,seen,,85e98aa88a9e
14927160,2026-10-06 13:02:03,actions-trading,Sim9,007810,seen,,1f7ed2bc34c8
14927160,2026-10-06 13:02:03,actions-trading,Sim9,002820,seen,,ab3230997744
14927160,2026-10-06 13:02:03,actions-trading,Sim9,298020,seen,,200f2df17bed
14927160,2026-10-06 13:02:03,actions-trading,Sim9,066570,seen,,be5b336efbf9
14927160,2026-10-06 13:02:03,actions-trading,Sim9,000157,seen,,042c9152185f
14927160,2026-10-06 13:02:03,actions-trading,Sim9,066575,seen,,cb6531b78a66
14927160,2026-10-06 13:02:03,actions-trading,Sim9,000155,seen,,54430ecd2287
14927160,2026-10-06 13:02:03,actions-trading,Sim9,005690,seen,,ab26f81c7ab6
14927160,2026-10-06 13:02:03,actions-trading,Sim9,063160,seen,,c98133d90d97
14927160,2026-10-06 13:02:03,actions-trading,Sim9,020150,seen,,e55864255df0
14927160,2026-10-06 13:02:03,actions-trading,Sim9,005320,seen,,5c982b500e46
14927160,2026-10-06 13:02:03,actions-trading,Sim9,353200,seen,,7252feba3298
14927160,2026-10-06 13:02:03,actions-trading,Sim9,006405,seen,,336a6a7b55f3
14927160,2026-10-06 13:02:03,actions-trading,Sim9,001250,seen,,40421c100348
14927160,2026-10-06 13:02:03,actions-trading,Sim9,084010,seen,,cf70ba579a6f
14927160,2026-10-06 13:02:03,actions-trading,미너비니,192820,skip,below_pivot,ac1f590c46c7
14927160,2026-10-06 13:02:03,actions-trading,미너비니,443060,skip,below_pivot,cf94943479e8
14927160,2026-10-06 13:02:03,actions-trading,Sim12,003580,skip,pb2_not_crashed,c8fcf6bd44f4
14927160,2026-10-06 13:02:03,actions-trading,Sim12,480370,skip,pb2_not_crashed,33dd8e9afab6
14927160,2026-10-06 13:02:03,actions-trading,Sim12,006110,skip,pb2_not_crashed,b2ee55d9903c
14927160,2026-10-06 13:02:03,actions-trading,Sim12,281820,skip,pb2_not_crashed,84b641e59d9b
14927160,2026-10-06 13:02:03,actions-trading,Sim12,462520,skip,avoid_orgn_sell_high_per,6e21f5b53e9d
14927160,2026-10-06 13:02:03,actions-trading,Sim12,002710,skip,avoid_frgn_sell_20d,ba830f58aa82
14927160,2026-10-06 13:02:03,actions-trading,Sim12,000150,skip,avoid_frgn_sell_20d,8ee51f3a4ab1
14927160,2026-10-06 13:02:03,actions-trading,Sim12,066970,skip,pb2_not_crashed,11fc01f5778d
14927160,2026-10-06 13:02:03,actions-trading,Sim12,011070,skip,avoid_orgn_sell_high_per,5888e13070a3
14927160,2026-10-06 13:02:03,actions-trading,Sim12,007660,skip,pb2_not_crashed,990aaac4936f
14927160,2026-10-06 13:02:03,actions-trading,Sim12,008970,skip,pb2_not_crashed,4cfbbe31f789
14927160,2026-10-06 13:02:03,actions-trading,Sim12,018670,skip,avoid_frgn_sell_20d,0abecc06aea1
14927160,2026-10-06 13:02:03,actions-trading,Sim12,005030,skip,avoid_amount_dry,18033d31360b
14927160,2026-10-06 13:02:03,actions-trading,Sim12,006400,skip,pb2_not_crashed,51070ce3f1da
14927160,2026-10-06 13:02:03,actions-trading,Sim12,336370,skip,avoid_frgn_sell_20d,85e98aa88a9e
14927160,2026-10-06 13:02:03,actions-trading,Sim12,007810,skip,pb2_not_crashed,1f7ed2bc34c8
14927160,2026-10-06 13:02:03,actions-trading,Sim12,002820,skip,avoid_deadcat,ab3230997744
14927160,2026-10-06 13:02:03,actions-trading,Sim12,298020,skip,avoid_orgn_sell_high_per,200f2df17bed
14927160,2026-10-06 13:02:03,actions-trading,Sim12,066570,skip,pb2_not_crashed,be5b336efbf9
14927160,2026-10-06 13:02:03,actions-trading,Sim12,000157,skip,pb2_thin_liquidity,042c9152185f
14927160,2026-10-06 13:02:03,actions-trading,Sim12,066575,skip,pb2_not_crashed,cb6531b78a66
14927160,2026-10-06 13:02:03,actions-trading,Sim12,000155,skip,pb2_thin_liquidity,54430ecd2287
14927160,2026-10-06 13:02:03,actions-trading,Sim12,005690,skip,pb2_not_crashed,ab26f81c7ab6
14927160,2026-10-06 13:02:03,actions-trading,Sim12,063160,skip,avoid_frgn_sell_20d,c98133d90d97
14927160,2026-10-06 13:02:03,actions-trading,Sim12,020150,skip,avoid_frgn_sell_20d,e55864255df0
14927160,2026-10-06 13:02:03,actions-trading,Sim12,005320,skip,pb2_not_crashed,5c982b500e46
14927160,2026-10-06 13:02:03,actions-trading,Sim12,353200,skip,avoid_orgn_sell_high_per,7252feba3298
14927160,2026-10-06 13:02:03,actions-trading,Sim12,006405,skip,pb2_not_crashed,336a6a7b55f3
14927160,2026-10-06 13:02:03,actions-trading,Sim12,001250,skip,pb2_not_crashed,40421c100348
14927160,2026-10-06 13:02:03,actions-trading,Sim12,084010,skip,avoid_frgn_sell_20d,cf70ba579a6f
14927160,2026-10-06 13:02:03,actions-trading,Sim12,005110,skip,avoid_amount_dry,914b6555b8ba
14927160,2026-10-06 13:02:03,actions-trading,Sim12,015260,skip,pb2_no_inst_buying,c2e6de432efa
14927160,2026-10-06 13:02:03,actions-trading,Sim12,020120,skip,pb2_not_crashed,1377f512ef0e
14927160,2026-10-06 13:02:03,actions-trading,Sim12,004920,skip,pb2_not_crashed,b6433e5f875b
14927160,2026-10-06 13:02:03,actions-trading,Sim12,001525,skip,avoid_amount_dry,65967eaa8037
14927160,2026-10-06 13:02:03,actions-trading,Sim12,003010,skip,pb2_not_crashed,b78c0de52460
14927160,2026-10-06 13:02:03,actions-trading,Sim12,002870,skip,avoid_amount_dry,30bea4a7b0c9
14927160,2026-10-06 13:02:03,actions-trading,Sim12,079550,skip,pb2_not_crashed,4efef9880c7b
14927160,2026-10-06 13:02:03,actions-trading,Sim12,003350,skip,avoid_amount_dry,2ba689c253ba
14927160,2026-10-06 13:02:03,actions-trading,Sim12,014915,skip,pb2_not_crashed,349afb6fc194
14927160,2026-10-06 13:02:03,actions-trading,Sim12,001380,skip,avoid_frgn_sell_20d,39eb38cc441e
14927160,2026-10-06 13:02:03,actions-trading,Sim12,003570,skip,avoid_frgn_sell_20d,c30eca1c2950
14927160,2026-10-06 13:02:03,actions-trading,Sim12,044820,skip,avoid_frgn_sell_20d,c54089096bd8
14927160,2026-10-06 13:02:03,actions-trading,Sim12,036570,skip,pb2_not_crashed,a809c694be39
14927160,2026-10-06 13:02:03,actions-trading,Sim12,084680,skip,avoid_frgn_sell_20d,76e26745e976
14927160,2026-10-06 13:02:03,actions-trading,Sim12,002787,skip,avoid_amount_dry,edd7a384e62b
14927160,2026-10-06 13:02:03,actions-trading,Sim12,071950,skip,pb2_no_inst_buying,664ac2fb88f2
14927160,2026-10-06 13:02:03,actions-trading,Sim12,002785,skip,pb2_no_inst_buying,e4fdd2ca22c5
14927160,2026-10-06 13:02:03,actions-trading,Sim12,051630,skip,avoid_amount_dry,13e15b7cb21f
14927160,2026-10-06 13:02:03,actions-trading,Sim12,443060,skip,avoid_amount_dry,cf94943479e8
14927160,2026-10-06 13:02:03,actions-trading,Sim12,465770,skip,avoid_amount_dry,51df5da31e76
14927160,2026-10-06 13:02:03,actions-trading,Sim12,005880,skip,pb2_not_crashed,f97d850c2ef1
14927160,2026-10-06 13:02:03,actions-trading,Sim12,100840,skip,avoid_amount_dry,2efb6024ccb0
14927160,2026-10-06 13:02:03,actions-trading,Sim12,109070,skip,pb2_not_crashed,401702ce27d3
14927160,2026-10-06 13:02:03,actions-trading,Sim12,027740,skip,avoid_frgn_sell_20d,b8781a0a00e0
14927160,2026-10-06 13:02:03,actions-trading,Sim12,012450,skip,avoid_amount_dry,bf416134b382
14927160,2026-10-06 13:02:03,actions-trading,Sim12,009190,skip,pb2_no_inst_buying,33173f0c09d3
14927160,2026-10-06 13:02:03,actions-trading,Sim12,064350,skip,avoid_frgn_sell_20d,756dbf432172
14927160,2026-10-06 13:02:03,actions-trading,Sim12,011300,skip,avoid_amount_dry,969098e680d3
14927160,2026-10-06 13:02:03,actions-trading,Sim12,088790,skip,avoid_amount_dry,ae2b66a4612a
14927160,2026-10-06 13:02:03,actions-trading,Sim13,003580,skip,theme_momentum_weak,c8fcf6bd44f4
14927160,2026-10-06 13:02:03,actions-trading,Sim13,480370,skip,no_frgn_support,33dd8e9afab6
14927160,2026-10-06 13:02:03,actions-trading,Sim13,006110,skip,theme_momentum_weak,b2ee55d9903c
14927160,2026-10-06 13:02:03,actions-trading,Sim13,281820,skip,no_frgn_support,84b641e59d9b
14927160,2026-10-06 13:02:03,actions-trading,Sim13,462520,skip,theme_momentum_weak,6e21f5b53e9d
14927160,2026-10-06 13:02:03,actions-trading,Sim13,002710,skip,adx_weak,ba830f58aa82
14927160,2026-10-06 13:02:03,actions-trading,Sim13,000150,skip,adx_weak,8ee51f3a4ab1
14927160,2026-10-06 13:02:03,actions-trading,Sim13,066970,skip,theme_momentum_weak,11fc01f5778d
14927160,2026-10-06 13:02:03,actions-trading,Sim13,011070,skip,theme_momentum_weak,5888e13070a3
14927160,2026-10-06 13:02:03,actions-trading,Sim13,007660,skip,adx_weak,990aaac4936f
14927160,2026-10-06 13:02:03,actions-trading,Sim13,008970,skip,adx_weak,4cfbbe31f789
14927160,2026-10-06 13:02:03,actions-trading,Sim13,018670,skip,theme_momentum_weak,0abecc06aea1
14927160,2026-10-06 13:02:03,actions-trading,Sim13,005030,skip,theme_momentum_weak,18033d31360b
14927160,2026-10-06 13:02:03,actions-trading,Sim13,006400,skip,theme_momentum_weak,51070ce3f1da
14927160,2026-10-06 13:02:03,actions-trading,Sim13,336370,skip,adx_weak,85e98aa88a9e
14927160,2026-10-06 13:02:03,actions-trading,Sim13,007810,skip,amount_not_surprised,1f7ed2bc34c8
14927160,2026-10-06 13:02:03,actions-trading,Sim13,002820,skip,theme_momentum_weak,ab3230997744
14927160,2026-10-06 13:02:03,actions-trading,Sim13,298020,skip,theme_momentum_weak,200f2df17bed
14927160,2026-10-06 13:02:03,actions-trading,Sim13,066570,skip,theme_momentum_weak,be5b336efbf9
14927160,2026-10-06 13:02:03,actions-trading,Sim13,000157,skip,theme_momentum_weak,042c9152185f
14927160,2026-10-06 13:02:03,actions-trading,Sim13,066575,skip,theme_momentum_weak,cb6531b78a66
14927160,2026-10-06 13:02:03,actions-trading,Sim13,000155,skip,theme_momentum_weak,54430ecd2287
14927160,2026-10-06 13:02:03,actions-trading,Sim13,005690,skip,adx_weak,ab26f81c7ab6
14927160,2026-10-06 13:02:03,actions-trading,Sim13,063160,skip,theme_momentum_weak,c98133d90d97
14927160,2026-10-06 13:02:03,actions-trading,Sim13,020150,skip,no_frgn_support,e55864255df0
14927160,2026-10-06 13:02:03,actions-trading,Sim13,005320,skip,adx_weak,5c982b500e46
14927160,2026-10-06 13:02:03,actions-trading,Sim13,353200,skip,amount_not_surprised,7252feba3298
14927160,2026-10-06 13:02:03,actions-trading,Sim13,006405,skip,theme_momentum_weak,336a6a7b55f3
14927160,2026-10-06 13:02:03,actions-trading,Sim13,001250,skip,theme_momentum_weak,40421c100348
14927160,2026-10-06 13:02:03,actions-trading,Sim13,084010,skip,theme_momentum_weak,cf70ba579a6f
14927160,2026-10-06 13:02:03,actions-trading,Sim14,_gate,skip,regime_blocked,e3b0c44298fc
14927160,2026-10-06 13:02:03,actions-trading,Sim15,_gate,skip,already_rebalanced,e3b0c44298fc
14927160,2026-10-06 13:02:03,actions-trading,Sim15,069500,seen,,d5c8daa66da7
14927160,2026-10-06 13:02:03,actions-trading,Sim15,133690,seen,,dd4021aa9750
14927160,2026-10-06 13:02:03,actions-trading,Sim15,148070,seen,,b28277c6361d
14927160,2026-10-06 13:02:03,actions-trading,Sim16,_gate,skip,already_rebalanced,e3b0c44298fc
14927160,2026-10-06 13:02:03,actions-trading,Sim16,122630,seen,,dde9b0e01ca6
14927160,2026-10-06 13:02:03,actions-trading,Sim16,418660,seen,,c6842e2d5a73
14927160,2026-10-06 13:02:03,actions-trading,Sim16,148070,seen,,b28277c6361d
14927161,2026-10-06 13:03:11,actions-trading,Sim3,402340,skip,qty_zero,b5b5a4bbb2f9
14927161,2026-10-06 13:03:11,actions-trading,Sim3,383800,skip,amount,acff109424a8
14927161,2026-10-06 13:03:11,actions-trading,Sim3,462870,skip,amount,661ac2eb25bd
14927161,2026-10-06 13:03:11,actions-trading,Sim3,000660,skip,qty_zero,df3ef7971553
14927161,2026-10-06 13:03:11,actions-trading,Sim3,071970,skip,cooldown,3264128a5f88
14927161,2026-10-06 13:03:11,actions-trading,Sim3,042700,skip,not_cheap,b0334c0869a6
14927161,2026-10-06 13:03:11,actions-trading,Sim3,326030,skip,cooldown,c7507e1e1ee5
14927161,2026-10-06 13:03:11,actions-trading,Sim3,207940,skip,not_cheap,798d7b198335
14927161,2026-10-06 13:03:11,actions-trading,Sim3,033920,skip,amount,a18b5d87d203
14927161,2026-10-06 13:03:11,actions-trading,Sim3,004770,skip,amount,c0c8b86b698d
14927161,2026-10-06 13:03:11,actions-trading,Sim3,0126Z0,skip,not_cheap,1804116e0ce6
14927161,2026-10-06 13:03:11,actions-trading,Sim3,062040,skip,not_cheap,5b2e179f151e
14927161,2026-10-06 13:03:11,actions-trading,Sim3,317450,skip,amount,ed15c1bd5a5f
14927161,2026-10-06 13:03:11,actions-trading,Sim3,026960,skip,amount,c2945a29b089
14927161,2026-10-06 13:03:11,actions-trading,Sim3,021820,skip,amount,ad2991b70ac6
14927161,2026-10-06 13:03:11,actions-trading,Sim3,192080,skip,amount,635d1b93d53b
14927161,2026-10-06 13:03:11,actions-trading,Sim3,068270,skip,cooldown,7ca23721b891
14927161,2026-10-06 13:03:11,actions-trading,Sim3,123890,skip,amount,35958bce1e9b
14927161,2026-10-06 13:03:11,actions-trading,Sim3,000240,skip,amount,d2c049d4d024
14927161,2026-10-06 13:03:11,actions-trading,Sim3,002380,skip,amount,6c4dac1d6d63
14927161,2026-10-06 13:03:11,actions-trading,Sim3,009770,skip,amount,777ccc54b06d
14927161,2026-10-06 13:03:11,actions-trading,Sim3,259960,skip,cooldown,dd3d401b58a8
14927161,2026-10-06 13:03:11,actions-trading,Sim3,035250,skip,amount,4c5769af6eb1
14927161,2026-10-06 13:03:11,actions-trading,Sim3,383220,skip,amount,fdbf6f00deff
14927161,2026-10-06 13:03:11,actions-trading,Sim3,226320,skip,amount,fd9316b2fd0c
14927161,2026-10-06 13:03:11,actions-trading,Sim3,439260,skip,amount,760c98d42709
14927161,2026-10-06 13:03:11,actions-trading,Sim3,025560,skip,cooldown,5dba5033baa8
14927161,2026-10-06 13:03:11,actions-trading,Sim3,007700,skip,amount,b625a1346b03
14927161,2026-10-06 13:03:11,actions-trading,Sim3,278470,skip,not_cheap,c1d1f7d3f0eb
14927161,2026-10-06 13:03:11,actions-trading,Sim3,000990,skip,not_cheap,0ba420ae1a80
14927161,2026-10-06 13:03:50,actions-trading,MFHS2,018880,skip,max_holdings,96f4cf78115f
14927161,2026-10-06 13:03:50,actions-trading,MFHS2,047040,seen,,84af90819d2d
14927161,2026-10-06 13:03:50,actions-trading,MFHS2,007660,seen,,5cfab387afca
14927161,2026-10-06 13:03:50,actions-trading,MFHS2,066570,seen,,96c92ea80805
14927161,2026-10-06 13:03:50,actions-trading,MFHS2,005690,seen,,44e4ab5cc9ff
14927161,2026-10-06 13:03:50,actions-trading,MFHS2,002710,seen,,e058a8a046fe
14927161,2026-10-06 13:03:50,actions-trading,MFHS2,006800,seen,,470796d2b128
14927161,2026-10-06 13:03:50,actions-trading,MFHS2,025560,seen,,fb9c7769da41
14927161,2026-10-06 13:03:50,actions-trading,MFHS2,088350,seen,,e620209febde
14927161,2026-10-06 13:03:50,actions-trading,MFHS2,005360,seen,,3607e76c2f6a
14927161,2026-10-06 13:03:50,actions-trading,MFHS2,0220W0,seen,,71e0e568b8a7
14927161,2026-10-06 13:03:50,actions-trading,MFHS2,009150,seen,,da5fb8a87a35
14927161,2026-10-06 13:03:50,actions-trading,MFHS2,460860,seen,,aeaaac99768f
14927161,2026-10-06 13:03:50,actions-trading,MFHS2,011070,seen,,7c16b433f8b2
14927161,2026-10-06 13:03:50,actions-trading,MFHS2,006400,seen,,aea89190e969
14927161,2026-10-06 13:03:50,actions-trading,MFHS2,009190,seen,,8b6cfdbe5b3e
14927161,2026-10-06 13:03:50,actions-trading,MFHS2,001230,seen,,a0688494b6eb
14927161,2026-10-06 13:03:50,actions-trading,MFHS2,452260,seen,,aa2e2bdb9b32
14927161,2026-10-06 13:03:50,actions-trading,MFHS2,003620,seen,,9a3b6078aeb6
14927161,2026-10-06 13:03:50,actions-trading,MFHS2,028050,seen,,ebd64f899b55
14927161,2026-10-06 13:03:50,actions-trading,MFHS2,317400,seen,,d30226a9724f
14927161,2026-10-06 13:03:50,actions-trading,MFHS2,001510,seen,,ca9852a2c618
14927161,2026-10-06 13:03:50,actions-trading,MFHS2,010120,seen,,d7dffab46a6b
14927161,2026-10-06 13:03:50,actions-trading,MFHS2,015260,seen,,dbcbb3b7c3bf
14927161,2026-10-06 13:03:50,actions-trading,MFHS2,090460,seen,,0d60b717cad5
14927161,2026-10-06 13:03:50,actions-trading,MFHS2,022100,seen,,3e8a53e77007
14927161,2026-10-06 13:03:50,actions-trading,MFHS2,002990,seen,,1264cfa5cf9e
14927161,2026-10-06 13:03:50,actions-trading,MFHS2,279570,seen,,f56419783ecc
14927161,2026-10-06 13:03:50,actions-trading,MFHS2,002700,seen,,ba43fe9458ed
14927161,2026-10-06 13:03:50,actions-trading,MFHS2,004020,seen,,e53e0da0f4b1
14927161,2026-10-06 13:03:51,actions-trading,상승모멘텀,003580,skip,adx_high,c2ec914e0def
14927161,2026-10-06 13:03:51,actions-trading,상승모멘텀,480370,skip,adx_high,647a7909b4a8
14927161,2026-10-06 13:03:51,actions-trading,상승모멘텀,006110,skip,adx_high,93a289be4e7d
14927161,2026-10-06 13:03:51,actions-trading,상승모멘텀,281820,skip,adx_high,3bc9e45146f0
14927161,2026-10-06 13:03:51,actions-trading,상승모멘텀,462520,skip,period,54caf38b9a0b
14927161,2026-10-06 13:03:51,actions-trading,상승모멘텀,002710,skip,tick,e058a8a046fe
14927161,2026-10-06 13:03:51,actions-trading,상승모멘텀,000150,skip,adx_high,6af79ac29ff0
14927161,2026-10-06 13:03:51,actions-trading,상승모멘텀,066970,skip,adx_low,9a9435568fdd
14927161,2026-10-06 13:03:51,actions-trading,상승모멘텀,011070,skip,adx_low,7c16b433f8b2
14927161,2026-10-06 13:03:51,actions-trading,상승모멘텀,007660,skip,held_or_sold_today,5cfab387afca
14927161,2026-10-06 13:03:51,actions-trading,상승모멘텀,008970,skip,tick,59b03ce66911
14927161,2026-10-06 13:03:51,actions-trading,상승모멘텀,002820,skip,amount,b8ad93790fd1
14927161,2026-10-06 13:03:51,actions-trading,상승모멘텀,336370,skip,adx_high,274c5d544ad3
14927161,2026-10-06 13:03:51,actions-trading,상승모멘텀,005030,skip,amount,18033d31360b
14927161,2026-10-06 13:03:51,actions-trading,상승모멘텀,007810,skip,adx_high,16fdfdfe1c75
14927161,2026-10-06 13:03:51,actions-trading,상승모멘텀,018670,skip,period,8fb107423ef6
14927161,2026-10-06 13:03:51,actions-trading,상승모멘텀,298020,skip,adx_high,ca0403f48e37
14927161,2026-10-06 13:03:51,actions-trading,상승모멘텀,066570,skip,adx_low,96c92ea80805
14927161,2026-10-06 13:03:51,actions-trading,상승모멘텀,006400,skip,adx_low,aea89190e969
14927161,2026-10-06 13:03:51,actions-trading,상승모멘텀,066575,skip,adx_high,4465ac171099
14927161,2026-10-06 13:03:51,actions-trading,상승모멘텀,000157,skip,amount,042c9152185f
14927161,2026-10-06 13:03:51,actions-trading,상승모멘텀,000155,skip,adx_high,0162f341282d
14927161,2026-10-06 13:03:51,actions-trading,상승모멘텀,005690,skip,period,44e4ab5cc9ff
14927161,2026-10-06 13:03:51,actions-trading,상승모멘텀,063160,skip,amount,4916db1a8d25
14927161,2026-10-06 13:03:51,actions-trading,상승모멘텀,020150,skip,held_or_sold_today,53d6dac447c6
14927161,2026-10-06 13:03:51,actions-trading,상승모멘텀,090460,skip,period,0d60b717cad5
14927161,2026-10-06 13:03:51,actions-trading,상승모멘텀,001250,skip,adx_high,9457be1e5b9e
14927161,2026-10-06 13:03:51,actions-trading,상승모멘텀,005320,skip,amount,f4b390fe2661
14927161,2026-10-06 13:03:51,actions-trading,상승모멘텀,084010,skip,amount,41d3694af437
14927161,2026-10-06 13:03:51,actions-trading,상승모멘텀,226320,skip,amount,f1e9e219dba7
14927161,2026-10-06 13:03:51,actions-trading,Sim6,_gate,skip,already_rebalanced,e3b0c44298fc
14927161,2026-10-06 13:03:51,actions-trading,Sim6,069500,seen,,aaa92ab0920b
14927161,2026-10-06 13:03:51,actions-trading,Sim6,360750,seen,,c3f20c883f1d
14927161,2026-10-06 13:03:51,actions-trading,Sim6,148070,seen,,9c457020c913
14927161,2026-10-06 13:03:51,actions-trading,Sim6,411060,seen,,8c27f3d2802b
14927161,2026-10-06 13:03:51,actions-trading,Sim6,305080,seen,,8292e100d67d
14927161,2026-10-06 13:03:51,actions-trading,Sim6,357870,seen,,a910d0df78d5
14927161,2026-10-06 13:03:52,actions-trading,Sim4-1,003580,skip,adx_high,c2ec914e0def
14927161,2026-10-06 13:03:52,actions-trading,Sim4-1,480370,skip,adx_high,647a7909b4a8
14927161,2026-10-06 13:03:52,actions-trading,Sim4-1,006110,skip,adx_high,93a289be4e7d
14927161,2026-10-06 13:03:52,actions-trading,Sim4-1,281820,skip,adx_high,3bc9e45146f0
14927161,2026-10-06 13:03:52,actions-trading,Sim4-1,462520,skip,period,54caf38b9a0b
14927161,2026-10-06 13:03:52,actions-trading,Sim4-1,002710,skip,held_or_cooldown,e058a8a046fe
14927161,2026-10-06 13:03:52,actions-trading,Sim4-1,000150,skip,adx_high,6af79ac29ff0
14927161,2026-10-06 13:03:52,actions-trading,Sim4-1,066970,skip,adx_low,9a9435568fdd
14927161,2026-10-06 13:03:52,actions-trading,Sim4-1,011070,skip,adx_low,7c16b433f8b2
14927161,2026-10-06 13:03:52,actions-trading,Sim4-1,007660,skip,held_or_cooldown,5cfab387afca
14927161,2026-10-06 13:03:52,actions-trading,Sim4-1,008970,skip,held_or_cooldown,59b03ce66911
14927161,2026-10-06 13:03:52,actions-trading,Sim4-1,002820,skip,amount,b8ad93790fd1
14927161,2026-10-06 13:03:52,actions-trading,Sim4-1,336370,skip,adx_high,274c5d544ad3
14927161,2026-10-06 13:03:52,actions-trading,Sim4-1,005030,skip,amount,18033d31360b
14927161,2026-10-06 13:03:52,actions-trading,Sim4-1,007810,skip,adx_high,16fdfdfe1c75
14927161,2026-10-06 13:03:52,actions-trading,Sim4-1,018670,skip,period,8fb107423ef6
14927161,2026-10-06 13:03:52,actions-trading,Sim4-1,298020,skip,adx_high,ca0403f48e37
14927161,2026-10-06 13:03:52,actions-trading,Sim4-1,066570,skip,adx_low,96c92ea80805
14927161,2026-10-06 13:03:52,actions-trading,Sim4-1,006400,skip,adx_low,aea89190e969
14927161,2026-10-06 13:03:52,actions-trading,Sim4-1,066575,skip,adx_high,4465ac171099
14927161,2026-10-06 13:03:52,actions-trading,Sim4-1,000157,skip,amount,042c9152185f
14927161,2026-10-06 13:03:52,actions-trading,Sim4-1,000155,skip,adx_high,0162f341282d
14927161,2026-10-06 13:03:52,actions-trading,Sim4-1,005690,skip,period,44e4ab5cc9ff
14927161,2026-10-06 13:03:52,actions-trading,Sim4-1,063160,skip,amount,4916db1a8d25
14927161,2026-10-06 13:03:52,actions-trading,Sim4-1,020150,skip,held_or_cooldown,53d6dac447c6
14927161,2026-10-06 13:03:52,actions-trading,Sim4-1,090460,skip,period,0d60b717cad5
14927161,2026-10-06 13:03:52,actions-trading,Sim4-1,001250,skip,adx_high,9457be1e5b9e
14927161,2026-10-06 13:03:52,actions-trading,Sim4-1,005320,skip,amount,f4b390fe2661
14927161,2026-10-06 13:03:52,actions-trading,Sim4-1,084010,skip,amount,41d3694af437
14927161,2026-10-06 13:03:52,actions-trading,Sim4-1,226320,skip,amount,f1e9e219dba7
14927161,2026-10-06 13:03:54,actions-trading,선행매집,018880,skip,below_anchor,96f4cf78115f
14927161,2026-10-06 13:03:54,actions-trading,선행매집,047040,skip,below_anchor,84af90819d2d
14927161,2026-10-06 13:03:54,actions-trading,선행매집,007660,skip,below_anchor,5cfab387afca
14927161,2026-10-06 13:03:54,actions-trading,선행매집,066570,skip,below_anchor,96c92ea80805
14927161,2026-10-06 13:03:54,actions-trading,선행매집,002710,skip,below_anchor,e058a8a046fe
14927161,2026-10-06 13:03:54,actions-trading,선행매집,005930,skip,below_anchor,baac8854a7ca
14927161,2026-10-06 13:03:54,actions-trading,선행매집,006800,skip,below_anchor,470796d2b128
14927161,2026-10-06 13:03:54,actions-trading,선행매집,005690,skip,below_anchor,44e4ab5cc9ff
14927161,2026-10-06 13:03:54,actions-trading,선행매집,025560,skip,below_anchor,fb9c7769da41
14927161,2026-10-06 13:03:54,actions-trading,선행매집,088350,skip,below_anchor,e620209febde
14927161,2026-10-06 13:03:54,actions-trading,선행매집,336370,skip,below_anchor,274c5d544ad3
14927161,2026-10-06 13:03:54,actions-trading,선행매집,006400,skip,below_anchor,aea89190e969
14927161,2026-10-06 13:03:54,actions-trading,선행매집,0220W0,skip,below_anchor,71e0e568b8a7
14927161,2026-10-06 13:03:54,actions-trading,선행매집,005360,skip,amount,3607e76c2f6a
14927161,2026-10-06 13:03:54,actions-trading,선행매집,009150,skip,below_anchor,da5fb8a87a35
14927161,2026-10-06 13:03:54,actions-trading,선행매집,460860,skip,below_anchor,aeaaac99768f
14927161,2026-10-06 13:03:54,actions-trading,선행매집,011070,skip,below_anchor,7c16b433f8b2
14927161,2026-10-06 13:03:54,actions-trading,선행매집,009190,skip,below_anchor,8b6cfdbe5b3e
14927161,2026-10-06 13:03:54,actions-trading,선행매집,003620,skip,below_anchor,9a3b6078aeb6
14927161,2026-10-06 13:03:54,actions-trading,선행매집,001230,skip,amount,a0688494b6eb
14927161,2026-10-06 13:03:54,actions-trading,선행매집,452260,skip,below_anchor,aa2e2bdb9b32
14927161,2026-10-06 13:03:54,actions-trading,선행매집,192650,skip,sold_or_cooldown,4a390a83df89
14927161,2026-10-06 13:03:54,actions-trading,선행매집,022100,skip,below_anchor,3e8a53e77007
14927161,2026-10-06 13:03:54,actions-trading,선행매집,028050,skip,below_anchor,ebd64f899b55
14927161,2026-10-06 13:03:54,actions-trading,선행매집,010120,skip,below_anchor,d7dffab46a6b
14927161,2026-10-06 13:03:54,actions-trading,선행매집,015260,skip,amount,dbcbb3b7c3bf
14927161,2026-10-06 13:03:54,actions-trading,선행매집,002990,skip,below_anchor,1264cfa5cf9e
14927161,2026-10-06 13:03:54,actions-trading,선행매집,001510,skip,below_anchor,ca9852a2c618
14927161,2026-10-06 13:03:54,actions-trading,선행매집,279570,skip,below_anchor,f56419783ecc
14927161,2026-10-06 13:03:54,actions-trading,선행매집,005320,skip,amount,f4b390fe2661
14927161,2026-10-06 13:03:54,actions-trading,Sim9,_gate,skip,outside_entry_window,e3b0c44298fc
14927161,2026-10-06 13:03:54,actions-trading,Sim9,003580,seen,,c2ec914e0def
14927161,2026-10-06 13:03:54,actions-trading,Sim9,480370,seen,,647a7909b4a8
14927161,2026-10-06 13:03:54,actions-trading,Sim9,006110,seen,,93a289be4e7d
14927161,2026-10-06 13:03:54,actions-trading,Sim9,281820,seen,,3bc9e45146f0
14927161,2026-10-06 13:03:54,actions-trading,Sim9,462520,seen,,54caf38b9a0b
14927161,2026-10-06 13:03:54,actions-trading,Sim9,002710,seen,,e058a8a046fe
14927161,2026-10-06 13:03:54,actions-trading,Sim9,000150,seen,,6af79ac29ff0
14927161,2026-10-06 13:03:54,actions-trading,Sim9,066970,seen,,9a9435568fdd
14927161,2026-10-06 13:03:54,actions-trading,Sim9,011070,seen,,7c16b433f8b2
14927161,2026-10-06 13:03:54,actions-trading,Sim9,007660,seen,,5cfab387afca
14927161,2026-10-06 13:03:54,actions-trading,Sim9,008970,seen,,59b03ce66911
14927161,2026-10-06 13:03:54,actions-trading,Sim9,002820,seen,,b8ad93790fd1
14927161,2026-10-06 13:03:54,actions-trading,Sim9,336370,seen,,274c5d544ad3
14927161,2026-10-06 13:03:54,actions-trading,Sim9,005030,seen,,18033d31360b
14927161,2026-10-06 13:03:54,actions-trading,Sim9,007810,seen,,16fdfdfe1c75
14927161,2026-10-06 13:03:54,actions-trading,Sim9,018670,seen,,8fb107423ef6
14927161,2026-10-06 13:03:54,actions-trading,Sim9,298020,seen,,ca0403f48e37
14927161,2026-10-06 13:03:54,actions-trading,Sim9,066570,seen,,96c92ea80805
14927161,2026-10-06 13:03:54,actions-trading,Sim9,006400,seen,,aea89190e969
14927161,2026-10-06 13:03:54,actions-trading,Sim9,066575,seen,,4465ac171099
14927161,2026-10-06 13:03:54,actions-trading,Sim9,000157,seen,,042c9152185f
14927161,2026-10-06 13:03:54,actions-trading,Sim9,000155,seen,,0162f341282d
14927161,2026-10-06 13:03:54,actions-trading,Sim9,005690,seen,,44e4ab5cc9ff
14927161,2026-10-06 13:03:54,actions-trading,Sim9,063160,seen,,4916db1a8d25
14927161,2026-10-06 13:03:54,actions-trading,Sim9,020150,seen,,53d6dac447c6
14927161,2026-10-06 13:03:54,actions-trading,Sim9,090460,seen,,0d60b717cad5
14927161,2026-10-06 13:03:54,actions-trading,Sim9,001250,seen,,9457be1e5b9e
14927161,2026-10-06 13:03:54,actions-trading,Sim9,005320,seen,,f4b390fe2661
14927161,2026-10-06 13:03:54,actions-trading,Sim9,084010,seen,,41d3694af437
14927161,2026-10-06 13:03:54,actions-trading,Sim9,226320,seen,,f1e9e219dba7
14927161,2026-10-06 13:03:54,actions-trading,미너비니,192820,skip,below_pivot,d12dea97ed4b
14927161,2026-10-06 13:03:54,actions-trading,미너비니,443060,skip,below_pivot,c6ab9738d964
14927161,2026-10-06 13:03:54,actions-trading,Sim12,003580,skip,pb2_not_crashed,c2ec914e0def
14927161,2026-10-06 13:03:54,actions-trading,Sim12,480370,skip,pb2_not_crashed,647a7909b4a8
14927161,2026-10-06 13:03:54,actions-trading,Sim12,006110,skip,pb2_not_crashed,93a289be4e7d
14927161,2026-10-06 13:03:54,actions-trading,Sim12,281820,skip,pb2_not_crashed,3bc9e45146f0
14927161,2026-10-06 13:03:54,actions-trading,Sim12,462520,skip,avoid_orgn_sell_high_per,54caf38b9a0b
14927161,2026-10-06 13:03:54,actions-trading,Sim12,002710,skip,avoid_frgn_sell_20d,e058a8a046fe
14927161,2026-10-06 13:03:54,actions-trading,Sim12,000150,skip,avoid_frgn_sell_20d,6af79ac29ff0
14927161,2026-10-06 13:03:54,actions-trading,Sim12,066970,skip,pb2_not_crashed,9a9435568fdd
14927161,2026-10-06 13:03:54,actions-trading,Sim12,011070,skip,avoid_orgn_sell_high_per,7c16b433f8b2
14927161,2026-10-06 13:03:54,actions-trading,Sim12,007660,skip,pb2_not_crashed,5cfab387afca
14927161,2026-10-06 13:03:54,actions-trading,Sim12,008970,skip,pb2_not_crashed,59b03ce66911
14927161,2026-10-06 13:03:54,actions-trading,Sim12,002820,skip,avoid_deadcat,b8ad93790fd1
14927161,2026-10-06 13:03:54,actions-trading,Sim12,336370,skip,avoid_frgn_sell_20d,274c5d544ad3
14927161,2026-10-06 13:03:54,actions-trading,Sim12,005030,skip,avoid_amount_dry,18033d31360b
14927161,2026-10-06 13:03:54,actions-trading,Sim12,007810,skip,pb2_not_crashed,16fdfdfe1c75
14927161,2026-10-06 13:03:54,actions-trading,Sim12,018670,skip,avoid_frgn_sell_20d,8fb107423ef6
14927161,2026-10-06 13:03:54,actions-trading,Sim12,298020,skip,avoid_orgn_sell_high_per,ca0403f48e37
14927161,2026-10-06 13:03:54,actions-trading,Sim12,066570,skip,pb2_not_crashed,96c92ea80805
14927161,2026-10-06 13:03:54,actions-trading,Sim12,006400,skip,pb2_not_crashed,aea89190e969
14927161,2026-10-06 13:03:54,actions-trading,Sim12,066575,skip,pb2_not_crashed,4465ac171099
14927161,2026-10-06 13:03:54,actions-trading,Sim12,000157,skip,pb2_thin_liquidity,042c9152185f
14927161,2026-10-06 13:03:54,actions-trading,Sim12,000155,skip,pb2_thin_liquidity,0162f341282d
14927161,2026-10-06 13:03:54,actions-trading,Sim12,005690,skip,pb2_not_crashed,44e4ab5cc9ff
14927161,2026-10-06 13:03:54,actions-trading,Sim12,063160,skip,avoid_frgn_sell_20d,4916db1a8d25
14927161,2026-10-06 13:03:54,actions-trading,Sim12,020150,skip,avoid_frgn_sell_20d,53d6dac447c6
14927161,2026-10-06 13:03:54,actions-trading,Sim12,090460,skip,avoid_amount_dry,0d60b717cad5
14927161,2026-10-06 13:03:54,actions-trading,Sim12,001250,skip,pb2_not_crashed,9457be1e5b9e
14927161,2026-10-06 13:03:54,actions-trading,Sim12,005320,skip,pb2_not_crashed,f4b390fe2661
14927161,2026-10-06 13:03:54,actions-trading,Sim12,084010,skip,avoid_frgn_sell_20d,41d3694af437
14927161,2026-10-06 13:03:54,actions-trading,Sim12,226320,skip,pb2_not_crashed,f1e9e219dba7
14927161,2026-10-06 13:03:54,actions-trading,Sim12,005110,skip,avoid_amount_dry,914b6555b8ba
14927161,2026-10-06 13:03:54,actions-trading,Sim12,015260,skip,pb2_no_inst_buying,dbcbb3b7c3bf
14927161,2026-10-06 13:03:54,actions-trading,Sim12,020120,skip,pb2_not_crashed,efb72f00d73f
14927161,2026-10-06 13:03:54,actions-trading,Sim12,004920,skip,pb2_not_crashed,f0c10b879c1a
14927161,2026-10-06 13:03:54,actions-trading,Sim12,001525,skip,avoid_amount_dry,65967eaa8037
14927161,2026-10-06 13:03:54,actions-trading,Sim12,003010,skip,pb2_not_crashed,bf872e6704c6
14927161,2026-10-06 13:03:54,actions-trading,Sim12,002870,skip,avoid_amount_dry,5c2997e8915f
14927161,2026-10-06 13:03:54,actions-trading,Sim12,079550,skip,pb2_not_crashed,179bc399563f
14927161,2026-10-06 13:03:54,actions-trading,Sim12,014915,skip,pb2_not_crashed,349afb6fc194
14927161,2026-10-06 13:03:54,actions-trading,Sim12,003350,skip,avoid_amount_dry,16e88ef66b47
14927161,2026-10-06 13:03:54,actions-trading,Sim12,001380,skip,avoid_frgn_sell_20d,ba0c9afcc15d
14927161,2026-10-06 13:03:54,actions-trading,Sim12,044820,skip,avoid_frgn_sell_20d,5325c354240a
14927161,2026-10-06 13:03:54,actions-trading,Sim12,036570,skip,pb2_not_crashed,8ffad3ed3084
14927161,2026-10-06 13:03:54,actions-trading,Sim12,084680,skip,avoid_frgn_sell_20d,e22c7d28ae89
14927161,2026-10-06 13:03:54,actions-trading,Sim12,071950,skip,pb2_no_inst_buying,86189e070d6b
14927161,2026-10-06 13:03:54,actions-trading,Sim12,003570,skip,avoid_frgn_sell_20d,fc7905c286ca
14927161,2026-10-06 13:03:54,actions-trading,Sim12,002787,skip,avoid_amount_dry,edd7a384e62b
14927161,2026-10-06 13:03:54,actions-trading,Sim12,002785,skip,pb2_no_inst_buying,e4fdd2ca22c5
14927161,2026-10-06 13:03:54,actions-trading,Sim12,051630,skip,avoid_amount_dry,13e15b7cb21f
14927161,2026-10-06 13:03:54,actions-trading,Sim12,005880,skip,pb2_not_crashed,51165a592f33
14927161,2026-10-06 13:03:54,actions-trading,Sim12,443060,skip,avoid_amount_dry,c6ab9738d964
14927161,2026-10-06 13:03:54,actions-trading,Sim12,465770,skip,avoid_amount_dry,532601b2e1b0
14927161,2026-10-06 13:03:54,actions-trading,Sim12,109070,skip,pb2_not_crashed,401702ce27d3
14927161,2026-10-06 13:03:54,actions-trading,Sim12,100840,skip,avoid_amount_dry,033222c46419
14927161,2026-10-06 13:03:54,actions-trading,Sim12,027740,skip,avoid_frgn_sell_20d,e47761d80af4
14927161,2026-10-06 13:03:54,actions-trading,Sim12,088790,skip,avoid_amount_dry,c0f239cf5894
14927161,2026-10-06 13:03:54,actions-trading,Sim12,009190,skip,pb2_no_inst_buying,8b6cfdbe5b3e
14927161,2026-10-06 13:03:54,actions-trading,Sim12,011300,skip,avoid_amount_dry,969098e680d3
14927161,2026-10-06 13:03:54,actions-trading,Sim12,012450,skip,avoid_amount_dry,6db8bc230fd8
14927161,2026-10-06 13:03:54,actions-trading,Sim12,064350,skip,avoid_frgn_sell_20d,f9b0279ba016
14927161,2026-10-06 13:03:54,actions-trading,Sim13,003580,skip,theme_momentum_weak,c2ec914e0def
14927161,2026-10-06 13:03:54,actions-trading,Sim13,480370,skip,no_frgn_support,647a7909b4a8
14927161,2026-10-06 13:03:54,actions-trading,Sim13,006110,skip,theme_momentum_weak,93a289be4e7d
14927161,2026-10-06 13:03:54,actions-trading,Sim13,281820,skip,no_frgn_support,3bc9e45146f0
14927161,2026-10-06 13:03:54,actions-trading,Sim13,462520,skip,theme_momentum_weak,54caf38b9a0b
14927161,2026-10-06 13:03:54,actions-trading,Sim13,002710,skip,adx_weak,e058a8a046fe
14927161,2026-10-06 13:03:54,actions-trading,Sim13,000150,skip,adx_weak,6af79ac29ff0
14927161,2026-10-06 13:03:54,actions-trading,Sim13,066970,skip,theme_momentum_weak,9a9435568fdd
14927161,2026-10-06 13:03:54,actions-trading,Sim13,011070,skip,theme_momentum_weak,7c16b433f8b2
14927161,2026-10-06 13:03:54,actions-trading,Sim13,007660,skip,adx_weak,5cfab387afca
14927161,2026-10-06 13:03:54,actions-trading,Sim13,008970,skip,adx_weak,59b03ce66911
14927161,2026-10-06 13:03:54,actions-trading,Sim13,002820,skip,theme_momentum_weak,b8ad93790fd1
14927161,2026-10-06 13:03:54,actions-trading,Sim13,336370,skip,adx_weak,274c5d544ad3
14927161,2026-10-06 13:03:54,actions-trading,Sim13,005030,skip,theme_momentum_weak,18033d31360b
14927161,2026-10-06 13:03:54,actions-trading,Sim13,007810,skip,amount_not_surprised,16fdfdfe1c75
14927161,2026-10-06 13:03:54,actions-trading,Sim13,018670,skip,theme_momentum_weak,8fb107423ef6
14927161,2026-10-06 13:03:54,actions-trading,Sim13,298020,skip,theme_momentum_weak,ca0403f48e37
14927161,2026-10-06 13:03:54,actions-trading,Sim13,066570,skip,theme_momentum_weak,96c92ea80805
14927161,2026-10-06 13:03:54,actions-trading,Sim13,006400,skip,theme_momentum_weak,aea89190e969
14927161,2026-10-06 13:03:54,actions-trading,Sim13,066575,skip,theme_momentum_weak,4465ac171099
14927161,2026-10-06 13:03:54,actions-trading,Sim13,000157,skip,theme_momentum_weak,042c9152185f
14927161,2026-10-06 13:03:54,actions-trading,Sim13,000155,skip,theme_momentum_weak,0162f341282d
14927161,2026-10-06 13:03:54,actions-trading,Sim13,005690,skip,adx_weak,44e4ab5cc9ff
14927161,2026-10-06 13:03:54,actions-trading,Sim13,063160,skip,theme_momentum_weak,4916db1a8d25
14927161,2026-10-06 13:03:54,actions-trading,Sim13,020150,skip,no_frgn_support,53d6dac447c6
14927161,2026-10-06 13:03:54,actions-trading,Sim13,090460,skip,theme_momentum_weak,0d60b717cad5
14927161,2026-10-06 13:03:54,actions-trading,Sim13,001250,skip,theme_momentum_weak,9457be1e5b9e
14927161,2026-10-06 13:03:54,actions-trading,Sim13,005320,skip,adx_weak,f4b390fe2661
14927161,2026-10-06 13:03:54,actions-trading,Sim13,084010,skip,theme_momentum_weak,41d3694af437
14927161,2026-10-06 13:03:54,actions-trading,Sim13,226320,skip,theme_momentum_weak,f1e9e219dba7
14927161,2026-10-06 13:03:54,actions-trading,Sim14,_gate,skip,regime_blocked,e3b0c44298fc
14927161,2026-10-06 13:03:54,actions-trading,Sim15,_gate,skip,already_rebalanced,e3b0c44298fc
14927161,2026-10-06 13:03:54,actions-trading,Sim15,069500,seen,,aaa92ab0920b
14927161,2026-10-06 13:03:54,actions-trading,Sim15,133690,seen,,a8ece69b9d6c
14927161,2026-10-06 13:03:54,actions-trading,Sim15,148070,seen,,9c457020c913
14927161,2026-10-06 13:03:54,actions-trading,Sim16,_gate,skip,already_rebalanced,e3b0c44298fc
14927161,2026-10-06 13:03:54,actions-trading,Sim16,122630,seen,,30b63dbe9fc7
14927161,2026-10-06 13:03:54,actions-trading,Sim16,418660,seen,,668a8f9bed2c
14927161,2026-10-06 13:03:54,actions-trading,Sim16,148070,seen,,9c457020c913
14927162,2026-10-06 13:04:47,actions-trading,Sim3,402340,skip,qty_zero,c7535f77027c
14927162,2026-10-06 13:04:47,actions-trading,Sim3,383800,skip,amount,66721b1d2b6d
14927162,2026-10-06 13:04:47,actions-trading,Sim3,462870,skip,amount,4662fe8fda13
14927162,2026-10-06 13:04:47,actions-trading,Sim3,000660,skip,qty_zero,324b1f50247a
14927162,2026-10-06 13:04:47,actions-trading,Sim3,071970,skip,cooldown,326af4fa5824
14927162,2026-10-06 13:04:47,actions-trading,Sim3,042700,skip,not_cheap,46f236ee29f4
14927162,2026-10-06 13:04:47,actions-trading,Sim3,326030,skip,cooldown,bc3d80857fb5
14927162,2026-10-06 13:04:47,actions-trading,Sim3,207940,skip,not_cheap,82227bf6cf0d
14927162,2026-10-06 13:04:47,actions-trading,Sim3,033920,skip,amount,a18b5d87d203
14927162,2026-10-06 13:04:47,actions-trading,Sim3,004770,skip,amount,fdbaab2c314c
14927162,2026-10-06 13:04:47,actions-trading,Sim3,0126Z0,skip,not_cheap,1399476be6f7
14927162,2026-10-06 13:04:47,actions-trading,Sim3,062040,skip,not_cheap,9b22664260d6
14927162,2026-10-06 13:04:47,actions-trading,Sim3,317450,skip,amount,aaec1e1630b9
14927162,2026-10-06 13:04:47,actions-trading,Sim3,026960,skip,amount,b0f6f77ff641
14927162,2026-10-06 13:04:47,actions-trading,Sim3,021820,skip,amount,b0c217d7c894
14927162,2026-10-06 13:04:47,actions-trading,Sim3,192080,skip,amount,0c7b0cb51abe
14927162,2026-10-06 13:04:47,actions-trading,Sim3,068270,skip,cooldown,52e628ff13cd
14927162,2026-10-06 13:04:47,actions-trading,Sim3,123890,skip,amount,afd738ab4d19
14927162,2026-10-06 13:04:47,actions-trading,Sim3,000240,skip,amount,7639b730c618
14927162,2026-10-06 13:04:47,actions-trading,Sim3,002380,skip,amount,6c980c4e2477
14927162,2026-10-06 13:04:47,actions-trading,Sim3,009770,skip,amount,777ccc54b06d
14927162,2026-10-06 13:04:47,actions-trading,Sim3,259960,skip,cooldown,59e1ca2375d9
14927162,2026-10-06 13:04:47,actions-trading,Sim3,035250,skip,amount,80e47b7ece0d
14927162,2026-10-06 13:04:47,actions-trading,Sim3,383220,skip,amount,b31c2e2f090a
14927162,2026-10-06 13:04:47,actions-trading,Sim3,226320,skip,amount,58c734ba7f82
14927162,2026-10-06 13:04:47,actions-trading,Sim3,439260,skip,amount,d18f009ea49f
14927162,2026-10-06 13:04:47,actions-trading,Sim3,025560,skip,cooldown,ca87059e4d91
14927162,2026-10-06 13:04:47,actions-trading,Sim3,007700,skip,amount,b625a1346b03
14927162,2026-10-06 13:04:47,actions-trading,Sim3,278470,skip,not_cheap,d55eaebc887b
14927162,2026-10-06 13:04:47,actions-trading,Sim3,000990,skip,not_cheap,78c032bf2895
14927162,2026-10-06 13:05:25,actions-trading,MFHS2,018880,skip,max_holdings,2cc2802ec8e2
14927162,2026-10-06 13:05:25,actions-trading,MFHS2,047040,seen,,2fdb250e09b0
14927162,2026-10-06 13:05:25,actions-trading,MFHS2,007660,seen,,044c81704a03
14927162,2026-10-06 13:05:25,actions-trading,MFHS2,066570,seen,,47d478a05650
14927162,2026-10-06 13:05:25,actions-trading,MFHS2,005690,seen,,956e1455dc2f
14927162,2026-10-06 13:05:25,actions-trading,MFHS2,002710,seen,,e57bbec17315
14927162,2026-10-06 13:05:25,actions-trading,MFHS2,006800,seen,,660da8647f58
14927162,2026-10-06 13:05:25,actions-trading,MFHS2,025560,seen,,571c04855349
14927162,2026-10-06 13:05:25,actions-trading,MFHS2,088350,seen,,1bd64599a793
14927162,2026-10-06 13:05:25,actions-trading,MFHS2,005360,seen,,433c970246df
14927162,2026-10-06 13:05:25,actions-trading,MFHS2,0220W0,seen,,076211aceb5d
14927162,2026-10-06 13:05:25,actions-trading,MFHS2,009150,seen,,8a81506a62b2
14927162,2026-10-06 13:05:25,actions-trading,MFHS2,460860,seen,,2a2e775f2bbe
14927162,2026-10-06 13:05:25,actions-trading,MFHS2,011070,seen,,1c55e55f2a9c
14927162,2026-10-06 13:05:25,actions-trading,MFHS2,006400,seen,,0076ff43bef4
14927162,2026-10-06 13:05:25,actions-trading,MFHS2,009190,seen,,16dda764148b
14927162,2026-10-06 13:05:25,actions-trading,MFHS2,001230,seen,,a0688494b6eb
14927162,2026-10-06 13:05:25,actions-trading,MFHS2,452260,seen,,9b5daae8d502
14927162,2026-10-06 13:05:25,actions-trading,MFHS2,003620,seen,,4eacb9fb827a
14927162,2026-10-06 13:05:25,actions-trading,MFHS2,028050,seen,,4a73ce2a2ee2
14927162,2026-10-06 13:05:25,actions-trading,MFHS2,317400,seen,,15a7054197b1
14927162,2026-10-06 13:05:25,actions-trading,MFHS2,001510,seen,,f34cfc7c8581
14927162,2026-10-06 13:05:25,actions-trading,MFHS2,010120,seen,,f7eafc1324a3
14927162,2026-10-06 13:05:25,actions-trading,MFHS2,015260,seen,,002a46417904
14927162,2026-10-06 13:05:25,actions-trading,MFHS2,090460,seen,,6b967cfe2c98
14927162,2026-10-06 13:05:25,actions-trading,MFHS2,022100,seen,,b0bde2f74db1
14927162,2026-10-06 13:05:25,actions-trading,MFHS2,002990,seen,,04573af35ce0
14927162,2026-10-06 13:05:25,actions-trading,MFHS2,279570,seen,,9926570d8cf0
14927162,2026-10-06 13:05:25,actions-trading,MFHS2,002700,seen,,5845eb4d635c
14927162,2026-10-06 13:05:25,actions-trading,MFHS2,004020,seen,,4542ae22cad4
14927162,2026-10-06 13:05:27,actions-trading,상승모멘텀,003580,skip,adx_high,0cc0db317e20
14927162,2026-10-06 13:05:27,actions-trading,상승모멘텀,480370,skip,adx_high,49dd31bfd031
14927162,2026-10-06 13:05:27,actions-trading,상승모멘텀,006110,skip,adx_high,45ccdc9d6726
14927162,2026-10-06 13:05:27,actions-trading,상승모멘텀,281820,skip,adx_high,f0dc8986a61f
14927162,2026-10-06 13:05:27,actions-trading,상승모멘텀,000150,skip,adx_high,140457352f07
14927162,2026-10-06 13:05:27,actions-trading,상승모멘텀,066970,skip,adx_low,a6cb2f565a51
14927162,2026-10-06 13:05:27,actions-trading,상승모멘텀,002710,skip,tick,e57bbec17315
14927162,2026-10-06 13:05:27,actions-trading,상승모멘텀,011070,skip,adx_low,1c55e55f2a9c
14927162,2026-10-06 13:05:27,actions-trading,상승모멘텀,007660,skip,held_or_sold_today,044c81704a03
14927162,2026-10-06 13:05:27,actions-trading,상승모멘텀,336370,skip,adx_high,03a08ad43865
14927162,2026-10-06 13:05:27,actions-trading,상승모멘텀,008970,skip,tick,6013f1c9717b
14927162,2026-10-06 13:05:27,actions-trading,상승모멘텀,462520,skip,period,ca20d18f0309
14927162,2026-10-06 13:05:27,actions-trading,상승모멘텀,005030,skip,amount,18033d31360b
14927162,2026-10-06 13:05:27,actions-trading,상승모멘텀,006400,skip,adx_low,0076ff43bef4
14927162,2026-10-06 13:05:27,actions-trading,상승모멘텀,018670,skip,period,f4e5adbe4b31
14927162,2026-10-06 13:05:27,actions-trading,상승모멘텀,002820,skip,amount,c36445cf3881
14927162,2026-10-06 13:05:27,actions-trading,상승모멘텀,298020,skip,adx_high,ea095ef48b4c
14927162,2026-10-06 13:05:27,actions-trading,상승모멘텀,066570,skip,adx_low,47d478a05650
14927162,2026-10-06 13:05:27,actions-trading,상승모멘텀,007810,skip,adx_high,6aceb81d441c
14927162,2026-10-06 13:05:27,actions-trading,상승모멘텀,066575,skip,adx_high,690a977de7ea
14927162,2026-10-06 13:05:27,actions-trading,상승모멘텀,000157,skip,amount,86593386454f
14927162,2026-10-06 13:05:27,actions-trading,상승모멘텀,000155,skip,adx_high,a179667679ac
14927162,2026-10-06 13:05:27,actions-trading,상승모멘텀,005690,skip,period,956e1455dc2f
14927162,2026-10-06 13:05:27,actions-trading,상승모멘텀,063160,skip,amount,84d5e8d13caf
14927162,2026-10-06 13:05:27,actions-trading,상승모멘텀,020150,skip,held_or_sold_today,a919d9edf13e
14927162,2026-10-06 13:05:27,actions-trading,상승모멘텀,090460,skip,period,6b967cfe2c98
14927162,2026-10-06 13:05:27,actions-trading,상승모멘텀,353200,skip,adx_high,4f13813c3e9d
14927162,2026-10-06 13:05:27,actions-trading,상승모멘텀,001250,skip,adx_high,3b7f606b86d5
14927162,2026-10-06 13:05:27,actions-trading,상승모멘텀,005320,skip,amount,ea2dd508a40c
14927162,2026-10-06 13:05:27,actions-trading,상승모멘텀,084010,skip,amount,3b13b07ffca2
14927162,2026-10-06 13:05:27,actions-trading,Sim6,_gate,skip,already_rebalanced,e3b0c44298fc
14927162,2026-10-06 13:05:27,actions-trading,Sim6,069500,seen,,aeb7ab37d79d
14927162,2026-10-06 13:05:27,actions-trading,Sim6,360750,seen,,5a4f138b84e9
14927162,2026-10-06 13:05:27,actions-trading,Sim6,148070,seen,,db3889680099
14927162,2026-10-06 13:05:27,actions-trading,Sim6,411060,seen,,b472f3f82982
14927162,2026-10-06 13:05:27,actions-trading,Sim6,305080,seen,,4a383f901dac
14927162,2026-10-06 13:05:27,actions-trading,Sim6,357870,seen,,eceb677d5b91
14927162,2026-10-06 13:05:27,actions-trading,Sim4-1,003580,skip,adx_high,0cc0db317e20
14927162,2026-10-06 13:05:27,actions-trading,Sim4-1,480370,skip,adx_high,49dd31bfd031
14927162,2026-10-06 13:05:27,actions-trading,Sim4-1,006110,skip,adx_high,45ccdc9d6726
14927162,2026-10-06 13:05:27,actions-trading,Sim4-1,281820,skip,adx_high,f0dc8986a61f
14927162,2026-10-06 13:05:27,actions-trading,Sim4-1,000150,skip,adx_high,140457352f07
14927162,2026-10-06 13:05:27,actions-trading,Sim4-1,066970,skip,adx_low,a6cb2f565a51
14927162,2026-10-06 13:05:27,actions-trading,Sim4-1,002710,skip,held_or_cooldown,e57bbec17315
14927162,2026-10-06 13:05:27,actions-trading,Sim4-1,011070,skip,adx_low,1c55e55f2a9c
14927162,2026-10-06 13:05:27,actions-trading,Sim4-1,007660,skip,held_or_cooldown,044c81704a03
14927162,2026-10-06 13:05:27,actions-trading,Sim4-1,336370,skip,adx_high,03a08ad43865
14927162,2026-10-06 13:05:27,actions-trading,Sim4-1,008970,skip,held_or_cooldown,6013f1c9717b
14927162,2026-10-06 13:05:27,actions-trading,Sim4-1,462520,skip,period,ca20d18f0309
14927162,2026-10-06 13:05:27,actions-trading,Sim4-1,005030,skip,amount,18033d31360b
14927162,2026-10-06 13:05:27,actions-trading,Sim4-1,006400,skip,adx_low,0076ff43bef4
14927162,2026-10-06 13:05:27,actions-trading,Sim4-1,018670,skip,period,f4e5adbe4b31
14927162,2026-10-06 13:05:27,actions-trading,Sim4-1,002820,skip,amount,c36445cf3881
14927162,2026-10-06 13:05:27,actions-trading,Sim4-1,298020,skip,adx_high,ea095ef48b4c
14927162,2026-10-06 13:05:27,actions-trading,Sim4-1,066570,skip,adx_low,47d478a05650
14927162,2026-10-06 13:05:27,actions-trading,Sim4-1,007810,skip,adx_high,6aceb81d441c
14927162,2026-10-06 13:05:27,actions-trading,Sim4-1,066575,skip,adx_high,690a977de7ea
14927162,2026-10-06 13:05:27,actions-trading,Sim4-1,000157,skip,amount,86593386454f
14927162,2026-10-06 13:05:27,actions-trading,Sim4-1,000155,skip,adx_high,a179667679ac
14927162,2026-10-06 13:05:27,actions-trading,Sim4-1,005690,skip,period,956e1455dc2f
14927162,2026-10-06 13:05:27,actions-trading,Sim4-1,063160,skip,amount,84d5e8d13caf
14927162,2026-10-06 13:05:27,actions-trading,Sim4-1,020150,skip,held_or_cooldown,a919d9edf13e
14927162,2026-10-06 13:05:27,actions-trading,Sim4-1,090460,skip,period,6b967cfe2c98
14927162,2026-10-06 13:05:27,actions-trading,Sim4-1,353200,skip,adx_high,4f13813c3e9d
14927162,2026-10-06 13:05:27,actions-trading,Sim4-1,001250,skip,adx_high,3b7f606b86d5
14927162,2026-10-06 13:05:27,actions-trading,Sim4-1,005320,skip,amount,ea2dd508a40c
14927162,2026-10-06 13:05:27,actions-trading,Sim4-1,084010,skip,amount,3b13b07ffca2
14927162,2026-10-06 13:05:29,actions-trading,선행매집,018880,skip,below_anchor,2cc2802ec8e2
14927162,2026-10-06 13:05:29,actions-trading,선행매집,047040,skip,below_anchor,2fdb250e09b0
14927162,2026-10-06 13:05:29,actions-trading,선행매집,007660,skip,below_anchor,044c81704a03
14927162,2026-10-06 13:05:29,actions-trading,선행매집,066570,skip,below_anchor,47d478a05650
14927162,2026-10-06 13:05:29,actions-trading,선행매집,002710,skip,below_anchor,e57bbec17315
14927162,2026-10-06 13:05:29,actions-trading,선행매집,005930,skip,below_anchor,a964ab44de59
14927162,2026-10-06 13:05:29,actions-trading,선행매집,006800,skip,below_anchor,660da8647f58
14927162,2026-10-06 13:05:29,actions-trading,선행매집,005690,skip,below_anchor,956e1455dc2f
14927162,2026-10-06 13:05:29,actions-trading,선행매집,025560,skip,below_anchor,571c04855349
14927162,2026-10-06 13:05:29,actions-trading,선행매집,088350,skip,below_anchor,1bd64599a793
14927162,2026-10-06 13:05:29,actions-trading,선행매집,336370,skip,below_anchor,03a08ad43865
14927162,2026-10-06 13:05:29,actions-trading,선행매집,006400,skip,below_anchor,0076ff43bef4
14927162,2026-10-06 13:05:29,actions-trading,선행매집,0220W0,skip,below_anchor,076211aceb5d
14927162,2026-10-06 13:05:29,actions-trading,선행매집,005360,skip,amount,433c970246df
14927162,2026-10-06 13:05:29,actions-trading,선행매집,009150,skip,below_anchor,8a81506a62b2
14927162,2026-10-06 13:05:29,actions-trading,선행매집,460860,skip,below_anchor,2a2e775f2bbe
14927162,2026-10-06 13:05:29,actions-trading,선행매집,011070,skip,below_anchor,1c55e55f2a9c
14927162,2026-10-06 13:05:29,actions-trading,선행매집,009190,skip,below_anchor,16dda764148b
14927162,2026-10-06 13:05:29,actions-trading,선행매집,003620,skip,below_anchor,4eacb9fb827a
14927162,2026-10-06 13:05:29,actions-trading,선행매집,001230,skip,amount,a0688494b6eb
14927162,2026-10-06 13:05:29,actions-trading,선행매집,452260,skip,below_anchor,9b5daae8d502
14927162,2026-10-06 13:05:29,actions-trading,선행매집,192650,skip,sold_or_cooldown,d7a9fdc86839
14927162,2026-10-06 13:05:29,actions-trading,선행매집,022100,skip,below_anchor,b0bde2f74db1
14927162,2026-10-06 13:05:29,actions-trading,선행매집,028050,skip,below_anchor,4a73ce2a2ee2
14927162,2026-10-06 13:05:29,actions-trading,선행매집,010120,skip,below_anchor,f7eafc1324a3
14927162,2026-10-06 13:05:29,actions-trading,선행매집,015260,skip,amount,002a46417904
14927162,2026-10-06 13:05:29,actions-trading,선행매집,002990,skip,below_anchor,04573af35ce0
14927162,2026-10-06 13:05:29,actions-trading,선행매집,001510,skip,below_anchor,f34cfc7c8581
14927162,2026-10-06 13:05:29,actions-trading,선행매집,279570,skip,below_anchor,9926570d8cf0
14927162,2026-10-06 13:05:29,actions-trading,선행매집,005320,skip,amount,ea2dd508a40c
14927162,2026-10-06 13:05:29,actions-trading,Sim9,_gate,skip,outside_entry_window,e3b0c44298fc
14927162,2026-10-06 13:05:29,actions-trading,Sim9,003580,seen,,0cc0db317e20
14927162,2026-10-06 13:05:29,actions-trading,Sim9,480370,seen,,49dd31bfd031
14927162,2026-10-06 13:05:29,actions-trading,Sim9,006110,seen,,45ccdc9d6726
14927162,2026-10-06 13:05:29,actions-trading,Sim9,281820,seen,,f0dc8986a61f
14927162,2026-10-06 13:05:29,actions-trading,Sim9,000150,seen,,140457352f07
14927162,2026-10-06 13:05:29,actions-trading,Sim9,066970,seen,,a6cb2f565a51
14927162,2026-10-06 13:05:29,actions-trading,Sim9,002710,seen,,e57bbec17315
14927162,2026-10-06 13:05:29,actions-trading,Sim9,011070,seen,,1c55e55f2a9c
14927162,2026-10-06 13:05:29,actions-trading,Sim9,007660,seen,,044c81704a03
14927162,2026-10-06 13:05:29,actions-trading,Sim9,336370,seen,,03a08ad43865
14927162,2026-10-06 13:05:29,actions-trading,Sim9,008970,seen,,6013f1c9717b
14927162,2026-10-06 13:05:29,actions-trading,Sim9,462520,seen,,ca20d18f0309
14927162,2026-10-06 13:05:29,actions-trading,Sim9,005030,seen,,18033d31360b
14927162,2026-10-06 13:05:29,actions-trading,Sim9,006400,seen,,0076ff43bef4
14927162,2026-10-06 13:05:29,actions-trading,Sim9,018670,seen,,f4e5adbe4b31
14927162,2026-10-06 13:05:29,actions-trading,Sim9,002820,seen,,c36445cf3881
14927162,2026-10-06 13:05:29,actions-trading,Sim9,298020,seen,,ea095ef48b4c
14927162,2026-10-06 13:05:29,actions-trading,Sim9,066570,seen,,47d478a05650
14927162,2026-10-06 13:05:29,actions-trading,Sim9,007810,seen,,6aceb81d441c
14927162,2026-10-06 13:05:29,actions-trading,Sim9,066575,seen,,690a977de7ea
14927162,2026-10-06 13:05:29,actions-trading,Sim9,000157,seen,,86593386454f
14927162,2026-10-06 13:05:29,actions-trading,Sim9,000155,seen,,a179667679ac
14927162,2026-10-06 13:05:29,actions-trading,Sim9,005690,seen,,956e1455dc2f
14927162,2026-10-06 13:05:29,actions-trading,Sim9,063160,seen,,84d5e8d13caf
14927162,2026-10-06 13:05:29,actions-trading,Sim9,020150,seen,,a919d9edf13e
14927162,2026-10-06 13:05:29,actions-trading,Sim9,090460,seen,,6b967cfe2c98
14927162,2026-10-06 13:05:29,actions-trading,Sim9,353200,seen,,4f13813c3e9d
14927162,2026-10-06 13:05:29,actions-trading,Sim9,001250,seen,,3b7f606b86d5
14927162,2026-10-06 13:05:29,actions-trading,Sim9,005320,seen,,ea2dd508a40c
14927162,2026-10-06 13:05:29,actions-trading,Sim9,084010,seen,,3b13b07ffca2
14927162,2026-10-06 13:05:29,actions-trading,미너비니,192820,skip,below_pivot,74b4304fb26e
14927162,2026-10-06 13:05:29,actions-trading,미너비니,443060,skip,below_pivot,f80cff3afb7c
14927162,2026-10-06 13:05:29,actions-trading,Sim12,003580,skip,pb2_not_crashed,0cc0db317e20
14927162,2026-10-06 13:05:29,actions-trading,Sim12,480370,skip,pb2_not_crashed,49dd31bfd031
14927162,2026-10-06 13:05:29,actions-trading,Sim12,006110,skip,pb2_not_crashed,45ccdc9d6726
14927162,2026-10-06 13:05:29,actions-trading,Sim12,281820,skip,pb2_not_crashed,f0dc8986a61f
14927162,2026-10-06 13:05:29,actions-trading,Sim12,000150,skip,avoid_frgn_sell_20d,140457352f07
14927162,2026-10-06 13:05:29,actions-trading,Sim12,066970,skip,pb2_not_crashed,a6cb2f565a51
14927162,2026-10-06 13:05:29,actions-trading,Sim12,002710,skip,avoid_frgn_sell_20d,e57bbec17315
14927162,2026-10-06 13:05:29,actions-trading,Sim12,011070,skip,avoid_orgn_sell_high_per,1c55e55f2a9c
14927162,2026-10-06 13:05:29,actions-trading,Sim12,007660,skip,pb2_not_crashed,044c81704a03
14927162,2026-10-06 13:05:29,actions-trading,Sim12,336370,skip,avoid_frgn_sell_20d,03a08ad43865
14927162,2026-10-06 13:05:29,actions-trading,Sim12,008970,skip,pb2_not_crashed,6013f1c9717b
14927162,2026-10-06 13:05:29,actions-trading,Sim12,462520,skip,avoid_orgn_sell_high_per,ca20d18f0309
14927162,2026-10-06 13:05:29,actions-trading,Sim12,005030,skip,avoid_amount_dry,18033d31360b
14927162,2026-10-06 13:05:29,actions-trading,Sim12,006400,skip,pb2_not_crashed,0076ff43bef4
14927162,2026-10-06 13:05:29,actions-trading,Sim12,018670,skip,avoid_frgn_sell_20d,f4e5adbe4b31
14927162,2026-10-06 13:05:29,actions-trading,Sim12,002820,skip,avoid_deadcat,c36445cf3881
14927162,2026-10-06 13:05:29,actions-trading,Sim12,298020,skip,avoid_orgn_sell_high_per,ea095ef48b4c
14927162,2026-10-06 13:05:29,actions-trading,Sim12,066570,skip,pb2_not_crashed,47d478a05650
14927162,2026-10-06 13:05:29,actions-trading,Sim12,007810,skip,pb2_not_crashed,6aceb81d441c
14927162,2026-10-06 13:05:29,actions-trading,Sim12,066575,skip,pb2_not_crashed,690a977de7ea
14927162,2026-10-06 13:05:29,actions-trading,Sim12,000157,skip,pb2_thin_liquidity,86593386454f
14927162,2026-10-06 13:05:29,actions-trading,Sim12,000155,skip,pb2_thin_liquidity,a179667679ac
14927162,2026-10-06 13:05:29,actions-trading,Sim12,005690,skip,pb2_not_crashed,956e1455dc2f
14927162,2026-10-06 13:05:29,actions-trading,Sim12,063160,skip,avoid_frgn_sell_20d,84d5e8d13caf
14927162,2026-10-06 13:05:29,actions-trading,Sim12,020150,skip,avoid_frgn_sell_20d,a919d9edf13e
14927162,2026-10-06 13:05:29,actions-trading,Sim12,090460,skip,avoid_amount_dry,6b967cfe2c98
14927162,2026-10-06 13:05:29,actions-trading,Sim12,353200,skip,avoid_orgn_sell_high_per,4f13813c3e9d
14927162,2026-10-06 13:05:29,actions-trading,Sim12,001250,skip,pb2_not_crashed,3b7f606b86d5
14927162,2026-10-06 13:05:29,actions-trading,Sim12,005320,skip,pb2_not_crashed,ea2dd508a40c
14927162,2026-10-06 13:05:29,actions-trading,Sim12,084010,skip,avoid_frgn_sell_20d,3b13b07ffca2
14927162,2026-10-06 13:05:29,actions-trading,Sim12,005110,skip,avoid_amount_dry,914b6555b8ba
14927162,2026-10-06 13:05:29,actions-trading,Sim12,015260,skip,pb2_no_inst_buying,002a46417904
14927162,2026-10-06 13:05:29,actions-trading,Sim12,020120,skip,pb2_not_crashed,2e57ad67502f
14927162,2026-10-06 13:05:29,actions-trading,Sim12,004920,skip,pb2_not_crashed,18e66d1e78ec
14927162,2026-10-06 13:05:29,actions-trading,Sim12,001525,skip,avoid_amount_dry,65967eaa8037
14927162,2026-10-06 13:05:29,actions-trading,Sim12,003010,skip,pb2_not_crashed,103bfd3cb849
14927162,2026-10-06 13:05:29,actions-trading,Sim12,003350,skip,avoid_amount_dry,19316e1aab62
14927162,2026-10-06 13:05:29,actions-trading,Sim12,014915,skip,pb2_not_crashed,349afb6fc194
14927162,2026-10-06 13:05:29,actions-trading,Sim12,079550,skip,pb2_not_crashed,338a2361791d
14927162,2026-10-06 13:05:29,actions-trading,Sim12,002870,skip,avoid_frgn_sell_20d,587873b9e6e7
14927162,2026-10-06 13:05:29,actions-trading,Sim12,044820,skip,avoid_frgn_sell_20d,c0d2aaeb488c
14927162,2026-10-06 13:05:29,actions-trading,Sim12,036570,skip,pb2_not_crashed,118499df61c2
14927162,2026-10-06 13:05:29,actions-trading,Sim12,084680,skip,avoid_frgn_sell_20d,77e5ecff454d
14927162,2026-10-06 13:05:29,actions-trading,Sim12,071950,skip,pb2_no_inst_buying,b09603233c40
14927162,2026-10-06 13:05:29,actions-trading,Sim12,001380,skip,avoid_frgn_sell_20d,ff0024d0c61b
14927162,2026-10-06 13:05:29,actions-trading,Sim12,002787,skip,avoid_amount_dry,edd7a384e62b
14927162,2026-10-06 13:05:29,actions-trading,Sim12,002785,skip,pb2_no_inst_buying,e4fdd2ca22c5
14927162,2026-10-06 13:05:29,actions-trading,Sim12,051630,skip,avoid_amount_dry,13e15b7cb21f
14927162,2026-10-06 13:05:29,actions-trading,Sim12,003570,skip,avoid_frgn_sell_20d,ac5b5eb3fe50
14927162,2026-10-06 13:05:29,actions-trading,Sim12,465770,skip,avoid_amount_dry,5f8f6a3b325a
14927162,2026-10-06 13:05:29,actions-trading,Sim12,443060,skip,avoid_amount_dry,f80cff3afb7c
14927162,2026-10-06 13:05:29,actions-trading,Sim12,100840,skip,avoid_amount_dry,58d2a74c35f1
14927162,2026-10-06 13:05:29,actions-trading,Sim12,109070,skip,pb2_not_crashed,0a4b9784ab78
14927162,2026-10-06 13:05:29,actions-trading,Sim12,005880,skip,pb2_not_crashed,324699e77c9b
14927162,2026-10-06 13:05:29,actions-trading,Sim12,027740,skip,avoid_frgn_sell_20d,a923e18a33f7
14927162,2026-10-06 13:05:29,actions-trading,Sim12,088790,skip,avoid_amount_dry,2cb2bd0bc22c
14927162,2026-10-06 13:05:29,actions-trading,Sim12,009190,skip,pb2_no_inst_buying,16dda764148b
14927162,2026-10-06 13:05:29,actions-trading,Sim12,011300,skip,avoid_amount_dry,969098e680d3
14927162,2026-10-06 13:05:29,actions-trading,Sim12,026960,skip,pb2_not_crashed,56a06cc4d086
14927162,2026-10-06 13:05:29,actions-trading,Sim12,064350,skip,avoid_frgn_sell_20d,f286e1f6c64b
14927162,2026-10-06 13:05:29,actions-trading,Sim13,003580,skip,theme_momentum_weak,0cc0db317e20
14927162,2026-10-06 13:05:29,actions-trading,Sim13,480370,skip,no_frgn_support,49dd31bfd031
14927162,2026-10-06 13:05:29,actions-trading,Sim13,006110,skip,theme_momentum_weak,45ccdc9d6726
14927162,2026-10-06 13:05:29,actions-trading,Sim13,281820,skip,no_frgn_support,f0dc8986a61f
14927162,2026-10-06 13:05:29,actions-trading,Sim13,000150,skip,adx_weak,140457352f07
14927162,2026-10-06 13:05:29,actions-trading,Sim13,066970,skip,theme_momentum_weak,a6cb2f565a51
14927162,2026-10-06 13:05:29,actions-trading,Sim13,002710,skip,adx_weak,e57bbec17315
14927162,2026-10-06 13:05:29,actions-trading,Sim13,011070,skip,theme_momentum_weak,1c55e55f2a9c
14927162,2026-10-06 13:05:29,actions-trading,Sim13,007660,skip,adx_weak,044c81704a03
14927162,2026-10-06 13:05:29,actions-trading,Sim13,336370,skip,adx_weak,03a08ad43865
14927162,2026-10-06 13:05:29,actions-trading,Sim13,008970,skip,adx_weak,6013f1c9717b
14927162,2026-10-06 13:05:29,actions-trading,Sim13,462520,skip,theme_momentum_weak,ca20d18f0309
14927162,2026-10-06 13:05:29,actions-trading,Sim13,005030,skip,theme_momentum_weak,18033d31360b
14927162,2026-10-06 13:05:29,actions-trading,Sim13,006400,skip,theme_momentum_weak,0076ff43bef4
14927162,2026-10-06 13:05:29,actions-trading,Sim13,018670,skip,theme_momentum_weak,f4e5adbe4b31
14927162,2026-10-06 13:05:29,actions-trading,Sim13,002820,skip,theme_momentum_weak,c36445cf3881
14927162,2026-10-06 13:05:29,actions-trading,Sim13,298020,skip,theme_momentum_weak,ea095ef48b4c
14927162,2026-10-06 13:05:29,actions-trading,Sim13,066570,skip,theme_momentum_weak,47d478a05650
14927162,2026-10-06 13:05:29,actions-trading,Sim13,007810,skip,amount_not_surprised,6aceb81d441c
14927162,2026-10-06 13:05:29,actions-trading,Sim13,066575,skip,theme_momentum_weak,690a977de7ea
14927162,2026-10-06 13:05:29,actions-trading,Sim13,000157,skip,theme_momentum_weak,86593386454f
14927162,2026-10-06 13:05:29,actions-trading,Sim13,000155,skip,theme_momentum_weak,a179667679ac
14927162,2026-10-06 13:05:29,actions-trading,Sim13,005690,skip,adx_weak,956e1455dc2f
14927162,2026-10-06 13:05:29,actions-trading,Sim13,063160,skip,theme_momentum_weak,84d5e8d13caf
14927162,2026-10-06 13:05:29,actions-trading,Sim13,020150,skip,no_frgn_support,a919d9edf13e
14927162,2026-10-06 13:05:29,actions-trading,Sim13,090460,skip,theme_momentum_weak,6b967cfe2c98
14927162,2026-10-06 13:05:29,actions-trading,Sim13,353200,skip,amount_not_surprised,4f13813c3e9d
14927162,2026-10-06 13:05:29,actions-trading,Sim13,001250,skip,theme_momentum_weak,3b7f606b86d5
14927162,2026-10-06 13:05:29,actions-trading,Sim13,005320,skip,adx_weak,ea2dd508a40c
14927162,2026-10-06 13:05:29,actions-trading,Sim13,084010,skip,theme_momentum_weak,3b13b07ffca2
14927162,2026-10-06 13:05:29,actions-trading,Sim14,_gate,skip,regime_blocked,e3b0c44298fc
14927162,2026-10-06 13:05:29,actions-trading,Sim15,_gate,skip,already_rebalanced,e3b0c44298fc
14927162,2026-10-06 13:05:29,actions-trading,Sim15,069500,seen,,aeb7ab37d79d
14927162,2026-10-06 13:05:29,actions-trading,Sim15,133690,seen,,0f36c8869560
14927162,2026-10-06 13:05:29,actions-trading,Sim15,148070,seen,,db3889680099
14927162,2026-10-06 13:05:29,actions-trading,Sim16,_gate,skip,already_rebalanced,e3b0c44298fc
14927162,2026-10-06 13:05:29,actions-trading,Sim16,122630,seen,,6f289b9e512f
14927162,2026-10-06 13:05:29,actions-trading,Sim16,418660,seen,,cae360e791a4
14927162,2026-10-06 13:05:29,actions-trading,Sim16,148070,seen,,db3889680099
14927163,2026-10-06 13:06:52,actions-trading,Sim3,402340,skip,qty_zero,51dbb80e3ca0
14927163,2026-10-06 13:06:52,actions-trading,Sim3,383800,skip,amount,04f434383d7c
14927163,2026-10-06 13:06:52,actions-trading,Sim3,462870,skip,amount,dfdacf5cb207
14927163,2026-10-06 13:06:52,actions-trading,Sim3,000660,skip,qty_zero,9caf50e3ed42
14927163,2026-10-06 13:06:52,actions-trading,Sim3,071970,skip,cooldown,0bb792d31d1c
14927163,2026-10-06 13:06:52,actions-trading,Sim3,042700,skip,not_cheap,97b87537800a
14927163,2026-10-06 13:06:52,actions-trading,Sim3,326030,skip,cooldown,d36adb93aff4
14927163,2026-10-06 13:06:52,actions-trading,Sim3,207940,skip,not_cheap,4b6b1a34dfa6
14927163,2026-10-06 13:06:52,actions-trading,Sim3,033920,skip,amount,d3568f7dd0a9
14927163,2026-10-06 13:06:52,actions-trading,Sim3,004770,skip,amount,84704b1538b1
14927163,2026-10-06 13:06:52,actions-trading,Sim3,0126Z0,skip,not_cheap,bc1e2db7fef2
14927163,2026-10-06 13:06:52,actions-trading,Sim3,062040,skip,not_cheap,4b84b0454dff
14927163,2026-10-06 13:06:52,actions-trading,Sim3,317450,skip,amount,4d136816abaf
14927163,2026-10-06 13:06:52,actions-trading,Sim3,026960,skip,amount,9999c6d64285
14927163,2026-10-06 13:06:52,actions-trading,Sim3,021820,skip,amount,4eca82215890
14927163,2026-10-06 13:06:52,actions-trading,Sim3,192080,skip,amount,1a7ec74a781c
14927163,2026-10-06 13:06:52,actions-trading,Sim3,068270,skip,cooldown,8ccedbe499cf
14927163,2026-10-06 13:06:52,actions-trading,Sim3,123890,skip,amount,cc462697b4f7
14927163,2026-10-06 13:06:52,actions-trading,Sim3,000240,skip,amount,762494c9a3e6
14927163,2026-10-06 13:06:52,actions-trading,Sim3,002380,skip,amount,f1115fa1ea86
14927163,2026-10-06 13:06:52,actions-trading,Sim3,009770,skip,amount,777ccc54b06d
14927163,2026-10-06 13:06:52,actions-trading,Sim3,259960,skip,cooldown,d16fa20d19ae
14927163,2026-10-06 13:06:52,actions-trading,Sim3,035250,skip,amount,93132d77165d
14927163,2026-10-06 13:06:52,actions-trading,Sim3,383220,skip,amount,ce5f3f4467f4
14927163,2026-10-06 13:06:52,actions-trading,Sim3,226320,skip,amount,3bb8d0e7c2d9
14927163,2026-10-06 13:06:52,actions-trading,Sim3,439260,skip,amount,0e2af047c071
14927163,2026-10-06 13:06:52,actions-trading,Sim3,025560,skip,cooldown,e5f80444c8e2
14927163,2026-10-06 13:06:52,actions-trading,Sim3,007700,skip,amount,b625a1346b03
14927163,2026-10-06 13:06:52,actions-trading,Sim3,278470,skip,not_cheap,e05435aedadb
14927163,2026-10-06 13:06:52,actions-trading,Sim3,000990,skip,not_cheap,7118ab6090af
14927163,2026-10-06 13:07:29,actions-trading,MFHS2,018880,skip,max_holdings,968d2e88ad33
14927163,2026-10-06 13:07:29,actions-trading,MFHS2,047040,seen,,26d2bfab5ed1
14927163,2026-10-06 13:07:29,actions-trading,MFHS2,007660,seen,,ebbd89464362
14927163,2026-10-06 13:07:29,actions-trading,MFHS2,066570,seen,,5f99e6daef67
14927163,2026-10-06 13:07:29,actions-trading,MFHS2,005690,seen,,d3003ccf5dcb
14927163,2026-10-06 13:07:29,actions-trading,MFHS2,002710,seen,,4a297997ae87
14927163,2026-10-06 13:07:29,actions-trading,MFHS2,006800,seen,,8ce7e8b6aa00
14927163,2026-10-06 13:07:29,actions-trading,MFHS2,025560,seen,,999fe5725925
14927163,2026-10-06 13:07:29,actions-trading,MFHS2,088350,seen,,0e75863a1639
14927163,2026-10-06 13:07:29,actions-trading,MFHS2,005360,seen,,b344e398426b
14927163,2026-10-06 13:07:29,actions-trading,MFHS2,0220W0,seen,,4784bbfd0c82
14927163,2026-10-06 13:07:29,actions-trading,MFHS2,009150,seen,,b66b3f739b31
14927163,2026-10-06 13:07:29,actions-trading,MFHS2,460860,seen,,44dcb16b34ea
14927163,2026-10-06 13:07:29,actions-trading,MFHS2,011070,seen,,b2c3550d4af5
14927163,2026-10-06 13:07:29,actions-trading,MFHS2,006400,seen,,bdcb0e17a9f4
14927163,2026-10-06 13:07:29,actions-trading,MFHS2,009190,seen,,0bd988cd4527
14927163,2026-10-06 13:07:29,actions-trading,MFHS2,001230,seen,,c3f1c35d6745
14927163,2026-10-06 13:07:29,actions-trading,MFHS2,452260,seen,,ef85919d3049
14927163,2026-10-06 13:07:29,actions-trading,MFHS2,003620,seen,,60494005096e
14927163,2026-10-06 13:07:29,actions-trading,MFHS2,028050,seen,,e48572bd263f
14927163,2026-10-06 13:07:29,actions-trading,MFHS2,317400,seen,,3bc70ee6970f
14927163,2026-10-06 13:07:29,actions-trading,MFHS2,001510,seen,,09b2fbceb26d
14927163,2026-10-06 13:07:29,actions-trading,MFHS2,010120,seen,,d7e87dc31c74
14927163,2026-10-06 13:07:29,actions-trading,MFHS2,015260,seen,,1bee8cb27fca
14927163,2026-10-06 13:07:29,actions-trading,MFHS2,090460,seen,,6fd0e793000d
14927163,2026-10-06 13:07:29,actions-trading,MFHS2,022100,seen,,d31596f4fcc9
14927163,2026-10-06 13:07:29,actions-trading,MFHS2,002990,seen,,babdfc8deef3
14927163,2026-10-06 13:07:29,actions-trading,MFHS2,279570,seen,,75555cd52024
14927163,2026-10-06 13:07:29,actions-trading,MFHS2,002700,seen,,1e17cc8633a3
14927163,2026-10-06 13:07:29,actions-trading,MFHS2,004020,seen,,fc606841faa2
14927163,2026-10-06 13:07:30,actions-trading,상승모멘텀,480370,skip,adx_high,a3a02b4574cb
14927163,2026-10-06 13:07:30,actions-trading,상승모멘텀,003580,skip,adx_high,918ffc873509
14927163,2026-10-06 13:07:30,actions-trading,상승모멘텀,281820,skip,adx_high,7edf3c7f4fc8
14927163,2026-10-06 13:07:30,actions-trading,상승모멘텀,006110,skip,adx_high,9e326d1cf016
14927163,2026-10-06 13:07:30,actions-trading,상승모멘텀,000150,skip,adx_high,5d205b3fbd0a
14927163,2026-10-06 13:07:30,actions-trading,상승모멘텀,066970,skip,adx_low,dbf58c6c32cd
14927163,2026-10-06 13:07:30,actions-trading,상승모멘텀,002710,skip,tick,4a297997ae87
14927163,2026-10-06 13:07:30,actions-trading,상승모멘텀,007660,skip,held_or_sold_today,ebbd89464362
14927163,2026-10-06 13:07:30,actions-trading,상승모멘텀,011070,skip,adx_low,b2c3550d4af5
14927163,2026-10-06 13:07:30,actions-trading,상승모멘텀,336370,skip,adx_high,39044b022d46
14927163,2026-10-06 13:07:30,actions-trading,상승모멘텀,008970,skip,tick,9f4535d25835
14927163,2026-10-06 13:07:30,actions-trading,상승모멘텀,005030,skip,amount,18033d31360b
14927163,2026-10-06 13:07:30,actions-trading,상승모멘텀,066570,skip,adx_low,5f99e6daef67
14927163,2026-10-06 13:07:30,actions-trading,상승모멘텀,006400,skip,adx_low,bdcb0e17a9f4
14927163,2026-10-06 13:07:30,actions-trading,상승모멘텀,007810,skip,adx_high,beece67a2efc
14927163,2026-10-06 13:07:30,actions-trading,상승모멘텀,002820,skip,amount,c36445cf3881
14927163,2026-10-06 13:07:30,actions-trading,상승모멘텀,018670,skip,period,934e8bfae9d6
14927163,2026-10-06 13:07:30,actions-trading,상승모멘텀,462520,skip,period,e6ee059a0909
14927163,2026-10-06 13:07:30,actions-trading,상승모멘텀,066575,skip,adx_high,250a246abb0b
14927163,2026-10-06 13:07:30,actions-trading,상승모멘텀,298020,skip,adx_high,69de633b2c2a
14927163,2026-10-06 13:07:30,actions-trading,상승모멘텀,000157,skip,amount,86593386454f
14927163,2026-10-06 13:07:30,actions-trading,상승모멘텀,000155,skip,adx_high,dd64c5491843
14927163,2026-10-06 13:07:30,actions-trading,상승모멘텀,005690,skip,period,d3003ccf5dcb
14927163,2026-10-06 13:07:30,actions-trading,상승모멘텀,020150,skip,held_or_sold_today,22ee08f84d92
14927163,2026-10-06 13:07:30,actions-trading,상승모멘텀,063160,skip,amount,d6065c8a78fd
14927163,2026-10-06 13:07:30,actions-trading,상승모멘텀,001250,skip,adx_high,e91f77b8caee
14927163,2026-10-06 13:07:30,actions-trading,상승모멘텀,353200,skip,adx_high,bcefb2b5a885
14927163,2026-10-06 13:07:30,actions-trading,상승모멘텀,090460,skip,period,6fd0e793000d
14927163,2026-10-06 13:07:30,actions-trading,상승모멘텀,006405,skip,amount,9dcfef347c0c
14927163,2026-10-06 13:07:30,actions-trading,상승모멘텀,005320,skip,amount,10c2f5dd0c8d
14927163,2026-10-06 13:07:30,actions-trading,Sim6,_gate,skip,already_rebalanced,e3b0c44298fc
14927163,2026-10-06 13:07:30,actions-trading,Sim6,069500,seen,,620d1f9256e1
14927163,2026-10-06 13:07:30,actions-trading,Sim6,360750,seen,,9caa1d14a0c5
14927163,2026-10-06 13:07:30,actions-trading,Sim6,148070,seen,,7114c76abdd5
14927163,2026-10-06 13:07:30,actions-trading,Sim6,411060,seen,,0e5d32fd8fdb
14927163,2026-10-06 13:07:30,actions-trading,Sim6,305080,seen,,dad84ec6cf27
14927163,2026-10-06 13:07:30,actions-trading,Sim6,357870,seen,,15b1cf3be74a
14927163,2026-10-06 13:07:31,actions-trading,Sim4-1,480370,skip,adx_high,a3a02b4574cb
14927163,2026-10-06 13:07:31,actions-trading,Sim4-1,003580,skip,adx_high,918ffc873509
14927163,2026-10-06 13:07:31,actions-trading,Sim4-1,281820,skip,adx_high,7edf3c7f4fc8
14927163,2026-10-06 13:07:31,actions-trading,Sim4-1,006110,skip,adx_high,9e326d1cf016
14927163,2026-10-06 13:07:31,actions-trading,Sim4-1,000150,skip,adx_high,5d205b3fbd0a
14927163,2026-10-06 13:07:31,actions-trading,Sim4-1,066970,skip,adx_low,dbf58c6c32cd
14927163,2026-10-06 13:07:31,actions-trading,Sim4-1,002710,skip,held_or_cooldown,4a297997ae87
14927163,2026-10-06 13:07:31,actions-trading,Sim4-1,007660,skip,held_or_cooldown,ebbd89464362
14927163,2026-10-06 13:07:31,actions-trading,Sim4-1,011070,skip,adx_low,b2c3550d4af5
14927163,2026-10-06 13:07:31,actions-trading,Sim4-1,336370,skip,adx_high,39044b022d46
14927163,2026-10-06 13:07:31,actions-trading,Sim4-1,008970,skip,held_or_cooldown,9f4535d25835
14927163,2026-10-06 13:07:31,actions-trading,Sim4-1,005030,skip,amount,18033d31360b
14927163,2026-10-06 13:07:31,actions-trading,Sim4-1,066570,skip,adx_low,5f99e6daef67
14927163,2026-10-06 13:07:31,actions-trading,Sim4-1,006400,skip,adx_low,bdcb0e17a9f4
14927163,2026-10-06 13:07:31,actions-trading,Sim4-1,007810,skip,adx_high,beece67a2efc
14927163,2026-10-06 13:07:31,actions-trading,Sim4-1,002820,skip,amount,c36445cf3881
14927163,2026-10-06 13:07:31,actions-trading,Sim4-1,018670,skip,period,934e8bfae9d6
14927163,2026-10-06 13:07:31,actions-trading,Sim4-1,462520,skip,period,e6ee059a0909
14927163,2026-10-06 13:07:31,actions-trading,Sim4-1,066575,skip,adx_high,250a246abb0b
14927163,2026-10-06 13:07:31,actions-trading,Sim4-1,298020,skip,adx_high,69de633b2c2a
14927163,2026-10-06 13:07:31,actions-trading,Sim4-1,000157,skip,amount,86593386454f
14927163,2026-10-06 13:07:31,actions-trading,Sim4-1,000155,skip,adx_high,dd64c5491843
14927163,2026-10-06 13:07:31,actions-trading,Sim4-1,005690,skip,period,d3003ccf5dcb
14927163,2026-10-06 13:07:31,actions-trading,Sim4-1,020150,skip,held_or_cooldown,22ee08f84d92
14927163,2026-10-06 13:07:31,actions-trading,Sim4-1,063160,skip,amount,d6065c8a78fd
14927163,2026-10-06 13:07:31,actions-trading,Sim4-1,001250,skip,adx_high,e91f77b8caee
14927163,2026-10-06 13:07:31,actions-trading,Sim4-1,353200,skip,adx_high,bcefb2b5a885
14927163,2026-10-06 13:07:31,actions-trading,Sim4-1,090460,skip,period,6fd0e793000d
14927163,2026-10-06 13:07:31,actions-trading,Sim4-1,006405,skip,amount,9dcfef347c0c
14927163,2026-10-06 13:07:31,actions-trading,Sim4-1,005320,skip,amount,10c2f5dd0c8d
14927163,2026-10-06 13:07:32,actions-trading,선행매집,018880,skip,below_anchor,968d2e88ad33
14927163,2026-10-06 13:07:32,actions-trading,선행매집,047040,skip,below_anchor,26d2bfab5ed1
14927163,2026-10-06 13:07:32,actions-trading,선행매집,007660,skip,below_anchor,ebbd89464362
14927163,2026-10-06 13:07:32,actions-trading,선행매집,066570,skip,below_anchor,5f99e6daef67
14927163,2026-10-06 13:07:32,actions-trading,선행매집,002710,skip,below_anchor,4a297997ae87
14927163,2026-10-06 13:07:32,actions-trading,선행매집,005930,skip,below_anchor,fb5d6d28a8b3
14927163,2026-10-06 13:07:32,actions-trading,선행매집,006800,skip,below_anchor,8ce7e8b6aa00
14927163,2026-10-06 13:07:32,actions-trading,선행매집,005690,skip,below_anchor,d3003ccf5dcb
14927163,2026-10-06 13:07:32,actions-trading,선행매집,025560,skip,below_anchor,999fe5725925
14927163,2026-10-06 13:07:32,actions-trading,선행매집,088350,skip,below_anchor,0e75863a1639
14927163,2026-10-06 13:07:32,actions-trading,선행매집,336370,skip,below_anchor,39044b022d46
14927163,2026-10-06 13:07:32,actions-trading,선행매집,006400,skip,below_anchor,bdcb0e17a9f4
14927163,2026-10-06 13:07:32,actions-trading,선행매집,0220W0,skip,below_anchor,4784bbfd0c82
14927163,2026-10-06 13:07:32,actions-trading,선행매집,005360,skip,amount,b344e398426b
14927163,2026-10-06 13:07:32,actions-trading,선행매집,009150,skip,below_anchor,b66b3f739b31
14927163,2026-10-06 13:07:32,actions-trading,선행매집,460860,skip,below_anchor,44dcb16b34ea
14927163,2026-10-06 13:07:32,actions-trading,선행매집,011070,skip,below_anchor,b2c3550d4af5
14927163,2026-10-06 13:07:32,actions-trading,선행매집,009190,skip,below_anchor,0bd988cd4527
14927163,2026-10-06 13:07:32,actions-trading,선행매집,003620,skip,below_anchor,60494005096e
14927163,2026-10-06 13:07:32,actions-trading,선행매집,001230,skip,amount,c3f1c35d6745
14927163,2026-10-06 13:07:32,actions-trading,선행매집,452260,skip,below_anchor,ef85919d3049
14927163,2026-10-06 13:07:32,actions-trading,선행매집,192650,skip,sold_or_cooldown,6943e95a5e6e
14927163,2026-10-06 13:07:32,actions-trading,선행매집,022100,skip,below_anchor,d31596f4fcc9
14927163,2026-10-06 13:07:32,actions-trading,선행매집,028050,skip,below_anchor,e48572bd263f
14927163,2026-10-06 13:07:32,actions-trading,선행매집,010120,skip,below_anchor,d7e87dc31c74
14927163,2026-10-06 13:07:32,actions-trading,선행매집,015260,skip,amount,1bee8cb27fca
14927163,2026-10-06 13:07:32,actions-trading,선행매집,002990,skip,below_anchor,babdfc8deef3
14927163,2026-10-06 13:07:32,actions-trading,선행매집,001510,skip,below_anchor,09b2fbceb26d
14927163,2026-10-06 13:07:32,actions-trading,선행매집,279570,skip,below_anchor,75555cd52024
14927163,2026-10-06 13:07:32,actions-trading,선행매집,005320,skip,amount,10c2f5dd0c8d
14927163,2026-10-06 13:07:32,actions-trading,Sim9,_gate,skip,outside_entry_window,e3b0c44298fc
14927163,2026-10-06 13:07:32,actions-trading,Sim9,480370,seen,,a3a02b4574cb
14927163,2026-10-06 13:07:32,actions-trading,Sim9,003580,seen,,918ffc873509
14927163,2026-10-06 13:07:32,actions-trading,Sim9,281820,seen,,7edf3c7f4fc8
14927163,2026-10-06 13:07:32,actions-trading,Sim9,006110,seen,,9e326d1cf016
14927163,2026-10-06 13:07:32,actions-trading,Sim9,000150,seen,,5d205b3fbd0a
14927163,2026-10-06 13:07:32,actions-trading,Sim9,066970,seen,,dbf58c6c32cd
14927163,2026-10-06 13:07:32,actions-trading,Sim9,002710,seen,,4a297997ae87
14927163,2026-10-06 13:07:32,actions-trading,Sim9,007660,seen,,ebbd89464362
14927163,2026-10-06 13:07:32,actions-trading,Sim9,011070,seen,,b2c3550d4af5
14927163,2026-10-06 13:07:32,actions-trading,Sim9,336370,seen,,39044b022d46
14927163,2026-10-06 13:07:32,actions-trading,Sim9,008970,seen,,9f4535d25835
14927163,2026-10-06 13:07:32,actions-trading,Sim9,005030,seen,,18033d31360b
14927163,2026-10-06 13:07:32,actions-trading,Sim9,066570,seen,,5f99e6daef67
14927163,2026-10-06 13:07:32,actions-trading,Sim9,006400,seen,,bdcb0e17a9f4
14927163,2026-10-06 13:07:32,actions-trading,Sim9,007810,seen,,beece67a2efc
14927163,2026-10-06 13:07:32,actions-trading,Sim9,002820,seen,,c36445cf3881
14927163,2026-10-06 13:07:32,actions-trading,Sim9,018670,seen,,934e8bfae9d6
14927163,2026-10-06 13:07:32,actions-trading,Sim9,462520,seen,,e6ee059a0909
14927163,2026-10-06 13:07:32,actions-trading,Sim9,066575,seen,,250a246abb0b
14927163,2026-10-06 13:07:32,actions-trading,Sim9,298020,seen,,69de633b2c2a
14927163,2026-10-06 13:07:32,actions-trading,Sim9,000157,seen,,86593386454f
14927163,2026-10-06 13:07:32,actions-trading,Sim9,000155,seen,,dd64c5491843
14927163,2026-10-06 13:07:32,actions-trading,Sim9,005690,seen,,d3003ccf5dcb
14927163,2026-10-06 13:07:32,actions-trading,Sim9,020150,seen,,22ee08f84d92
14927163,2026-10-06 13:07:32,actions-trading,Sim9,063160,seen,,d6065c8a78fd
14927163,2026-10-06 13:07:32,actions-trading,Sim9,001250,seen,,e91f77b8caee
14927163,2026-10-06 13:07:32,actions-trading,Sim9,353200,seen,,bcefb2b5a885
14927163,2026-10-06 13:07:32,actions-trading,Sim9,090460,seen,,6fd0e793000d
14927163,2026-10-06 13:07:32,actions-trading,Sim9,006405,seen,,9dcfef347c0c
14927163,2026-10-06 13:07:32,actions-trading,Sim9,005320,seen,,10c2f5dd0c8d
14927163,2026-10-06 13:07:32,actions-trading,미너비니,192820,skip,below_pivot,41de1f374d76
14927163,2026-10-06 13:07:32,actions-trading,미너비니,443060,skip,below_pivot,ced7400cf318
14927163,2026-10-06 13:07:32,actions-trading,Sim12,480370,skip,pb2_not_crashed,a3a02b4574cb
14927163,2026-10-06 13:07:32,actions-trading,Sim12,003580,skip,pb2_not_crashed,918ffc873509
14927163,2026-10-06 13:07:32,actions-trading,Sim12,281820,skip,pb2_not_crashed,7edf3c7f4fc8
14927163,2026-10-06 13:07:32,actions-trading,Sim12,006110,skip,pb2_not_crashed,9e326d1cf016
14927163,2026-10-06 13:07:32,actions-trading,Sim12,000150,skip,avoid_frgn_sell_20d,5d205b3fbd0a
14927163,2026-10-06 13:07:32,actions-trading,Sim12,066970,skip,pb2_not_crashed,dbf58c6c32cd
14927163,2026-10-06 13:07:32,actions-trading,Sim12,002710,skip,avoid_frgn_sell_20d,4a297997ae87
14927163,2026-10-06 13:07:32,actions-trading,Sim12,007660,skip,pb2_not_crashed,ebbd89464362
14927163,2026-10-06 13:07:32,actions-trading,Sim12,011070,skip,avoid_orgn_sell_high_per,b2c3550d4af5
14927163,2026-10-06 13:07:32,actions-trading,Sim12,336370,skip,avoid_frgn_sell_20d,39044b022d46
14927163,2026-10-06 13:07:32,actions-trading,Sim12,008970,skip,pb2_not_crashed,9f4535d25835
14927163,2026-10-06 13:07:32,actions-trading,Sim12,005030,skip,avoid_amount_dry,18033d31360b
14927163,2026-10-06 13:07:32,actions-trading,Sim12,066570,skip,pb2_not_crashed,5f99e6daef67
14927163,2026-10-06 13:07:32,actions-trading,Sim12,006400,skip,pb2_not_crashed,bdcb0e17a9f4
14927163,2026-10-06 13:07:32,actions-trading,Sim12,007810,skip,pb2_not_crashed,beece67a2efc
14927163,2026-10-06 13:07:32,actions-trading,Sim12,002820,skip,avoid_deadcat,c36445cf3881
14927163,2026-10-06 13:07:32,actions-trading,Sim12,018670,skip,avoid_frgn_sell_20d,934e8bfae9d6
14927163,2026-10-06 13:07:32,actions-trading,Sim12,462520,skip,avoid_orgn_sell_high_per,e6ee059a0909
14927163,2026-10-06 13:07:32,actions-trading,Sim12,066575,skip,pb2_not_crashed,250a246abb0b
14927163,2026-10-06 13:07:32,actions-trading,Sim12,298020,skip,avoid_orgn_sell_high_per,69de633b2c2a
14927163,2026-10-06 13:07:32,actions-trading,Sim12,000157,skip,pb2_thin_liquidity,86593386454f
14927163,2026-10-06 13:07:32,actions-trading,Sim12,000155,skip,pb2_thin_liquidity,dd64c5491843
14927163,2026-10-06 13:07:32,actions-trading,Sim12,005690,skip,pb2_not_crashed,d3003ccf5dcb
14927163,2026-10-06 13:07:32,actions-trading,Sim12,020150,skip,avoid_frgn_sell_20d,22ee08f84d92
14927163,2026-10-06 13:07:32,actions-trading,Sim12,063160,skip,avoid_frgn_sell_20d,d6065c8a78fd
14927163,2026-10-06 13:07:32,actions-trading,Sim12,001250,skip,pb2_not_crashed,e91f77b8caee
14927163,2026-10-06 13:07:32,actions-trading,Sim12,353200,skip,avoid_orgn_sell_high_per,bcefb2b5a885
14927163,2026-10-06 13:07:32,actions-trading,Sim12,090460,skip,avoid_amount_dry,6fd0e793000d
14927163,2026-10-06 13:07:32,actions-trading,Sim12,006405,skip,pb2_not_crashed,9dcfef347c0c
14927163,2026-10-06 13:07:32,actions-trading,Sim12,005320,skip,pb2_not_crashed,10c2f5dd0c8d
14927163,2026-10-06 13:07:32,actions-trading,Sim12,005110,skip,avoid_amount_dry,914b6555b8ba
14927163,2026-10-06 13:07:32,actions-trading,Sim12,015260,skip,pb2_no_inst_buying,1bee8cb27fca
14927163,2026-10-06 13:07:32,actions-trading,Sim12,020120,skip,pb2_not_crashed,33e7c6fb6826
14927163,2026-10-06 13:07:32,actions-trading,Sim12,004920,skip,pb2_not_crashed,964ecb0af9f8
14927163,2026-10-06 13:07:32,actions-trading,Sim12,001525,skip,avoid_amount_dry,65967eaa8037
14927163,2026-10-06 13:07:32,actions-trading,Sim12,003010,skip,pb2_not_crashed,de9f5f974fb0
14927163,2026-10-06 13:07:32,actions-trading,Sim12,014915,skip,pb2_not_crashed,349afb6fc194
14927163,2026-10-06 13:07:32,actions-trading,Sim12,003350,skip,avoid_amount_dry,154711929c46
14927163,2026-10-06 13:07:32,actions-trading,Sim12,002870,skip,avoid_frgn_sell_20d,587873b9e6e7
14927163,2026-10-06 13:07:32,actions-trading,Sim12,001380,skip,avoid_frgn_sell_20d,be7ecb1972f9
14927163,2026-10-06 13:07:32,actions-trading,Sim12,079550,skip,pb2_not_crashed,2f194cee23ff
14927163,2026-10-06 13:07:32,actions-trading,Sim12,071950,skip,pb2_no_inst_buying,91c128d2ce0f
14927163,2026-10-06 13:07:32,actions-trading,Sim12,044820,skip,avoid_frgn_sell_20d,c0d2aaeb488c
14927163,2026-10-06 13:07:32,actions-trading,Sim12,084680,skip,avoid_frgn_sell_20d,c1be121c10ec
14927163,2026-10-06 13:07:32,actions-trading,Sim12,036570,skip,pb2_not_crashed,151a7b0fd07f
14927163,2026-10-06 13:07:32,actions-trading,Sim12,002787,skip,avoid_amount_dry,edd7a384e62b
14927163,2026-10-06 13:07:32,actions-trading,Sim12,002785,skip,pb2_no_inst_buying,e4fdd2ca22c5
14927163,2026-10-06 13:07:32,actions-trading,Sim12,003570,skip,avoid_frgn_sell_20d,37baa42735b5
14927163,2026-10-06 13:07:32,actions-trading,Sim12,051630,skip,avoid_amount_dry,d4bf9ac2eb3a
14927163,2026-10-06 13:07:32,actions-trading,Sim12,465770,skip,avoid_amount_dry,8e5837787054
14927163,2026-10-06 13:07:32,actions-trading,Sim12,004980,skip,avoid_frgn_sell_20d,6a688f8af966
14927163,2026-10-06 13:07:32,actions-trading,Sim12,443060,skip,avoid_amount_dry,ced7400cf318
14927163,2026-10-06 13:07:32,actions-trading,Sim12,005880,skip,pb2_not_crashed,e72ea970c331
14927163,2026-10-06 13:07:32,actions-trading,Sim12,109070,skip,pb2_not_crashed,3689271760e3
14927163,2026-10-06 13:07:32,actions-trading,Sim12,100840,skip,avoid_amount_dry,3f6d2895c230
14927163,2026-10-06 13:07:32,actions-trading,Sim12,027740,skip,avoid_frgn_sell_20d,a923e18a33f7
14927163,2026-10-06 13:07:32,actions-trading,Sim12,011300,skip,avoid_amount_dry,969098e680d3
14927163,2026-10-06 13:07:32,actions-trading,Sim12,064350,skip,avoid_frgn_sell_20d,3b68a7768663
14927163,2026-10-06 13:07:32,actions-trading,Sim12,026960,skip,pb2_not_crashed,9999c6d64285
14927163,2026-10-06 13:07:32,actions-trading,Sim12,207940,skip,avoid_orgn_sell_high_per,e3ad7d8e84a7
14927163,2026-10-06 13:07:32,actions-trading,Sim13,480370,skip,no_frgn_support,a3a02b4574cb
14927163,2026-10-06 13:07:32,actions-trading,Sim13,003580,skip,theme_momentum_weak,918ffc873509
14927163,2026-10-06 13:07:32,actions-trading,Sim13,281820,skip,no_frgn_support,7edf3c7f4fc8
14927163,2026-10-06 13:07:32,actions-trading,Sim13,006110,skip,theme_momentum_weak,9e326d1cf016
14927163,2026-10-06 13:07:32,actions-trading,Sim13,000150,skip,adx_weak,5d205b3fbd0a
14927163,2026-10-06 13:07:32,actions-trading,Sim13,066970,skip,theme_momentum_weak,dbf58c6c32cd
14927163,2026-10-06 13:07:32,actions-trading,Sim13,002710,skip,adx_weak,4a297997ae87
14927163,2026-10-06 13:07:32,actions-trading,Sim13,007660,skip,adx_weak,ebbd89464362
14927163,2026-10-06 13:07:32,actions-trading,Sim13,011070,skip,theme_momentum_weak,b2c3550d4af5
14927163,2026-10-06 13:07:32,actions-trading,Sim13,336370,skip,adx_weak,39044b022d46
14927163,2026-10-06 13:07:32,actions-trading,Sim13,008970,skip,adx_weak,9f4535d25835
14927163,2026-10-06 13:07:32,actions-trading,Sim13,005030,skip,theme_momentum_weak,18033d31360b
14927163,2026-10-06 13:07:32,actions-trading,Sim13,066570,skip,theme_momentum_weak,5f99e6daef67
14927163,2026-10-06 13:07:32,actions-trading,Sim13,006400,skip,theme_momentum_weak,bdcb0e17a9f4
14927163,2026-10-06 13:07:32,actions-trading,Sim13,007810,skip,amount_not_surprised,beece67a2efc
14927163,2026-10-06 13:07:32,actions-trading,Sim13,002820,skip,theme_momentum_weak,c36445cf3881
14927163,2026-10-06 13:07:32,actions-trading,Sim13,018670,skip,theme_momentum_weak,934e8bfae9d6
14927163,2026-10-06 13:07:32,actions-trading,Sim13,462520,skip,theme_momentum_weak,e6ee059a0909
14927163,2026-10-06 13:07:32,actions-trading,Sim13,066575,skip,theme_momentum_weak,250a246abb0b
14927163,2026-10-06 13:07:32,actions-trading,Sim13,298020,skip,theme_momentum_weak,69de633b2c2a
14927163,2026-10-06 13:07:32,actions-trading,Sim13,000157,skip,theme_momentum_weak,86593386454f
14927163,2026-10-06 13:07:32,actions-trading,Sim13,000155,skip,theme_momentum_weak,dd64c5491843
14927163,2026-10-06 13:07:32,actions-trading,Sim13,005690,skip,adx_weak,d3003ccf5dcb
14927163,2026-10-06 13:07:32,actions-trading,Sim13,020150,skip,no_frgn_support,22ee08f84d92
14927163,2026-10-06 13:07:32,actions-trading,Sim13,063160,skip,theme_momentum_weak,d6065c8a78fd
14927163,2026-10-06 13:07:32,actions-trading,Sim13,001250,skip,theme_momentum_weak,e91f77b8caee
14927163,2026-10-06 13:07:32,actions-trading,Sim13,353200,skip,amount_not_surprised,bcefb2b5a885
14927163,2026-10-06 13:07:32,actions-trading,Sim13,090460,skip,theme_momentum_weak,6fd0e793000d
14927163,2026-10-06 13:07:32,actions-trading,Sim13,006405,skip,theme_momentum_weak,9dcfef347c0c
14927163,2026-10-06 13:07:32,actions-trading,Sim13,005320,skip,adx_weak,10c2f5dd0c8d
14927163,2026-10-06 13:07:32,actions-trading,Sim14,_gate,skip,regime_blocked,e3b0c44298fc
14927163,2026-10-06 13:07:32,actions-trading,Sim15,_gate,skip,already_rebalanced,e3b0c44298fc
14927163,2026-10-06 13:07:32,actions-trading,Sim15,069500,seen,,620d1f9256e1
14927163,2026-10-06 13:07:32,actions-trading,Sim15,133690,seen,,fd032394e4d1
14927163,2026-10-06 13:07:32,actions-trading,Sim15,148070,seen,,7114c76abdd5
14927163,2026-10-06 13:07:32,actions-trading,Sim16,_gate,skip,already_rebalanced,e3b0c44298fc
14927163,2026-10-06 13:07:32,actions-trading,Sim16,122630,seen,,b73537ca64ab
14927163,2026-10-06 13:07:32,actions-trading,Sim16,418660,seen,,9b29de4f4754
14927163,2026-10-06 13:07:32,actions-trading,Sim16,148070,seen,,7114c76abdd5
14927164,2026-10-06 13:08:53,actions-trading,Sim3,402340,skip,qty_zero,79e7af6879dc
14927164,2026-10-06 13:08:53,actions-trading,Sim3,383800,skip,amount,4c7bc0536771
14927164,2026-10-06 13:08:53,actions-trading,Sim3,462870,skip,amount,6b37f11b3bab
14927164,2026-10-06 13:08:53,actions-trading,Sim3,000660,skip,qty_zero,9074b46b472f
14927164,2026-10-06 13:08:53,actions-trading,Sim3,071970,skip,cooldown,b056d8ecc995
14927164,2026-10-06 13:08:53,actions-trading,Sim3,042700,skip,not_cheap,0b00f5e7720a
14927164,2026-10-06 13:08:53,actions-trading,Sim3,326030,skip,cooldown,c50ac80f04b9
14927164,2026-10-06 13:08:53,actions-trading,Sim3,207940,skip,not_cheap,71be2e5fd5a5
14927164,2026-10-06 13:08:53,actions-trading,Sim3,033920,skip,amount,4540bbc366d1
14927164,2026-10-06 13:08:53,actions-trading,Sim3,004770,skip,amount,8458501c1fa0
14927164,2026-10-06 13:08:53,actions-trading,Sim3,0126Z0,skip,not_cheap,01f8f87db5f4
14927164,2026-10-06 13:08:53,actions-trading,Sim3,062040,skip,not_cheap,935c819a67c6
14927164,2026-10-06 13:08:53,actions-trading,Sim3,317450,skip,amount,e61e5cd761f9
14927164,2026-10-06 13:08:53,actions-trading,Sim3,026960,skip,amount,441c037e37e3
14927164,2026-10-06 13:08:53,actions-trading,Sim3,021820,skip,amount,4eca82215890
14927164,2026-10-06 13:08:53,actions-trading,Sim3,192080,skip,amount,1df85cc13b74
14927164,2026-10-06 13:08:53,actions-trading,Sim3,068270,skip,cooldown,5d0ebb3f736d
14927164,2026-10-06 13:08:53,actions-trading,Sim3,123890,skip,amount,58afe9b0b7d0
14927164,2026-10-06 13:08:53,actions-trading,Sim3,000240,skip,amount,f42205d17e4b
14927164,2026-10-06 13:08:53,actions-trading,Sim3,002380,skip,amount,ba97b9f4ea25
14927164,2026-10-06 13:08:53,actions-trading,Sim3,009770,skip,amount,777ccc54b06d
14927164,2026-10-06 13:08:53,actions-trading,Sim3,259960,skip,cooldown,1cbd88b24cd9
14927164,2026-10-06 13:08:53,actions-trading,Sim3,035250,skip,amount,0ba44f2996c7
14927164,2026-10-06 13:08:53,actions-trading,Sim3,383220,skip,amount,b633546f9d0c
14927164,2026-10-06 13:08:53,actions-trading,Sim3,226320,skip,amount,d23f14a19950
14927164,2026-10-06 13:08:53,actions-trading,Sim3,439260,skip,amount,0e2b88c2626d
14927164,2026-10-06 13:08:53,actions-trading,Sim3,025560,skip,cooldown,4e7355563cbc
14927164,2026-10-06 13:08:53,actions-trading,Sim3,007700,skip,amount,f49d0c03000e
14927164,2026-10-06 13:08:53,actions-trading,Sim3,278470,skip,not_cheap,2a3e9fd007ba
14927164,2026-10-06 13:08:53,actions-trading,Sim3,000990,skip,not_cheap,022c7c644e77
14927164,2026-10-06 13:09:31,actions-trading,MFHS2,018880,skip,max_holdings,b959fe87a148
14927164,2026-10-06 13:09:31,actions-trading,MFHS2,047040,seen,,cc60913dc60f
14927164,2026-10-06 13:09:31,actions-trading,MFHS2,007660,seen,,f260be425c15
14927164,2026-10-06 13:09:31,actions-trading,MFHS2,066570,seen,,8f417f0c08bb
14927164,2026-10-06 13:09:31,actions-trading,MFHS2,005690,seen,,4d27657384fe
14927164,2026-10-06 13:09:31,actions-trading,MFHS2,002710,seen,,8e63ae231023
14927164,2026-10-06 13:09:31,actions-trading,MFHS2,006800,seen,,23a1f2e2a14a
14927164,2026-10-06 13:09:31,actions-trading,MFHS2,025560,seen,,bac53d1a4426
14927164,2026-10-06 13:09:31,actions-trading,MFHS2,088350,seen,,7ab8f9cd0f1c
14927164,2026-10-06 13:09:31,actions-trading,MFHS2,005360,seen,,2dd3516b7e0a
14927164,2026-10-06 13:09:31,actions-trading,MFHS2,0220W0,seen,,c0be9a1ab551
14927164,2026-10-06 13:09:31,actions-trading,MFHS2,009150,seen,,b2a9cd87f1dc
14927164,2026-10-06 13:09:31,actions-trading,MFHS2,460860,seen,,af760568ebea
14927164,2026-10-06 13:09:31,actions-trading,MFHS2,011070,seen,,eb66f34a5eff
14927164,2026-10-06 13:09:31,actions-trading,MFHS2,006400,seen,,ea18a6baba16
14927164,2026-10-06 13:09:31,actions-trading,MFHS2,009190,seen,,4063ed5ad035
14927164,2026-10-06 13:09:31,actions-trading,MFHS2,001230,seen,,2a9025397267
14927164,2026-10-06 13:09:31,actions-trading,MFHS2,452260,seen,,4073bb39b60a
14927164,2026-10-06 13:09:31,actions-trading,MFHS2,003620,seen,,9e67c33bf63a
14927164,2026-10-06 13:09:31,actions-trading,MFHS2,028050,seen,,914863c12f19
14927164,2026-10-06 13:09:31,actions-trading,MFHS2,317400,seen,,6accf90bfd55
14927164,2026-10-06 13:09:31,actions-trading,MFHS2,001510,seen,,5c51d2a84d8e
14927164,2026-10-06 13:09:31,actions-trading,MFHS2,010120,seen,,505f20999192
14927164,2026-10-06 13:09:31,actions-trading,MFHS2,015260,seen,,8365c39f849e
14927164,2026-10-06 13:09:31,actions-trading,MFHS2,090460,seen,,3e72f42f0c0a
14927164,2026-10-06 13:09:31,actions-trading,MFHS2,022100,seen,,b8a840274981
14927164,2026-10-06 13:09:31,actions-trading,MFHS2,002990,seen,,050f2a103f32
14927164,2026-10-06 13:09:31,actions-trading,MFHS2,279570,seen,,c757b5ed0be5
14927164,2026-10-06 13:09:31,actions-trading,MFHS2,002700,seen,,a319b942b935
14927164,2026-10-06 13:09:31,actions-trading,MFHS2,004020,seen,,2d29b656f6af
14927164,2026-10-06 13:09:33,actions-trading,상승모멘텀,480370,skip,adx_high,e2bf9a569520
14927164,2026-10-06 13:09:33,actions-trading,상승모멘텀,003580,skip,adx_high,08af1d2989d6
14927164,2026-10-06 13:09:33,actions-trading,상승모멘텀,006110,skip,adx_high,cb78c2790b2e
14927164,2026-10-06 13:09:33,actions-trading,상승모멘텀,281820,skip,adx_high,551d230df4b5
14927164,2026-10-06 13:09:33,actions-trading,상승모멘텀,000150,skip,adx_high,8e73c06565c2
14927164,2026-10-06 13:09:33,actions-trading,상승모멘텀,066970,skip,adx_low,0af21be731e3
14927164,2026-10-06 13:09:33,actions-trading,상승모멘텀,002710,skip,tick,8e63ae231023
14927164,2026-10-06 13:09:33,actions-trading,상승모멘텀,011070,skip,adx_low,eb66f34a5eff
14927164,2026-10-06 13:09:33,actions-trading,상승모멘텀,007660,skip,held_or_sold_today,f260be425c15
14927164,2026-10-06 13:09:33,actions-trading,상승모멘텀,336370,skip,adx_high,c443cc285fc4
14927164,2026-10-06 13:09:33,actions-trading,상승모멘텀,008970,skip,tick,1ee3807abefa
14927164,2026-10-06 13:09:33,actions-trading,상승모멘텀,006400,skip,adx_low,ea18a6baba16
14927164,2026-10-06 13:09:33,actions-trading,상승모멘텀,007810,skip,adx_high,1b059c38dad7
14927164,2026-10-06 13:09:33,actions-trading,상승모멘텀,005030,skip,amount,18033d31360b
14927164,2026-10-06 13:09:33,actions-trading,상승모멘텀,066570,skip,adx_low,8f417f0c08bb
14927164,2026-10-06 13:09:33,actions-trading,상승모멘텀,018670,skip,period,4fd14bb23914
14927164,2026-10-06 13:09:33,actions-trading,상승모멘텀,066575,skip,adx_high,488fdea7c7a9
14927164,2026-10-06 13:09:33,actions-trading,상승모멘텀,002820,skip,amount,1e937d151fa6
14927164,2026-10-06 13:09:33,actions-trading,상승모멘텀,298020,skip,adx_high,fa41bac6c193
14927164,2026-10-06 13:09:33,actions-trading,상승모멘텀,000157,skip,amount,86593386454f
14927164,2026-10-06 13:09:33,actions-trading,상승모멘텀,000155,skip,adx_high,dd64c5491843
14927164,2026-10-06 13:09:33,actions-trading,상승모멘텀,020150,skip,held_or_sold_today,a5170767f893
14927164,2026-10-06 13:09:33,actions-trading,상승모멘텀,005690,skip,period,4d27657384fe
14927164,2026-10-06 13:09:33,actions-trading,상승모멘텀,090460,skip,period,3e72f42f0c0a
14927164,2026-10-06 13:09:33,actions-trading,상승모멘텀,063160,skip,amount,d7d2d9d40139
14927164,2026-10-06 13:09:33,actions-trading,상승모멘텀,353200,skip,adx_high,8af17cfe69bd
14927164,2026-10-06 13:09:33,actions-trading,상승모멘텀,009150,skip,qty_zero,b2a9cd87f1dc
14927164,2026-10-06 13:09:33,actions-trading,상승모멘텀,001250,skip,adx_high,0d6b1673e85f
14927164,2026-10-06 13:09:33,actions-trading,상승모멘텀,005320,skip,amount,0e401c0ae2ef
14927164,2026-10-06 13:09:33,actions-trading,상승모멘텀,084010,skip,amount,ebf6b24ed731
14927164,2026-10-06 13:09:33,actions-trading,Sim6,_gate,skip,already_rebalanced,e3b0c44298fc
14927164,2026-10-06 13:09:33,actions-trading,Sim6,069500,seen,,94564d3909c1
14927164,2026-10-06 13:09:33,actions-trading,Sim6,360750,seen,,afa4ba33d80b
14927164,2026-10-06 13:09:33,actions-trading,Sim6,148070,seen,,585049e96ac1
14927164,2026-10-06 13:09:33,actions-trading,Sim6,411060,seen,,57cb96d7c0a3
14927164,2026-10-06 13:09:33,actions-trading,Sim6,305080,seen,,59b37dcb6e2c
14927164,2026-10-06 13:09:33,actions-trading,Sim6,357870,seen,,791627d33b4d
14927164,2026-10-06 13:09:34,actions-trading,Sim4-1,480370,skip,adx_high,e2bf9a569520
14927164,2026-10-06 13:09:34,actions-trading,Sim4-1,003580,skip,adx_high,08af1d2989d6
14927164,2026-10-06 13:09:34,actions-trading,Sim4-1,006110,skip,adx_high,cb78c2790b2e
14927164,2026-10-06 13:09:34,actions-trading,Sim4-1,281820,skip,adx_high,551d230df4b5
14927164,2026-10-06 13:09:34,actions-trading,Sim4-1,000150,skip,adx_high,8e73c06565c2
14927164,2026-10-06 13:09:34,actions-trading,Sim4-1,066970,skip,adx_low,0af21be731e3
14927164,2026-10-06 13:09:34,actions-trading,Sim4-1,002710,skip,held_or_cooldown,8e63ae231023
14927164,2026-10-06 13:09:34,actions-trading,Sim4-1,011070,skip,adx_low,eb66f34a5eff
14927164,2026-10-06 13:09:34,actions-trading,Sim4-1,007660,skip,held_or_cooldown,f260be425c15
14927164,2026-10-06 13:09:34,actions-trading,Sim4-1,336370,skip,adx_high,c443cc285fc4
14927164,2026-10-06 13:09:34,actions-trading,Sim4-1,008970,skip,held_or_cooldown,1ee3807abefa
14927164,2026-10-06 13:09:34,actions-trading,Sim4-1,006400,skip,adx_low,ea18a6baba16
14927164,2026-10-06 13:09:34,actions-trading,Sim4-1,007810,skip,adx_high,1b059c38dad7
14927164,2026-10-06 13:09:34,actions-trading,Sim4-1,005030,skip,amount,18033d31360b
14927164,2026-10-06 13:09:34,actions-trading,Sim4-1,066570,skip,adx_low,8f417f0c08bb
14927164,2026-10-06 13:09:34,actions-trading,Sim4-1,018670,skip,period,4fd14bb23914
14927164,2026-10-06 13:09:34,actions-trading,Sim4-1,066575,skip,adx_high,488fdea7c7a9
14927164,2026-10-06 13:09:34,actions-trading,Sim4-1,002820,skip,amount,1e937d151fa6
14927164,2026-10-06 13:09:34,actions-trading,Sim4-1,298020,skip,adx_high,fa41bac6c193
14927164,2026-10-06 13:09:34,actions-trading,Sim4-1,000157,skip,amount,86593386454f
14927164,2026-10-06 13:09:34,actions-trading,Sim4-1,000155,skip,adx_high,dd64c5491843
14927164,2026-10-06 13:09:34,actions-trading,Sim4-1,020150,skip,held_or_cooldown,a5170767f893
14927164,2026-10-06 13:09:34,actions-trading,Sim4-1,005690,skip,period,4d27657384fe
14927164,2026-10-06 13:09:34,actions-trading,Sim4-1,090460,skip,period,3e72f42f0c0a
14927164,2026-10-06 13:09:34,actions-trading,Sim4-1,063160,skip,amount,d7d2d9d40139
14927164,2026-10-06 13:09:34,actions-trading,Sim4-1,353200,skip,adx_high,8af17cfe69bd
14927164,2026-10-06 13:09:34,actions-trading,Sim4-1,009150,skip,qty_zero,b2a9cd87f1dc
14927164,2026-10-06 13:09:34,actions-trading,Sim4-1,001250,skip,adx_high,0d6b1673e85f
14927164,2026-10-06 13:09:34,actions-trading,Sim4-1,005320,skip,amount,0e401c0ae2ef
14927164,2026-10-06 13:09:34,actions-trading,Sim4-1,084010,skip,amount,ebf6b24ed731
14927164,2026-10-06 13:09:36,actions-trading,선행매집,018880,skip,below_anchor,b959fe87a148
14927164,2026-10-06 13:09:36,actions-trading,선행매집,047040,skip,below_anchor,cc60913dc60f
14927164,2026-10-06 13:09:36,actions-trading,선행매집,007660,skip,below_anchor,f260be425c15
14927164,2026-10-06 13:09:36,actions-trading,선행매집,066570,skip,below_anchor,8f417f0c08bb
14927164,2026-10-06 13:09:36,actions-trading,선행매집,002710,skip,below_anchor,8e63ae231023
14927164,2026-10-06 13:09:36,actions-trading,선행매집,005930,skip,below_anchor,29044a2d9a7d
14927164,2026-10-06 13:09:36,actions-trading,선행매집,006800,skip,below_anchor,23a1f2e2a14a
14927164,2026-10-06 13:09:36,actions-trading,선행매집,005690,skip,below_anchor,4d27657384fe
14927164,2026-10-06 13:09:36,actions-trading,선행매집,025560,skip,below_anchor,bac53d1a4426
14927164,2026-10-06 13:09:36,actions-trading,선행매집,088350,skip,below_anchor,7ab8f9cd0f1c
14927164,2026-10-06 13:09:36,actions-trading,선행매집,336370,skip,below_anchor,c443cc285fc4
14927164,2026-10-06 13:09:36,actions-trading,선행매집,006400,skip,below_anchor,ea18a6baba16
14927164,2026-10-06 13:09:36,actions-trading,선행매집,0220W0,skip,below_anchor,c0be9a1ab551
14927164,2026-10-06 13:09:36,actions-trading,선행매집,005360,skip,amount,2dd3516b7e0a
14927164,2026-10-06 13:09:36,actions-trading,선행매집,009150,skip,below_anchor,b2a9cd87f1dc
14927164,2026-10-06 13:09:36,actions-trading,선행매집,460860,skip,below_anchor,af760568ebea
14927164,2026-10-06 13:09:36,actions-trading,선행매집,011070,skip,below_anchor,eb66f34a5eff
14927164,2026-10-06 13:09:36,actions-trading,선행매집,009190,skip,below_anchor,4063ed5ad035
14927164,2026-10-06 13:09:36,actions-trading,선행매집,003620,skip,below_anchor,9e67c33bf63a
14927164,2026-10-06 13:09:36,actions-trading,선행매집,001230,skip,amount,2a9025397267
14927164,2026-10-06 13:09:36,actions-trading,선행매집,452260,skip,below_anchor,4073bb39b60a
14927164,2026-10-06 13:09:36,actions-trading,선행매집,192650,skip,sold_or_cooldown,a4db484bf7a9
14927164,2026-10-06 13:09:36,actions-trading,선행매집,022100,skip,below_anchor,b8a840274981
14927164,2026-10-06 13:09:36,actions-trading,선행매집,028050,skip,below_anchor,914863c12f19
14927164,2026-10-06 13:09:36,actions-trading,선행매집,010120,skip,below_anchor,505f20999192
14927164,2026-10-06 13:09:36,actions-trading,선행매집,015260,skip,amount,8365c39f849e
14927164,2026-10-06 13:09:36,actions-trading,선행매집,002990,skip,below_anchor,050f2a103f32
14927164,2026-10-06 13:09:36,actions-trading,선행매집,001510,skip,below_anchor,5c51d2a84d8e
14927164,2026-10-06 13:09:36,actions-trading,선행매집,279570,skip,below_anchor,c757b5ed0be5
14927164,2026-10-06 13:09:36,actions-trading,선행매집,005320,skip,amount,0e401c0ae2ef
14927164,2026-10-06 13:09:36,actions-trading,Sim9,_gate,skip,outside_entry_window,e3b0c44298fc
14927164,2026-10-06 13:09:36,actions-trading,Sim9,480370,seen,,e2bf9a569520
14927164,2026-10-06 13:09:36,actions-trading,Sim9,003580,seen,,08af1d2989d6
14927164,2026-10-06 13:09:36,actions-trading,Sim9,006110,seen,,cb78c2790b2e
14927164,2026-10-06 13:09:36,actions-trading,Sim9,281820,seen,,551d230df4b5
14927164,2026-10-06 13:09:36,actions-trading,Sim9,000150,seen,,8e73c06565c2
14927164,2026-10-06 13:09:36,actions-trading,Sim9,066970,seen,,0af21be731e3
14927164,2026-10-06 13:09:36,actions-trading,Sim9,002710,seen,,8e63ae231023
14927164,2026-10-06 13:09:36,actions-trading,Sim9,011070,seen,,eb66f34a5eff
14927164,2026-10-06 13:09:36,actions-trading,Sim9,007660,seen,,f260be425c15
14927164,2026-10-06 13:09:36,actions-trading,Sim9,336370,seen,,c443cc285fc4
14927164,2026-10-06 13:09:36,actions-trading,Sim9,008970,seen,,1ee3807abefa
14927164,2026-10-06 13:09:36,actions-trading,Sim9,006400,seen,,ea18a6baba16
14927164,2026-10-06 13:09:36,actions-trading,Sim9,007810,seen,,1b059c38dad7
14927164,2026-10-06 13:09:36,actions-trading,Sim9,005030,seen,,18033d31360b
14927164,2026-10-06 13:09:36,actions-trading,Sim9,066570,seen,,8f417f0c08bb
14927164,2026-10-06 13:09:36,actions-trading,Sim9,018670,seen,,4fd14bb23914
14927164,2026-10-06 13:09:36,actions-trading,Sim9,066575,seen,,488fdea7c7a9
14927164,2026-10-06 13:09:36,actions-trading,Sim9,002820,seen,,1e937d151fa6
14927164,2026-10-06 13:09:36,actions-trading,Sim9,298020,seen,,fa41bac6c193
14927164,2026-10-06 13:09:36,actions-trading,Sim9,000157,seen,,86593386454f
14927164,2026-10-06 13:09:36,actions-trading,Sim9,000155,seen,,dd64c5491843
14927164,2026-10-06 13:09:36,actions-trading,Sim9,020150,seen,,a5170767f893
14927164,2026-10-06 13:09:36,actions-trading,Sim9,005690,seen,,4d27657384fe
14927164,2026-10-06 13:09:36,actions-trading,Sim9,090460,seen,,3e72f42f0c0a
14927164,2026-10-06 13:09:36,actions-trading,Sim9,063160,seen,,d7d2d9d40139
14927164,2026-10-06 13:09:36,actions-trading,Sim9,353200,seen,,8af17cfe69bd
14927164,2026-10-06 13:09:36,actions-trading,Sim9,009150,seen,,b2a9cd87f1dc
14927164,2026-10-06 13:09:36,actions-trading,Sim9,001250,seen,,0d6b1673e85f
14927164,2026-10-06 13:09:36,actions-trading,Sim9,005320,seen,,0e401c0ae2ef
14927164,2026-10-06 13:09:36,actions-trading,Sim9,084010,seen,,ebf6b24ed731
14927164,2026-10-06 13:09:36,actions-trading,미너비니,192820,skip,below_pivot,7c5adcc74a40
14927164,2026-10-06 13:09:36,actions-trading,미너비니,443060,skip,below_pivot,ffc0b58767e8
14927164,2026-10-06 13:09:36,actions-trading,Sim12,480370,skip,pb2_not_crashed,e2bf9a569520
14927164,2026-10-06 13:09:36,actions-trading,Sim12,003580,skip,pb2_not_crashed,08af1d2989d6
14927164,2026-10-06 13:09:36,actions-trading,Sim12,006110,skip,pb2_not_crashed,cb78c2790b2e
14927164,2026-10-06 13:09:36,actions-trading,Sim12,281820,skip,pb2_not_crashed,551d230df4b5
14927164,2026-10-06 13:09:36,actions-trading,Sim12,000150,skip,avoid_frgn_sell_20d,8e73c06565c2
14927164,2026-10-06 13:09:36,actions-trading,Sim12,066970,skip,pb2_not_crashed,0af21be731e3
14927164,2026-10-06 13:09:36,actions-trading,Sim12,002710,skip,avoid_frgn_sell_20d,8e63ae231023
14927164,2026-10-06 13:09:36,actions-trading,Sim12,011070,skip,avoid_orgn_sell_high_per,eb66f34a5eff
14927164,2026-10-06 13:09:36,actions-trading,Sim12,007660,skip,pb2_not_crashed,f260be425c15
14927164,2026-10-06 13:09:36,actions-trading,Sim12,336370,skip,avoid_frgn_sell_20d,c443cc285fc4
14927164,2026-10-06 13:09:36,actions-trading,Sim12,008970,skip,pb2_not_crashed,1ee3807abefa
14927164,2026-10-06 13:09:36,actions-trading,Sim12,006400,skip,pb2_not_crashed,ea18a6baba16
14927164,2026-10-06 13:09:36,actions-trading,Sim12,007810,skip,pb2_not_crashed,1b059c38dad7
14927164,2026-10-06 13:09:36,actions-trading,Sim12,005030,skip,avoid_amount_dry,18033d31360b
14927164,2026-10-06 13:09:36,actions-trading,Sim12,066570,skip,pb2_not_crashed,8f417f0c08bb
14927164,2026-10-06 13:09:36,actions-trading,Sim12,018670,skip,avoid_frgn_sell_20d,4fd14bb23914
14927164,2026-10-06 13:09:36,actions-trading,Sim12,066575,skip,pb2_not_crashed,488fdea7c7a9
14927164,2026-10-06 13:09:36,actions-trading,Sim12,002820,skip,avoid_deadcat,1e937d151fa6
14927164,2026-10-06 13:09:36,actions-trading,Sim12,298020,skip,avoid_orgn_sell_high_per,fa41bac6c193
14927164,2026-10-06 13:09:36,actions-trading,Sim12,000157,skip,pb2_thin_liquidity,86593386454f
14927164,2026-10-06 13:09:36,actions-trading,Sim12,000155,skip,pb2_thin_liquidity,dd64c5491843
14927164,2026-10-06 13:09:36,actions-trading,Sim12,020150,skip,avoid_frgn_sell_20d,a5170767f893
14927164,2026-10-06 13:09:36,actions-trading,Sim12,005690,skip,pb2_not_crashed,4d27657384fe
14927164,2026-10-06 13:09:36,actions-trading,Sim12,090460,skip,avoid_amount_dry,3e72f42f0c0a
14927164,2026-10-06 13:09:36,actions-trading,Sim12,063160,skip,avoid_frgn_sell_20d,d7d2d9d40139
14927164,2026-10-06 13:09:36,actions-trading,Sim12,353200,skip,avoid_orgn_sell_high_per,8af17cfe69bd
14927164,2026-10-06 13:09:36,actions-trading,Sim12,009150,skip,pb2_not_crashed,b2a9cd87f1dc
14927164,2026-10-06 13:09:36,actions-trading,Sim12,001250,skip,pb2_not_crashed,0d6b1673e85f
14927164,2026-10-06 13:09:36,actions-trading,Sim12,005320,skip,pb2_not_crashed,0e401c0ae2ef
14927164,2026-10-06 13:09:36,actions-trading,Sim12,084010,skip,avoid_frgn_sell_20d,ebf6b24ed731
14927164,2026-10-06 13:09:36,actions-trading,Sim12,005110,skip,avoid_amount_dry,914b6555b8ba
14927164,2026-10-06 13:09:36,actions-trading,Sim12,015260,skip,pb2_no_inst_buying,8365c39f849e
14927164,2026-10-06 13:09:36,actions-trading,Sim12,020120,skip,pb2_not_crashed,f2695c284d6a
14927164,2026-10-06 13:09:36,actions-trading,Sim12,004920,skip,pb2_not_crashed,60388fe3f3cd
14927164,2026-10-06 13:09:36,actions-trading,Sim12,001525,skip,avoid_amount_dry,65967eaa8037
14927164,2026-10-06 13:09:36,actions-trading,Sim12,003010,skip,pb2_not_crashed,3c8a297fd4d6
14927164,2026-10-06 13:09:36,actions-trading,Sim12,003350,skip,avoid_amount_dry,f541658b1287
14927164,2026-10-06 13:09:36,actions-trading,Sim12,014915,skip,pb2_not_crashed,349afb6fc194
14927164,2026-10-06 13:09:36,actions-trading,Sim12,002870,skip,avoid_frgn_sell_20d,1caac1fa95cc
14927164,2026-10-06 13:09:36,actions-trading,Sim12,001380,skip,avoid_frgn_sell_20d,dcd43b651efa
14927164,2026-10-06 13:09:36,actions-trading,Sim12,071950,skip,pb2_no_inst_buying,555926e1500c
14927164,2026-10-06 13:09:36,actions-trading,Sim12,044820,skip,avoid_frgn_sell_20d,7564d2c97553
14927164,2026-10-06 13:09:36,actions-trading,Sim12,079550,skip,pb2_not_crashed,ca00618d69e8
14927164,2026-10-06 13:09:36,actions-trading,Sim12,084680,skip,avoid_frgn_sell_20d,996b2cd071ae
14927164,2026-10-06 13:09:36,actions-trading,Sim12,036570,skip,pb2_not_crashed,4c239b8fae03
14927164,2026-10-06 13:09:36,actions-trading,Sim12,002787,skip,avoid_amount_dry,edd7a384e62b
14927164,2026-10-06 13:09:36,actions-trading,Sim12,002785,skip,pb2_no_inst_buying,e4fdd2ca22c5
14927164,2026-10-06 13:09:36,actions-trading,Sim12,003570,skip,avoid_frgn_sell_20d,6fdf5a2566c3
14927164,2026-10-06 13:09:36,actions-trading,Sim12,051630,skip,avoid_amount_dry,d4bf9ac2eb3a
14927164,2026-10-06 13:09:36,actions-trading,Sim12,465770,skip,avoid_amount_dry,48ff8dbd14ea
14927164,2026-10-06 13:09:36,actions-trading,Sim12,443060,skip,avoid_amount_dry,ffc0b58767e8
14927164,2026-10-06 13:09:36,actions-trading,Sim12,109070,skip,pb2_not_crashed,286a436044c6
14927164,2026-10-06 13:09:36,actions-trading,Sim12,005880,skip,pb2_not_crashed,f7ca7aca65c1
14927164,2026-10-06 13:09:36,actions-trading,Sim12,027740,skip,avoid_frgn_sell_20d,a519a038223a
14927164,2026-10-06 13:09:36,actions-trading,Sim12,100840,skip,avoid_amount_dry,7a86caba46d0
14927164,2026-10-06 13:09:36,actions-trading,Sim12,088790,skip,avoid_amount_dry,7bec92c358b0
14927164,2026-10-06 13:09:36,actions-trading,Sim12,011300,skip,avoid_amount_dry,969098e680d3
14927164,2026-10-06 13:09:36,actions-trading,Sim12,064350,skip,avoid_frgn_sell_20d,708030f563d1
14927164,2026-10-06 13:09:36,actions-trading,Sim12,012450,skip,avoid_amount_dry,108cd7080ad4
14927164,2026-10-06 13:09:36,actions-trading,Sim12,026960,skip,pb2_not_crashed,441c037e37e3
14927164,2026-10-06 13:09:36,actions-trading,Sim13,480370,skip,no_frgn_support,e2bf9a569520
14927164,2026-10-06 13:09:36,actions-trading,Sim13,003580,skip,theme_momentum_weak,08af1d2989d6
14927164,2026-10-06 13:09:36,actions-trading,Sim13,006110,skip,theme_momentum_weak,cb78c2790b2e
14927164,2026-10-06 13:09:36,actions-trading,Sim13,281820,skip,no_frgn_support,551d230df4b5
14927164,2026-10-06 13:09:36,actions-trading,Sim13,000150,skip,adx_weak,8e73c06565c2
14927164,2026-10-06 13:09:36,actions-trading,Sim13,066970,skip,theme_momentum_weak,0af21be731e3
14927164,2026-10-06 13:09:36,actions-trading,Sim13,002710,skip,adx_weak,8e63ae231023
14927164,2026-10-06 13:09:36,actions-trading,Sim13,011070,skip,theme_momentum_weak,eb66f34a5eff
14927164,2026-10-06 13:09:36,actions-trading,Sim13,007660,skip,adx_weak,f260be425c15
14927164,2026-10-06 13:09:36,actions-trading,Sim13,336370,skip,adx_weak,c443cc285fc4
14927164,2026-10-06 13:09:36,actions-trading,Sim13,008970,skip,adx_weak,1ee3807abefa
14927164,2026-10-06 13:09:36,actions-trading,Sim13,006400,skip,theme_momentum_weak,ea18a6baba16
14927164,2026-10-06 13:09:36,actions-trading,Sim13,007810,skip,amount_not_surprised,1b059c38dad7
14927164,2026-10-06 13:09:36,actions-trading,Sim13,005030,skip,theme_momentum_weak,18033d31360b
14927164,2026-10-06 13:09:36,actions-trading,Sim13,066570,skip,theme_momentum_weak,8f417f0c08bb
14927164,2026-10-06 13:09:36,actions-trading,Sim13,018670,skip,theme_momentum_weak,4fd14bb23914
14927164,2026-10-06 13:09:36,actions-trading,Sim13,066575,skip,theme_momentum_weak,488fdea7c7a9
14927164,2026-10-06 13:09:36,actions-trading,Sim13,002820,skip,theme_momentum_weak,1e937d151fa6
14927164,2026-10-06 13:09:36,actions-trading,Sim13,298020,skip,theme_momentum_weak,fa41bac6c193
14927164,2026-10-06 13:09:36,actions-trading,Sim13,000157,skip,theme_momentum_weak,86593386454f
14927164,2026-10-06 13:09:36,actions-trading,Sim13,000155,skip,theme_momentum_weak,dd64c5491843
14927164,2026-10-06 13:09:36,actions-trading,Sim13,020150,skip,no_frgn_support,a5170767f893
14927164,2026-10-06 13:09:36,actions-trading,Sim13,005690,skip,adx_weak,4d27657384fe
14927164,2026-10-06 13:09:36,actions-trading,Sim13,090460,skip,theme_momentum_weak,3e72f42f0c0a
14927164,2026-10-06 13:09:36,actions-trading,Sim13,063160,skip,theme_momentum_weak,d7d2d9d40139
14927164,2026-10-06 13:09:36,actions-trading,Sim13,353200,skip,amount_not_surprised,8af17cfe69bd
14927164,2026-10-06 13:09:36,actions-trading,Sim13,009150,skip,adx_weak,b2a9cd87f1dc
14927164,2026-10-06 13:09:36,actions-trading,Sim13,001250,skip,theme_momentum_weak,0d6b1673e85f
14927164,2026-10-06 13:09:36,actions-trading,Sim13,005320,skip,adx_weak,0e401c0ae2ef
14927164,2026-10-06 13:09:36,actions-trading,Sim13,084010,skip,theme_momentum_weak,ebf6b24ed731
14927164,2026-10-06 13:09:36,actions-trading,Sim14,_gate,skip,regime_blocked,e3b0c44298fc
14927164,2026-10-06 13:09:36,actions-trading,Sim15,_gate,skip,already_rebalanced,e3b0c44298fc
14927164,2026-10-06 13:09:36,actions-trading,Sim15,069500,seen,,94564d3909c1
14927164,2026-10-06 13:09:36,actions-trading,Sim15,133690,seen,,90f3d18bf38d
14927164,2026-10-06 13:09:36,actions-trading,Sim15,148070,seen,,585049e96ac1
14927164,2026-10-06 13:09:36,actions-trading,Sim16,_gate,skip,already_rebalanced,e3b0c44298fc
14927164,2026-10-06 13:09:36,actions-trading,Sim16,122630,seen,,2c4dbb3b1236
14927164,2026-10-06 13:09:36,actions-trading,Sim16,418660,seen,,af0100dc769f
14927164,2026-10-06 13:09:36,actions-trading,Sim16,148070,seen,,585049e96ac1
14927165,2026-10-06 13:10:58,actions-trading,Sim3,402340,skip,qty_zero,ffde4dad2a1e
14927165,2026-10-06 13:10:58,actions-trading,Sim3,383800,skip,amount,e0f3b2a3898a
14927165,2026-10-06 13:10:58,actions-trading,Sim3,462870,skip,amount,ae55aec95b6a
14927165,2026-10-06 13:10:58,actions-trading,Sim3,000660,skip,qty_zero,20574344a8c8
14927165,2026-10-06 13:10:58,actions-trading,Sim3,071970,skip,cooldown,2e38bf379427
14927165,2026-10-06 13:10:58,actions-trading,Sim3,042700,skip,not_cheap,a9322948f44e
14927165,2026-10-06 13:10:58,actions-trading,Sim3,326030,skip,cooldown,007c64d64edd
14927165,2026-10-06 13:10:58,actions-trading,Sim3,207940,skip,not_cheap,6b7acfd12deb
14927165,2026-10-06 13:10:58,actions-trading,Sim3,033920,skip,amount,706180f7f977
14927165,2026-10-06 13:10:58,actions-trading,Sim3,004770,skip,amount,f6581494177b
14927165,2026-10-06 13:10:58,actions-trading,Sim3,0126Z0,skip,not_cheap,dcf181319186
14927165,2026-10-06 13:10:58,actions-trading,Sim3,062040,skip,not_cheap,5c44b98d4a81
14927165,2026-10-06 13:10:58,actions-trading,Sim3,317450,skip,amount,efa4ecced50c
14927165,2026-10-06 13:10:58,actions-trading,Sim3,026960,skip,amount,9c4eec53e46a
14927165,2026-10-06 13:10:58,actions-trading,Sim3,021820,skip,amount,4eca82215890
14927165,2026-10-06 13:10:58,actions-trading,Sim3,192080,skip,amount,36492141313c
14927165,2026-10-06 13:10:58,actions-trading,Sim3,068270,skip,cooldown,2cb9e887a58d
14927165,2026-10-06 13:10:58,actions-trading,Sim3,123890,skip,amount,e8f216d1a19d
14927165,2026-10-06 13:10:58,actions-trading,Sim3,000240,skip,amount,24e3c9aaf6c0
14927165,2026-10-06 13:10:58,actions-trading,Sim3,002380,skip,amount,586d44e9abb3
14927165,2026-10-06 13:10:58,actions-trading,Sim3,009770,skip,amount,777ccc54b06d
14927165,2026-10-06 13:10:58,actions-trading,Sim3,259960,skip,cooldown,118612dacec9
14927165,2026-10-06 13:10:58,actions-trading,Sim3,035250,skip,amount,6ad9c4977f0e
14927165,2026-10-06 13:10:58,actions-trading,Sim3,383220,skip,amount,d2d26aa1a813
14927165,2026-10-06 13:10:58,actions-trading,Sim3,226320,skip,amount,14e11ae89c58
14927165,2026-10-06 13:10:58,actions-trading,Sim3,439260,skip,amount,fd3f48e41256
14927165,2026-10-06 13:10:58,actions-trading,Sim3,025560,skip,cooldown,321edb1d43fa
14927165,2026-10-06 13:10:58,actions-trading,Sim3,007700,skip,amount,f49d0c03000e
14927165,2026-10-06 13:10:58,actions-trading,Sim3,278470,skip,not_cheap,343b6d689ebc
14927165,2026-10-06 13:10:58,actions-trading,Sim3,000990,skip,not_cheap,19363b3c2fc4
14927165,2026-10-06 13:11:34,actions-trading,MFHS2,018880,skip,max_holdings,1043965ee5b3
14927165,2026-10-06 13:11:34,actions-trading,MFHS2,047040,seen,,d3e4089f0fd9
14927165,2026-10-06 13:11:34,actions-trading,MFHS2,007660,seen,,a668c3b2a717
14927165,2026-10-06 13:11:34,actions-trading,MFHS2,066570,seen,,d87623b7b165
14927165,2026-10-06 13:11:34,actions-trading,MFHS2,009190,seen,,3391946e640f
14927165,2026-10-06 13:11:34,actions-trading,MFHS2,002710,seen,,0bc0b0644eed
14927165,2026-10-06 13:11:34,actions-trading,MFHS2,005690,seen,,244d652f2327
14927165,2026-10-06 13:11:34,actions-trading,MFHS2,025560,seen,,cd3e5c11cff8
14927165,2026-10-06 13:11:34,actions-trading,MFHS2,005360,seen,,ad0d879318b7
14927165,2026-10-06 13:11:34,actions-trading,MFHS2,009830,seen,,2cb3bb5e4aa9
14927165,2026-10-06 13:11:34,actions-trading,MFHS2,006400,seen,,3002641d628c
14927165,2026-10-06 13:11:34,actions-trading,MFHS2,002700,seen,,4c791423ed1e
14927165,2026-10-06 13:11:34,actions-trading,MFHS2,279570,seen,,d53b99cef04b
14927165,2026-10-06 13:11:34,actions-trading,MFHS2,138930,seen,,0fcdb6c9eac0
14927165,2026-10-06 13:11:34,actions-trading,MFHS2,090460,seen,,8b10eb3fe613
14927165,2026-10-06 13:11:34,actions-trading,MFHS2,009150,seen,,a03cceaa7a69
14927165,2026-10-06 13:11:34,actions-trading,MFHS2,317400,seen,,55ef5e887101
14927165,2026-10-06 13:11:34,actions-trading,MFHS2,460860,seen,,8200865dbd54
14927165,2026-10-06 13:11:34,actions-trading,MFHS2,006800,seen,,9a04be8108c2
14927165,2026-10-06 13:11:34,actions-trading,MFHS2,010120,seen,,7b9f1d713b30
14927165,2026-10-06 13:11:34,actions-trading,MFHS2,011070,seen,,91569d6c159a
14927165,2026-10-06 13:11:34,actions-trading,MFHS2,022100,seen,,a2037c99c230
14927165,2026-10-06 13:11:34,actions-trading,MFHS2,003620,seen,,3af73efd3e45
14927165,2026-10-06 13:11:34,actions-trading,MFHS2,015260,seen,,02545c6dcca8
14927165,2026-10-06 13:11:34,actions-trading,MFHS2,452260,seen,,99de18c004db
14927165,2026-10-06 13:11:34,actions-trading,MFHS2,001230,seen,,f5129bcbf778
14927165,2026-10-06 13:11:34,actions-trading,MFHS2,066970,seen,,21650bd5ba70
14927165,2026-10-06 13:11:34,actions-trading,MFHS2,066575,seen,,4f6b03fdfb8d
14927165,2026-10-06 13:11:34,actions-trading,MFHS2,004020,seen,,88dd9fd0ed5b
14927165,2026-10-06 13:11:34,actions-trading,MFHS2,002990,seen,,18acbed0c010
14927165,2026-10-06 13:11:36,actions-trading,상승모멘텀,480370,skip,adx_high,7dbaf9e3fc7e
14927165,2026-10-06 13:11:36,actions-trading,상승모멘텀,003580,skip,adx_high,46ac9f3495d1
14927165,2026-10-06 13:11:36,actions-trading,상승모멘텀,006110,skip,adx_high,cf8f7325962e
14927165,2026-10-06 13:11:36,actions-trading,상승모멘텀,281820,skip,adx_high,9942cc33d7a8
14927165,2026-10-06 13:11:36,actions-trading,상승모멘텀,066970,skip,adx_low,21650bd5ba70
14927165,2026-10-06 13:11:36,actions-trading,상승모멘텀,000150,skip,adx_high,52908f029fe4
14927165,2026-10-06 13:11:36,actions-trading,상승모멘텀,002710,skip,tick,0bc0b0644eed
14927165,2026-10-06 13:11:36,actions-trading,상승모멘텀,000020,skip,amount,7116b2dbcf8a
14927165,2026-10-06 13:11:36,actions-trading,상승모멘텀,011070,skip,adx_low,91569d6c159a
14927165,2026-10-06 13:11:36,actions-trading,상승모멘텀,007660,skip,held_or_sold_today,a668c3b2a717
14927165,2026-10-06 13:11:36,actions-trading,상승모멘텀,336370,skip,adx_high,34014138d9ba
14927165,2026-10-06 13:11:36,actions-trading,상승모멘텀,006400,skip,adx_low,3002641d628c
14927165,2026-10-06 13:11:36,actions-trading,상승모멘텀,008970,skip,tick,a073a31c6d9d
14927165,2026-10-06 13:11:36,actions-trading,상승모멘텀,018670,skip,period,af1bd16f278b
14927165,2026-10-06 13:11:36,actions-trading,상승모멘텀,005030,skip,amount,f7f6eb753712
14927165,2026-10-06 13:11:36,actions-trading,상승모멘텀,066570,skip,adx_low,d87623b7b165
14927165,2026-10-06 13:11:36,actions-trading,상승모멘텀,007810,skip,adx_high,f5abcc166e09
14927165,2026-10-06 13:11:36,actions-trading,상승모멘텀,066575,skip,adx_high,4f6b03fdfb8d
14927165,2026-10-06 13:11:36,actions-trading,상승모멘텀,002820,skip,amount,05008fc37bde
14927165,2026-10-06 13:11:36,actions-trading,상승모멘텀,000157,skip,amount,86593386454f
14927165,2026-10-06 13:11:36,actions-trading,상승모멘텀,298020,skip,adx_high,62b228a919f1
14927165,2026-10-06 13:11:36,actions-trading,상승모멘텀,020150,skip,held_or_sold_today,20149bee2a75
14927165,2026-10-06 13:11:36,actions-trading,상승모멘텀,000155,skip,adx_high,fcc5520df517
14927165,2026-10-06 13:11:36,actions-trading,상승모멘텀,005690,skip,period,244d652f2327
14927165,2026-10-06 13:11:36,actions-trading,상승모멘텀,353200,skip,adx_high,36aa312c5745
14927165,2026-10-06 13:11:36,actions-trading,상승모멘텀,090460,skip,period,8b10eb3fe613
14927165,2026-10-06 13:11:36,actions-trading,상승모멘텀,063160,skip,amount,13c96dc36361
14927165,2026-10-06 13:11:36,actions-trading,상승모멘텀,006405,skip,amount,e451db15ee87
14927165,2026-10-06 13:11:36,actions-trading,상승모멘텀,001250,skip,adx_high,f9d8ea4cbdf9
14927165,2026-10-06 13:11:36,actions-trading,상승모멘텀,009150,skip,qty_zero,a03cceaa7a69
14927165,2026-10-06 13:11:36,actions-trading,Sim6,_gate,skip,already_rebalanced,e3b0c44298fc
14927165,2026-10-06 13:11:36,actions-trading,Sim6,069500,seen,,08e9b81c798f
14927165,2026-10-06 13:11:36,actions-trading,Sim6,360750,seen,,e2a691a912c2
14927165,2026-10-06 13:11:36,actions-trading,Sim6,148070,seen,,1af4629672e5
14927165,2026-10-06 13:11:36,actions-trading,Sim6,411060,seen,,e0f84883f2dc
14927165,2026-10-06 13:11:36,actions-trading,Sim6,305080,seen,,481f17ee628e
14927165,2026-10-06 13:11:36,actions-trading,Sim6,357870,seen,,f50d40d137dc
14927165,2026-10-06 13:11:36,actions-trading,Sim4-1,480370,skip,adx_high,7dbaf9e3fc7e
14927165,2026-10-06 13:11:36,actions-trading,Sim4-1,003580,skip,adx_high,46ac9f3495d1
14927165,2026-10-06 13:11:36,actions-trading,Sim4-1,006110,skip,adx_high,cf8f7325962e
14927165,2026-10-06 13:11:36,actions-trading,Sim4-1,281820,skip,adx_high,9942cc33d7a8
14927165,2026-10-06 13:11:36,actions-trading,Sim4-1,066970,skip,adx_low,21650bd5ba70
14927165,2026-10-06 13:11:36,actions-trading,Sim4-1,000150,skip,adx_high,52908f029fe4
14927165,2026-10-06 13:11:36,actions-trading,Sim4-1,002710,skip,held_or_cooldown,0bc0b0644eed
14927165,2026-10-06 13:11:36,actions-trading,Sim4-1,000020,skip,amount,7116b2dbcf8a
14927165,2026-10-06 13:11:36,actions-trading,Sim4-1,011070,skip,adx_low,91569d6c159a
14927165,2026-10-06 13:11:36,actions-trading,Sim4-1,007660,skip,held_or_cooldown,a668c3b2a717
14927165,2026-10-06 13:11:36,actions-trading,Sim4-1,336370,skip,adx_high,34014138d9ba
14927165,2026-10-06 13:11:36,actions-trading,Sim4-1,006400,skip,adx_low,3002641d628c
14927165,2026-10-06 13:11:36,actions-trading,Sim4-1,008970,skip,held_or_cooldown,a073a31c6d9d
14927165,2026-10-06 13:11:36,actions-trading,Sim4-1,018670,skip,period,af1bd16f278b
14927165,2026-10-06 13:11:36,actions-trading,Sim4-1,005030,skip,amount,f7f6eb753712
14927165,2026-10-06 13:11:36,actions-trading,Sim4-1,066570,skip,adx_low,d87623b7b165
14927165,2026-10-06 13:11:36,actions-trading,Sim4-1,007810,skip,adx_high,f5abcc166e09
14927165,2026-10-06 13:11:36,actions-trading,Sim4-1,066575,skip,adx_high,4f6b03fdfb8d
14927165,2026-10-06 13:11:36,actions-trading,Sim4-1,002820,skip,amount,05008fc37bde
14927165,2026-10-06 13:11:36,actions-trading,Sim4-1,000157,skip,amount,86593386454f
14927165,2026-10-06 13:11:36,actions-trading,Sim4-1,298020,skip,adx_high,62b228a919f1
14927165,2026-10-06 13:11:36,actions-trading,Sim4-1,020150,skip,held_or_cooldown,20149bee2a75
14927165,2026-10-06 13:11:36,actions-trading,Sim4-1,000155,skip,adx_high,fcc5520df517
14927165,2026-10-06 13:11:36,actions-trading,Sim4-1,005690,skip,period,244d652f2327
14927165,2026-10-06 13:11:36,actions-trading,Sim4-1,353200,skip,adx_high,36aa312c5745
14927165,2026-10-06 13:11:36,actions-trading,Sim4-1,090460,skip,period,8b10eb3fe613
14927165,2026-10-06 13:11:36,actions-trading,Sim4-1,063160,skip,amount,13c96dc36361
14927165,2026-10-06 13:11:36,actions-trading,Sim4-1,006405,skip,amount,e451db15ee87
14927165,2026-10-06 13:11:36,actions-trading,Sim4-1,001250,skip,adx_high,f9d8ea4cbdf9
14927165,2026-10-06 13:11:36,actions-trading,Sim4-1,009150,skip,qty_zero,a03cceaa7a69
14927165,2026-10-06 13:11:38,actions-trading,선행매집,018880,skip,below_anchor,1043965ee5b3
14927165,2026-10-06 13:11:38,actions-trading,선행매집,047040,skip,below_anchor,d3e4089f0fd9
14927165,2026-10-06 13:11:38,actions-trading,선행매집,007660,skip,below_anchor,a668c3b2a717
14927165,2026-10-06 13:11:38,actions-trading,선행매집,066570,skip,below_anchor,d87623b7b165
14927165,2026-10-06 13:11:38,actions-trading,선행매집,002710,skip,below_anchor,0bc0b0644eed
14927165,2026-10-06 13:11:38,actions-trading,선행매집,006800,skip,below_anchor,9a04be8108c2
14927165,2026-10-06 13:11:38,actions-trading,선행매집,001250,skip,below_anchor,f9d8ea4cbdf9
14927165,2026-10-06 13:11:38,actions-trading,선행매집,009190,skip,below_anchor,3391946e640f
14927165,2026-10-06 13:11:38,actions-trading,선행매집,005320,skip,amount,3e1fc8450bf5
14927165,2026-10-06 13:11:38,actions-trading,선행매집,009830,skip,below_anchor,2cb3bb5e4aa9
14927165,2026-10-06 13:11:38,actions-trading,선행매집,006400,skip,below_anchor,3002641d628c
14927165,2026-10-06 13:11:38,actions-trading,선행매집,005690,skip,below_anchor,244d652f2327
14927165,2026-10-06 13:11:38,actions-trading,선행매집,025560,skip,below_anchor,cd3e5c11cff8
14927165,2026-10-06 13:11:38,actions-trading,선행매집,336370,skip,below_anchor,34014138d9ba
14927165,2026-10-06 13:11:38,actions-trading,선행매집,009150,skip,below_anchor,a03cceaa7a69
14927165,2026-10-06 13:11:38,actions-trading,선행매집,005360,skip,amount,ad0d879318b7
14927165,2026-10-06 13:11:38,actions-trading,선행매집,279570,skip,below_anchor,d53b99cef04b
14927165,2026-10-06 13:11:38,actions-trading,선행매집,002700,skip,amount,4c791423ed1e
14927165,2026-10-06 13:11:38,actions-trading,선행매집,090460,skip,below_anchor,8b10eb3fe613
14927165,2026-10-06 13:11:38,actions-trading,선행매집,011070,skip,below_anchor,91569d6c159a
14927165,2026-10-06 13:11:38,actions-trading,선행매집,022100,skip,below_anchor,a2037c99c230
14927165,2026-10-06 13:11:38,actions-trading,선행매집,010120,skip,below_anchor,7b9f1d713b30
14927165,2026-10-06 13:11:38,actions-trading,선행매집,192650,skip,sold_or_cooldown,6d06562b868e
14927165,2026-10-06 13:11:38,actions-trading,선행매집,138930,skip,below_anchor,0fcdb6c9eac0
14927165,2026-10-06 13:11:38,actions-trading,선행매집,066970,skip,below_anchor,21650bd5ba70
14927165,2026-10-06 13:11:38,actions-trading,선행매집,015760,skip,below_anchor,d486163b5479
14927165,2026-10-06 13:11:38,actions-trading,선행매집,003620,skip,below_anchor,3af73efd3e45
14927165,2026-10-06 13:11:38,actions-trading,선행매집,460860,skip,below_anchor,8200865dbd54
14927165,2026-10-06 13:11:38,actions-trading,선행매집,015260,skip,amount,02545c6dcca8
14927165,2026-10-06 13:11:38,actions-trading,선행매집,452260,skip,below_anchor,99de18c004db
14927165,2026-10-06 13:11:38,actions-trading,Sim9,_gate,skip,outside_entry_window,e3b0c44298fc
14927165,2026-10-06 13:11:38,actions-trading,Sim9,480370,seen,,7dbaf9e3fc7e
14927165,2026-10-06 13:11:38,actions-trading,Sim9,003580,seen,,46ac9f3495d1
14927165,2026-10-06 13:11:38,actions-trading,Sim9,006110,seen,,cf8f7325962e
14927165,2026-10-06 13:11:38,actions-trading,Sim9,281820,seen,,9942cc33d7a8
14927165,2026-10-06 13:11:38,actions-trading,Sim9,066970,seen,,21650bd5ba70
14927165,2026-10-06 13:11:38,actions-trading,Sim9,000150,seen,,52908f029fe4
14927165,2026-10-06 13:11:38,actions-trading,Sim9,002710,seen,,0bc0b0644eed
14927165,2026-10-06 13:11:38,actions-trading,Sim9,000020,seen,,7116b2dbcf8a
14927165,2026-10-06 13:11:38,actions-trading,Sim9,011070,seen,,91569d6c159a
14927165,2026-10-06 13:11:38,actions-trading,Sim9,007660,seen,,a668c3b2a717
14927165,2026-10-06 13:11:38,actions-trading,Sim9,336370,seen,,34014138d9ba
14927165,2026-10-06 13:11:38,actions-trading,Sim9,006400,seen,,3002641d628c
14927165,2026-10-06 13:11:38,actions-trading,Sim9,008970,seen,,a073a31c6d9d
14927165,2026-10-06 13:11:38,actions-trading,Sim9,018670,seen,,af1bd16f278b
14927165,2026-10-06 13:11:38,actions-trading,Sim9,005030,seen,,f7f6eb753712
14927165,2026-10-06 13:11:38,actions-trading,Sim9,066570,seen,,d87623b7b165
14927165,2026-10-06 13:11:38,actions-trading,Sim9,007810,seen,,f5abcc166e09
14927165,2026-10-06 13:11:38,actions-trading,Sim9,066575,seen,,4f6b03fdfb8d
14927165,2026-10-06 13:11:38,actions-trading,Sim9,002820,seen,,05008fc37bde
14927165,2026-10-06 13:11:38,actions-trading,Sim9,000157,seen,,86593386454f
14927165,2026-10-06 13:11:38,actions-trading,Sim9,298020,seen,,62b228a919f1
14927165,2026-10-06 13:11:38,actions-trading,Sim9,020150,seen,,20149bee2a75
14927165,2026-10-06 13:11:38,actions-trading,Sim9,000155,seen,,fcc5520df517
14927165,2026-10-06 13:11:38,actions-trading,Sim9,005690,seen,,244d652f2327
14927165,2026-10-06 13:11:38,actions-trading,Sim9,353200,seen,,36aa312c5745
14927165,2026-10-06 13:11:38,actions-trading,Sim9,090460,seen,,8b10eb3fe613
14927165,2026-10-06 13:11:38,actions-trading,Sim9,063160,seen,,13c96dc36361
14927165,2026-10-06 13:11:38,actions-trading,Sim9,006405,seen,,e451db15ee87
14927165,2026-10-06 13:11:38,actions-trading,Sim9,001250,seen,,f9d8ea4cbdf9
14927165,2026-10-06 13:11:38,actions-trading,Sim9,009150,seen,,a03cceaa7a69
14927165,2026-10-06 13:11:38,actions-trading,미너비니,192820,skip,below_pivot,5975d177eaf7
14927165,2026-10-06 13:11:38,actions-trading,미너비니,443060,skip,below_pivot,ddb132b7d8e9
14927165,2026-10-06 13:11:38,actions-trading,Sim12,480370,skip,pb2_not_crashed,7dbaf9e3fc7e
14927165,2026-10-06 13:11:38,actions-trading,Sim12,003580,skip,pb2_not_crashed,46ac9f3495d1
14927165,2026-10-06 13:11:38,actions-trading,Sim12,006110,skip,pb2_not_crashed,cf8f7325962e
14927165,2026-10-06 13:11:38,actions-trading,Sim12,281820,skip,pb2_not_crashed,9942cc33d7a8
14927165,2026-10-06 13:11:38,actions-trading,Sim12,066970,skip,pb2_not_crashed,21650bd5ba70
14927165,2026-10-06 13:11:38,actions-trading,Sim12,000150,skip,avoid_frgn_sell_20d,52908f029fe4
14927165,2026-10-06 13:11:38,actions-trading,Sim12,002710,skip,avoid_frgn_sell_20d,0bc0b0644eed
14927165,2026-10-06 13:11:38,actions-trading,Sim12,000020,skip,pb2_not_crashed,7116b2dbcf8a
14927165,2026-10-06 13:11:38,actions-trading,Sim12,011070,skip,avoid_orgn_sell_high_per,91569d6c159a
14927165,2026-10-06 13:11:38,actions-trading,Sim12,007660,skip,pb2_not_crashed,a668c3b2a717
14927165,2026-10-06 13:11:38,actions-trading,Sim12,336370,skip,avoid_frgn_sell_20d,34014138d9ba
14927165,2026-10-06 13:11:38,actions-trading,Sim12,006400,skip,pb2_not_crashed,3002641d628c
14927165,2026-10-06 13:11:38,actions-trading,Sim12,008970,skip,pb2_not_crashed,a073a31c6d9d
14927165,2026-10-06 13:11:38,actions-trading,Sim12,018670,skip,avoid_frgn_sell_20d,af1bd16f278b
14927165,2026-10-06 13:11:38,actions-trading,Sim12,005030,skip,avoid_amount_dry,f7f6eb753712
14927165,2026-10-06 13:11:38,actions-trading,Sim12,066570,skip,pb2_not_crashed,d87623b7b165
14927165,2026-10-06 13:11:38,actions-trading,Sim12,007810,skip,pb2_not_crashed,f5abcc166e09
14927165,2026-10-06 13:11:38,actions-trading,Sim12,066575,skip,pb2_not_crashed,4f6b03fdfb8d
14927165,2026-10-06 13:11:38,actions-trading,Sim12,002820,skip,avoid_deadcat,05008fc37bde
14927165,2026-10-06 13:11:38,actions-trading,Sim12,000157,skip,pb2_thin_liquidity,86593386454f
14927165,2026-10-06 13:11:38,actions-trading,Sim12,298020,skip,avoid_orgn_sell_high_per,62b228a919f1
14927165,2026-10-06 13:11:38,actions-trading,Sim12,020150,skip,avoid_frgn_sell_20d,20149bee2a75
14927165,2026-10-06 13:11:38,actions-trading,Sim12,000155,skip,pb2_thin_liquidity,fcc5520df517
14927165,2026-10-06 13:11:38,actions-trading,Sim12,005690,skip,pb2_not_crashed,244d652f2327
14927165,2026-10-06 13:11:38,actions-trading,Sim12,353200,skip,avoid_orgn_sell_high_per,36aa312c5745
14927165,2026-10-06 13:11:38,actions-trading,Sim12,090460,skip,pb2_not_crashed,8b10eb3fe613
14927165,2026-10-06 13:11:38,actions-trading,Sim12,063160,skip,avoid_frgn_sell_20d,13c96dc36361
14927165,2026-10-06 13:11:38,actions-trading,Sim12,006405,skip,pb2_not_crashed,e451db15ee87
14927165,2026-10-06 13:11:38,actions-trading,Sim12,001250,skip,pb2_not_crashed,f9d8ea4cbdf9
14927165,2026-10-06 13:11:38,actions-trading,Sim12,009150,skip,pb2_not_crashed,a03cceaa7a69
14927165,2026-10-06 13:11:38,actions-trading,Sim12,005110,skip,avoid_amount_dry,914b6555b8ba
14927165,2026-10-06 13:11:38,actions-trading,Sim12,015260,skip,pb2_no_inst_buying,02545c6dcca8
14927165,2026-10-06 13:11:38,actions-trading,Sim12,020120,skip,pb2_not_crashed,f70a9f0d5247
14927165,2026-10-06 13:11:38,actions-trading,Sim12,004920,skip,pb2_not_crashed,a851aab3ac75
14927165,2026-10-06 13:11:38,actions-trading,Sim12,001525,skip,avoid_amount_dry,65967eaa8037
14927165,2026-10-06 13:11:38,actions-trading,Sim12,003010,skip,pb2_not_crashed,76ffab6e7411
14927165,2026-10-06 13:11:38,actions-trading,Sim12,002870,skip,avoid_frgn_sell_20d,1024372385e2
14927165,2026-10-06 13:11:38,actions-trading,Sim12,003350,skip,avoid_amount_dry,319286b9924c
14927165,2026-10-06 13:11:38,actions-trading,Sim12,014915,skip,pb2_not_crashed,349afb6fc194
14927165,2026-10-06 13:11:38,actions-trading,Sim12,079550,skip,pb2_not_crashed,e811089837f0
14927165,2026-10-06 13:11:38,actions-trading,Sim12,001380,skip,avoid_frgn_sell_20d,48d63575cb24
14927165,2026-10-06 13:11:38,actions-trading,Sim12,044820,skip,avoid_frgn_sell_20d,22a43b9bdba9
14927165,2026-10-06 13:11:38,actions-trading,Sim12,036570,skip,pb2_not_crashed,a1c966ccd9dc
14927165,2026-10-06 13:11:38,actions-trading,Sim12,084680,skip,avoid_frgn_sell_20d,b5262afd144a
14927165,2026-10-06 13:11:38,actions-trading,Sim12,002787,skip,avoid_amount_dry,edd7a384e62b
14927165,2026-10-06 13:11:38,actions-trading,Sim12,002785,skip,pb2_no_inst_buying,e4fdd2ca22c5
14927165,2026-10-06 13:11:38,actions-trading,Sim12,071950,skip,pb2_no_inst_buying,2d28b371f911
14927165,2026-10-06 13:11:38,actions-trading,Sim12,051630,skip,avoid_amount_dry,1ad082cdfb85
14927165,2026-10-06 13:11:38,actions-trading,Sim12,465770,skip,avoid_amount_dry,b804bb13f958
14927165,2026-10-06 13:11:38,actions-trading,Sim12,003570,skip,avoid_frgn_sell_20d,dc7b8deb1b11
14927165,2026-10-06 13:11:38,actions-trading,Sim12,443060,skip,avoid_amount_dry,ddb132b7d8e9
14927165,2026-10-06 13:11:38,actions-trading,Sim12,005880,skip,pb2_not_crashed,d96488831618
14927165,2026-10-06 13:11:38,actions-trading,Sim12,109070,skip,pb2_not_crashed,b9926d4bbe05
14927165,2026-10-06 13:11:38,actions-trading,Sim12,027740,skip,avoid_frgn_sell_20d,06340e53c6f9
14927165,2026-10-06 13:11:38,actions-trading,Sim12,100840,skip,avoid_amount_dry,e74a0f340bfe
14927165,2026-10-06 13:11:38,actions-trading,Sim12,088790,skip,avoid_amount_dry,d0e4e3e1e935
14927165,2026-10-06 13:11:38,actions-trading,Sim12,011300,skip,avoid_amount_dry,a9bca023e9ce
14927165,2026-10-06 13:11:38,actions-trading,Sim12,064350,skip,avoid_frgn_sell_20d,06559b4e6c59
14927165,2026-10-06 13:11:38,actions-trading,Sim12,012450,skip,avoid_amount_dry,5263e1b662c1
14927165,2026-10-06 13:11:38,actions-trading,Sim12,026960,skip,pb2_not_crashed,8568eb4819b5
14927165,2026-10-06 13:11:38,actions-trading,Sim13,480370,skip,no_frgn_support,7dbaf9e3fc7e
14927165,2026-10-06 13:11:38,actions-trading,Sim13,003580,skip,theme_momentum_weak,46ac9f3495d1
14927165,2026-10-06 13:11:38,actions-trading,Sim13,006110,skip,theme_momentum_weak,cf8f7325962e
14927165,2026-10-06 13:11:38,actions-trading,Sim13,281820,skip,no_frgn_support,9942cc33d7a8
14927165,2026-10-06 13:11:38,actions-trading,Sim13,066970,skip,theme_momentum_weak,21650bd5ba70
14927165,2026-10-06 13:11:38,actions-trading,Sim13,000150,skip,adx_weak,52908f029fe4
14927165,2026-10-06 13:11:38,actions-trading,Sim13,002710,skip,adx_weak,0bc0b0644eed
14927165,2026-10-06 13:11:38,actions-trading,Sim13,000020,skip,theme_momentum_weak,7116b2dbcf8a
14927165,2026-10-06 13:11:38,actions-trading,Sim13,011070,skip,theme_momentum_weak,91569d6c159a
14927165,2026-10-06 13:11:38,actions-trading,Sim13,007660,skip,adx_weak,a668c3b2a717
14927165,2026-10-06 13:11:38,actions-trading,Sim13,336370,skip,adx_weak,34014138d9ba
14927165,2026-10-06 13:11:38,actions-trading,Sim13,006400,skip,theme_momentum_weak,3002641d628c
14927165,2026-10-06 13:11:38,actions-trading,Sim13,008970,skip,adx_weak,a073a31c6d9d
14927165,2026-10-06 13:11:38,actions-trading,Sim13,018670,skip,theme_momentum_weak,af1bd16f278b
14927165,2026-10-06 13:11:38,actions-trading,Sim13,005030,skip,theme_momentum_weak,f7f6eb753712
14927165,2026-10-06 13:11:38,actions-trading,Sim13,066570,skip,theme_momentum_weak,d87623b7b165
14927165,2026-10-06 13:11:38,actions-trading,Sim13,007810,skip,amount_not_surprised,f5abcc166e09
14927165,2026-10-06 13:11:38,actions-trading,Sim13,066575,skip,theme_momentum_weak,4f6b03fdfb8d
14927165,2026-10-06 13:11:38,actions-trading,Sim13,002820,skip,theme_momentum_weak,05008fc37bde
14927165,2026-10-06 13:11:38,actions-trading,Sim13,000157,skip,theme_momentum_weak,86593386454f
14927165,2026-10-06 13:11:38,actions-trading,Sim13,298020,skip,theme_momentum_weak,62b228a919f1
14927165,2026-10-06 13:11:38,actions-trading,Sim13,020150,skip,no_frgn_support,20149bee2a75
14927165,2026-10-06 13:11:38,actions-trading,Sim13,000155,skip,theme_momentum_weak,fcc5520df517
14927165,2026-10-06 13:11:38,actions-trading,Sim13,005690,skip,adx_weak,244d652f2327
14927165,2026-10-06 13:11:38,actions-trading,Sim13,353200,skip,amount_not_surprised,36aa312c5745
14927165,2026-10-06 13:11:38,actions-trading,Sim13,090460,skip,theme_momentum_weak,8b10eb3fe613
14927165,2026-10-06 13:11:38,actions-trading,Sim13,063160,skip,theme_momentum_weak,13c96dc36361
14927165,2026-10-06 13:11:38,actions-trading,Sim13,006405,skip,theme_momentum_weak,e451db15ee87
14927165,2026-10-06 13:11:38,actions-trading,Sim13,001250,skip,theme_momentum_weak,f9d8ea4cbdf9
14927165,2026-10-06 13:11:38,actions-trading,Sim13,009150,skip,adx_weak,a03cceaa7a69
14927165,2026-10-06 13:11:38,actions-trading,Sim14,_gate,skip,regime_blocked,e3b0c44298fc
14927165,2026-10-06 13:11:38,actions-trading,Sim15,_gate,skip,already_rebalanced,e3b0c44298fc
14927165,2026-10-06 13:11:38,actions-trading,Sim15,069500,seen,,08e9b81c798f
14927165,2026-10-06 13:11:38,actions-trading,Sim15,133690,seen,,5c9e7bf4de71
14927165,2026-10-06 13:11:38,actions-trading,Sim15,148070,seen,,1af4629672e5
14927165,2026-10-06 13:11:38,actions-trading,Sim16,_gate,skip,already_rebalanced,e3b0c44298fc
14927165,2026-10-06 13:11:38,actions-trading,Sim16,122630,seen,,ef7d2249320f
14927165,2026-10-06 13:11:38,actions-trading,Sim16,418660,seen,,1b155d0d3cb6
14927165,2026-10-06 13:11:38,actions-trading,Sim16,148070,seen,,1af4629672e5
14927166,2026-10-06 13:12:52,actions-trading,Sim3,402340,skip,qty_zero,2599db2b45f5
14927166,2026-10-06 13:12:52,actions-trading,Sim3,383800,skip,amount,9a499111f44e
14927166,2026-10-06 13:12:52,actions-trading,Sim3,462870,skip,amount,700a5bf1228b
14927166,2026-10-06 13:12:52,actions-trading,Sim3,000660,skip,qty_zero,bc8eb6a1587a
14927166,2026-10-06 13:12:52,actions-trading,Sim3,071970,skip,cooldown,3bb227015c8f
14927166,2026-10-06 13:12:52,actions-trading,Sim3,042700,skip,not_cheap,4f8a1b177b88
14927166,2026-10-06 13:12:52,actions-trading,Sim3,326030,skip,cooldown,2c52b32605f5
14927166,2026-10-06 13:12:52,actions-trading,Sim3,207940,skip,not_cheap,ccfbe908392b
14927166,2026-10-06 13:12:52,actions-trading,Sim3,033920,skip,amount,706180f7f977
14927166,2026-10-06 13:12:52,actions-trading,Sim3,004770,skip,amount,0b4720e40c32
14927166,2026-10-06 13:12:52,actions-trading,Sim3,0126Z0,skip,not_cheap,da127d453ef7
14927166,2026-10-06 13:12:52,actions-trading,Sim3,062040,skip,not_cheap,4a65ad3c346d
14927166,2026-10-06 13:12:52,actions-trading,Sim3,317450,skip,amount,555715719eb4
14927166,2026-10-06 13:12:52,actions-trading,Sim3,026960,skip,amount,89258c00fa38
14927166,2026-10-06 13:12:52,actions-trading,Sim3,021820,skip,amount,4eca82215890
14927166,2026-10-06 13:12:52,actions-trading,Sim3,192080,skip,amount,a4e78c0f87a9
14927166,2026-10-06 13:12:52,actions-trading,Sim3,068270,skip,cooldown,9dce6c14d1bf
14927166,2026-10-06 13:12:52,actions-trading,Sim3,123890,skip,amount,bc7770187ead
14927166,2026-10-06 13:12:52,actions-trading,Sim3,000240,skip,amount,22bc7feb76f4
14927166,2026-10-06 13:12:52,actions-trading,Sim3,002380,skip,amount,c7f1e1c7ebed
14927166,2026-10-06 13:12:52,actions-trading,Sim3,009770,skip,amount,777ccc54b06d
14927166,2026-10-06 13:12:52,actions-trading,Sim3,259960,skip,cooldown,dda24bbc14d5
14927166,2026-10-06 13:12:52,actions-trading,Sim3,035250,skip,amount,4c7b165c68be
14927166,2026-10-06 13:12:52,actions-trading,Sim3,383220,skip,amount,5631ddcbb36a
14927166,2026-10-06 13:12:52,actions-trading,Sim3,226320,skip,amount,6f52af803796
14927166,2026-10-06 13:12:52,actions-trading,Sim3,439260,skip,amount,143768ee61a7
14927166,2026-10-06 13:12:52,actions-trading,Sim3,025560,skip,cooldown,c2b33fab5346
14927166,2026-10-06 13:12:52,actions-trading,Sim3,007700,skip,amount,f49d0c03000e
14927166,2026-10-06 13:12:52,actions-trading,Sim3,278470,skip,not_cheap,cf001642dec2
14927166,2026-10-06 13:12:52,actions-trading,Sim3,000990,skip,not_cheap,ce86c4e6201e
14927166,2026-10-06 13:13:28,actions-trading,MFHS2,018880,skip,max_holdings,5a995bce30bd
14927166,2026-10-06 13:13:28,actions-trading,MFHS2,047040,seen,,7df5792ddc29
14927166,2026-10-06 13:13:28,actions-trading,MFHS2,007660,seen,,b2b806f0dd1b
14927166,2026-10-06 13:13:28,actions-trading,MFHS2,066570,seen,,edfbea1834ff
14927166,2026-10-06 13:13:28,actions-trading,MFHS2,009190,seen,,2cb53046f508
14927166,2026-10-06 13:13:28,actions-trading,MFHS2,002710,seen,,1c4d0dd231e8
14927166,2026-10-06 13:13:28,actions-trading,MFHS2,005690,seen,,d6032a45dcdd
14927166,2026-10-06 13:13:28,actions-trading,MFHS2,025560,seen,,e9c53770d2d5
14927166,2026-10-06 13:13:28,actions-trading,MFHS2,005360,seen,,77133f4b6b74
14927166,2026-10-06 13:13:28,actions-trading,MFHS2,009830,seen,,f0ae13899348
14927166,2026-10-06 13:13:28,actions-trading,MFHS2,006400,seen,,0d9620c5ba76
14927166,2026-10-06 13:13:28,actions-trading,MFHS2,002700,seen,,92f9e5fbe068
14927166,2026-10-06 13:13:28,actions-trading,MFHS2,279570,seen,,c742a45ab6ba
14927166,2026-10-06 13:13:28,actions-trading,MFHS2,138930,seen,,d2bdabc6cc18
14927166,2026-10-06 13:13:28,actions-trading,MFHS2,090460,seen,,455174b1fd33
14927166,2026-10-06 13:13:28,actions-trading,MFHS2,009150,seen,,a5e7767dc53e
14927166,2026-10-06 13:13:28,actions-trading,MFHS2,317400,seen,,d48564eb6521
14927166,2026-10-06 13:13:28,actions-trading,MFHS2,460860,seen,,254f5974b960
14927166,2026-10-06 13:13:28,actions-trading,MFHS2,006800,seen,,b160d674ae29
14927166,2026-10-06 13:13:28,actions-trading,MFHS2,010120,seen,,b6425c6f8ae6
14927166,2026-10-06 13:13:28,actions-trading,MFHS2,011070,seen,,3e61758f267b
14927166,2026-10-06 13:13:28,actions-trading,MFHS2,022100,seen,,f1015e2f3635
14927166,2026-10-06 13:13:28,actions-trading,MFHS2,003620,seen,,1e23058cd333
14927166,2026-10-06 13:13:28,actions-trading,MFHS2,015260,seen,,c8192d23fe26
14927166,2026-10-06 13:13:28,actions-trading,MFHS2,452260,seen,,781d7d28705d
14927166,2026-10-06 13:13:28,actions-trading,MFHS2,001230,seen,,a8b573a10d55
14927166,2026-10-06 13:13:28,actions-trading,MFHS2,066970,seen,,1134b2224721
14927166,2026-10-06 13:13:28,actions-trading,MFHS2,066575,seen,,3a435384b904
14927166,2026-10-06 13:13:28,actions-trading,MFHS2,004020,seen,,e4113f0749d8
14927166,2026-10-06 13:13:28,actions-trading,MFHS2,002990,seen,,f3a6266999a0
14927166,2026-10-06 13:13:29,actions-trading,상승모멘텀,480370,skip,adx_high,038034b02605
14927166,2026-10-06 13:13:29,actions-trading,상승모멘텀,003580,skip,adx_high,dd7e659597a0
14927166,2026-10-06 13:13:29,actions-trading,상승모멘텀,000020,skip,adx_low,33f07725f21e
14927166,2026-10-06 13:13:29,actions-trading,상승모멘텀,006110,skip,adx_high,4a42e1b8dfa1
14927166,2026-10-06 13:13:29,actions-trading,상승모멘텀,281820,skip,adx_high,dabcdf95fbd8
14927166,2026-10-06 13:13:29,actions-trading,상승모멘텀,066970,skip,adx_low,1134b2224721
14927166,2026-10-06 13:13:29,actions-trading,상승모멘텀,002710,skip,tick,1c4d0dd231e8
14927166,2026-10-06 13:13:29,actions-trading,상승모멘텀,011070,skip,adx_low,3e61758f267b
14927166,2026-10-06 13:13:29,actions-trading,상승모멘텀,002820,skip,amount,d4e2ace2287e
14927166,2026-10-06 13:13:29,actions-trading,상승모멘텀,007660,skip,held_or_sold_today,b2b806f0dd1b
14927166,2026-10-06 13:13:29,actions-trading,상승모멘텀,000150,skip,adx_high,db55f5863825
14927166,2026-10-06 13:13:29,actions-trading,상승모멘텀,336370,skip,adx_high,15de57876162
14927166,2026-10-06 13:13:29,actions-trading,상승모멘텀,008970,skip,tick,e903d86bc7df
14927166,2026-10-06 13:13:29,actions-trading,상승모멘텀,006400,skip,adx_low,0d9620c5ba76
14927166,2026-10-06 13:13:29,actions-trading,상승모멘텀,005030,skip,amount,8cf8942b4e96
14927166,2026-10-06 13:13:29,actions-trading,상승모멘텀,066570,skip,adx_low,edfbea1834ff
14927166,2026-10-06 13:13:29,actions-trading,상승모멘텀,007810,skip,adx_high,f284cf2fd9be
14927166,2026-10-06 13:13:29,actions-trading,상승모멘텀,018670,skip,period,671db4fd8baf
14927166,2026-10-06 13:13:29,actions-trading,상승모멘텀,066575,skip,adx_high,3a435384b904
14927166,2026-10-06 13:13:29,actions-trading,상승모멘텀,000157,skip,amount,86593386454f
14927166,2026-10-06 13:13:29,actions-trading,상승모멘텀,020150,skip,held_or_sold_today,7ffd9be692ad
14927166,2026-10-06 13:13:29,actions-trading,상승모멘텀,298020,skip,adx_high,156dbc04f7f3
14927166,2026-10-06 13:13:29,actions-trading,상승모멘텀,000155,skip,adx_high,9d533d51c782
14927166,2026-10-06 13:13:29,actions-trading,상승모멘텀,005690,skip,period,d6032a45dcdd
14927166,2026-10-06 13:13:29,actions-trading,상승모멘텀,353200,skip,adx_high,39d5623f07ec
14927166,2026-10-06 13:13:29,actions-trading,상승모멘텀,090460,skip,period,455174b1fd33
14927166,2026-10-06 13:13:29,actions-trading,상승모멘텀,063160,skip,amount,3ce2c06b7928
14927166,2026-10-06 13:13:29,actions-trading,상승모멘텀,006405,skip,amount,4a7e25d19bda
14927166,2026-10-06 13:13:29,actions-trading,상승모멘텀,009150,skip,qty_zero,a5e7767dc53e
14927166,2026-10-06 13:13:29,actions-trading,상승모멘텀,084010,skip,amount,d2d9231debce
14927166,2026-10-06 13:13:29,actions-trading,Sim6,_gate,skip,already_rebalanced,e3b0c44298fc
14927166,2026-10-06 13:13:29,actions-trading,Sim6,069500,seen,,219c63eb1bc6
14927166,2026-10-06 13:13:29,actions-trading,Sim6,360750,seen,,7e907f9ae2d6
14927166,2026-10-06 13:13:29,actions-trading,Sim6,148070,seen,,0646c4f9470d
14927166,2026-10-06 13:13:29,actions-trading,Sim6,411060,seen,,35e2b414da32
14927166,2026-10-06 13:13:29,actions-trading,Sim6,305080,seen,,7ba73b955c18
14927166,2026-10-06 13:13:29,actions-trading,Sim6,357870,seen,,f1e524e0a4e8
14927166,2026-10-06 13:13:30,actions-trading,Sim4-1,480370,skip,adx_high,038034b02605
14927166,2026-10-06 13:13:30,actions-trading,Sim4-1,003580,skip,adx_high,dd7e659597a0
14927166,2026-10-06 13:13:30,actions-trading,Sim4-1,000020,skip,adx_low,33f07725f21e
14927166,2026-10-06 13:13:30,actions-trading,Sim4-1,006110,skip,adx_high,4a42e1b8dfa1
14927166,2026-10-06 13:13:30,actions-trading,Sim4-1,281820,skip,adx_high,dabcdf95fbd8
14927166,2026-10-06 13:13:30,actions-trading,Sim4-1,066970,skip,adx_low,1134b2224721
14927166,2026-10-06 13:13:30,actions-trading,Sim4-1,002710,skip,held_or_cooldown,1c4d0dd231e8
14927166,2026-10-06 13:13:30,actions-trading,Sim4-1,011070,skip,adx_low,3e61758f267b
14927166,2026-10-06 13:13:30,actions-trading,Sim4-1,002820,skip,amount,d4e2ace2287e
14927166,2026-10-06 13:13:30,actions-trading,Sim4-1,007660,skip,held_or_cooldown,b2b806f0dd1b
14927166,2026-10-06 13:13:30,actions-trading,Sim4-1,000150,skip,adx_high,db55f5863825
14927166,2026-10-06 13:13:30,actions-trading,Sim4-1,336370,skip,adx_high,15de57876162
14927166,2026-10-06 13:13:30,actions-trading,Sim4-1,008970,skip,held_or_cooldown,e903d86bc7df
14927166,2026-10-06 13:13:30,actions-trading,Sim4-1,006400,skip,adx_low,0d9620c5ba76
14927166,2026-10-06 13:13:30,actions-trading,Sim4-1,005030,skip,amount,8cf8942b4e96
14927166,2026-10-06 13:13:30,actions-trading,Sim4-1,066570,skip,adx_low,edfbea1834ff
14927166,2026-10-06 13:13:30,actions-trading,Sim4-1,007810,skip,adx_high,f284cf2fd9be
14927166,2026-10-06 13:13:30,actions-trading,Sim4-1,018670,skip,period,671db4fd8baf
14927166,2026-10-06 13:13:30,actions-trading,Sim4-1,066575,skip,adx_high,3a435384b904
14927166,2026-10-06 13:13:30,actions-trading,Sim4-1,000157,skip,amount,86593386454f
14927166,2026-10-06 13:13:30,actions-trading,Sim4-1,020150,skip,held_or_cooldown,7ffd9be692ad
14927166,2026-10-06 13:13:30,actions-trading,Sim4-1,298020,skip,adx_high,156dbc04f7f3
14927166,2026-10-06 13:13:30,actions-trading,Sim4-1,000155,skip,adx_high,9d533d51c782
14927166,2026-10-06 13:13:30,actions-trading,Sim4-1,005690,skip,period,d6032a45dcdd
14927166,2026-10-06 13:13:30,actions-trading,Sim4-1,353200,skip,adx_high,39d5623f07ec
14927166,2026-10-06 13:13:30,actions-trading,Sim4-1,090460,skip,period,455174b1fd33
14927166,2026-10-06 13:13:30,actions-trading,Sim4-1,063160,skip,amount,3ce2c06b7928
14927166,2026-10-06 13:13:30,actions-trading,Sim4-1,006405,skip,amount,4a7e25d19bda
14927166,2026-10-06 13:13:30,actions-trading,Sim4-1,009150,skip,qty_zero,a5e7767dc53e
14927166,2026-10-06 13:13:30,actions-trading,Sim4-1,084010,skip,amount,d2d9231debce
14927166,2026-10-06 13:13:31,actions-trading,선행매집,018880,skip,below_anchor,5a995bce30bd
14927166,2026-10-06 13:13:31,actions-trading,선행매집,047040,skip,below_anchor,7df5792ddc29
14927166,2026-10-06 13:13:31,actions-trading,선행매집,007660,skip,below_anchor,b2b806f0dd1b
14927166,2026-10-06 13:13:31,actions-trading,선행매집,066570,skip,below_anchor,edfbea1834ff
14927166,2026-10-06 13:13:31,actions-trading,선행매집,002710,skip,below_anchor,1c4d0dd231e8
14927166,2026-10-06 13:13:31,actions-trading,선행매집,006800,skip,below_anchor,b160d674ae29
14927166,2026-10-06 13:13:31,actions-trading,선행매집,001250,skip,below_anchor,d2be7933c856
14927166,2026-10-06 13:13:31,actions-trading,선행매집,009190,skip,below_anchor,2cb53046f508
14927166,2026-10-06 13:13:31,actions-trading,선행매집,005320,skip,amount,ddfadd791087
14927166,2026-10-06 13:13:31,actions-trading,선행매집,009830,skip,below_anchor,f0ae13899348
14927166,2026-10-06 13:13:31,actions-trading,선행매집,006400,skip,below_anchor,0d9620c5ba76
14927166,2026-10-06 13:13:31,actions-trading,선행매집,005690,skip,below_anchor,d6032a45dcdd
14927166,2026-10-06 13:13:31,actions-trading,선행매집,025560,skip,below_anchor,e9c53770d2d5
14927166,2026-10-06 13:13:31,actions-trading,선행매집,336370,skip,below_anchor,15de57876162
14927166,2026-10-06 13:13:31,actions-trading,선행매집,009150,skip,below_anchor,a5e7767dc53e
14927166,2026-10-06 13:13:31,actions-trading,선행매집,005360,skip,amount,77133f4b6b74
14927166,2026-10-06 13:13:31,actions-trading,선행매집,279570,skip,below_anchor,c742a45ab6ba
14927166,2026-10-06 13:13:31,actions-trading,선행매집,002700,skip,amount,92f9e5fbe068
14927166,2026-10-06 13:13:31,actions-trading,선행매집,090460,skip,below_anchor,455174b1fd33
14927166,2026-10-06 13:13:31,actions-trading,선행매집,011070,skip,below_anchor,3e61758f267b
14927166,2026-10-06 13:13:31,actions-trading,선행매집,022100,skip,below_anchor,f1015e2f3635
14927166,2026-10-06 13:13:31,actions-trading,선행매집,010120,skip,below_anchor,b6425c6f8ae6
14927166,2026-10-06 13:13:31,actions-trading,선행매집,192650,skip,sold_or_cooldown,c18f86911fce
14927166,2026-10-06 13:13:31,actions-trading,선행매집,138930,skip,below_anchor,d2bdabc6cc18
14927166,2026-10-06 13:13:31,actions-trading,선행매집,066970,skip,below_anchor,1134b2224721
14927166,2026-10-06 13:13:31,actions-trading,선행매집,015760,skip,below_anchor,c432a3ce3207
14927166,2026-10-06 13:13:31,actions-trading,선행매집,003620,skip,below_anchor,1e23058cd333
14927166,2026-10-06 13:13:31,actions-trading,선행매집,460860,skip,below_anchor,254f5974b960
14927166,2026-10-06 13:13:31,actions-trading,선행매집,015260,skip,amount,c8192d23fe26
14927166,2026-10-06 13:13:31,actions-trading,선행매집,452260,skip,below_anchor,781d7d28705d
14927166,2026-10-06 13:13:31,actions-trading,Sim9,_gate,skip,outside_entry_window,e3b0c44298fc
14927166,2026-10-06 13:13:31,actions-trading,Sim9,480370,seen,,038034b02605
14927166,2026-10-06 13:13:31,actions-trading,Sim9,003580,seen,,dd7e659597a0
14927166,2026-10-06 13:13:31,actions-trading,Sim9,000020,seen,,33f07725f21e
14927166,2026-10-06 13:13:31,actions-trading,Sim9,006110,seen,,4a42e1b8dfa1
14927166,2026-10-06 13:13:31,actions-trading,Sim9,281820,seen,,dabcdf95fbd8
14927166,2026-10-06 13:13:31,actions-trading,Sim9,066970,seen,,1134b2224721
14927166,2026-10-06 13:13:31,actions-trading,Sim9,002710,seen,,1c4d0dd231e8
14927166,2026-10-06 13:13:31,actions-trading,Sim9,011070,seen,,3e61758f267b
14927166,2026-10-06 13:13:31,actions-trading,Sim9,002820,seen,,d4e2ace2287e
14927166,2026-10-06 13:13:31,actions-trading,Sim9,007660,seen,,b2b806f0dd1b
14927166,2026-10-06 13:13:31,actions-trading,Sim9,000150,seen,,db55f5863825
14927166,2026-10-06 13:13:31,actions-trading,Sim9,336370,seen,,15de57876162
14927166,2026-10-06 13:13:31,actions-trading,Sim9,008970,seen,,e903d86bc7df
14927166,2026-10-06 13:13:31,actions-trading,Sim9,006400,seen,,0d9620c5ba76
14927166,2026-10-06 13:13:31,actions-trading,Sim9,005030,seen,,8cf8942b4e96
14927166,2026-10-06 13:13:31,actions-trading,Sim9,066570,seen,,edfbea1834ff
14927166,2026-10-06 13:13:31,actions-trading,Sim9,007810,seen,,f284cf2fd9be
14927166,2026-10-06 13:13:31,actions-trading,Sim9,018670,seen,,671db4fd8baf
14927166,2026-10-06 13:13:31,actions-trading,Sim9,066575,seen,,3a435384b904
14927166,2026-10-06 13:13:31,actions-trading,Sim9,000157,seen,,86593386454f
14927166,2026-10-06 13:13:31,actions-trading,Sim9,020150,seen,,7ffd9be692ad
14927166,2026-10-06 13:13:31,actions-trading,Sim9,298020,seen,,156dbc04f7f3
14927166,2026-10-06 13:13:31,actions-trading,Sim9,000155,seen,,9d533d51c782
14927166,2026-10-06 13:13:31,actions-trading,Sim9,005690,seen,,d6032a45dcdd
14927166,2026-10-06 13:13:31,actions-trading,Sim9,353200,seen,,39d5623f07ec
14927166,2026-10-06 13:13:31,actions-trading,Sim9,090460,seen,,455174b1fd33
14927166,2026-10-06 13:13:31,actions-trading,Sim9,063160,seen,,3ce2c06b7928
14927166,2026-10-06 13:13:31,actions-trading,Sim9,006405,seen,,4a7e25d19bda
14927166,2026-10-06 13:13:31,actions-trading,Sim9,009150,seen,,a5e7767dc53e
14927166,2026-10-06 13:13:31,actions-trading,Sim9,084010,seen,,d2d9231debce
14927166,2026-10-06 13:13:31,actions-trading,미너비니,192820,skip,below_pivot,c49d6f3f9769
14927166,2026-10-06 13:13:31,actions-trading,미너비니,443060,skip,below_pivot,0617e18019b2
14927166,2026-10-06 13:13:31,actions-trading,Sim12,480370,skip,pb2_not_crashed,038034b02605
14927166,2026-10-06 13:13:31,actions-trading,Sim12,003580,skip,pb2_not_crashed,dd7e659597a0
14927166,2026-10-06 13:13:31,actions-trading,Sim12,000020,skip,pb2_not_crashed,33f07725f21e
14927166,2026-10-06 13:13:31,actions-trading,Sim12,006110,skip,pb2_not_crashed,4a42e1b8dfa1
14927166,2026-10-06 13:13:31,actions-trading,Sim12,281820,skip,pb2_not_crashed,dabcdf95fbd8
14927166,2026-10-06 13:13:31,actions-trading,Sim12,066970,skip,pb2_not_crashed,1134b2224721
14927166,2026-10-06 13:13:31,actions-trading,Sim12,002710,skip,avoid_frgn_sell_20d,1c4d0dd231e8
14927166,2026-10-06 13:13:31,actions-trading,Sim12,011070,skip,avoid_orgn_sell_high_per,3e61758f267b
14927166,2026-10-06 13:13:31,actions-trading,Sim12,002820,skip,avoid_deadcat,d4e2ace2287e
14927166,2026-10-06 13:13:31,actions-trading,Sim12,007660,skip,pb2_not_crashed,b2b806f0dd1b
14927166,2026-10-06 13:13:31,actions-trading,Sim12,000150,skip,avoid_frgn_sell_20d,db55f5863825
14927166,2026-10-06 13:13:31,actions-trading,Sim12,336370,skip,avoid_frgn_sell_20d,15de57876162
14927166,2026-10-06 13:13:31,actions-trading,Sim12,008970,skip,pb2_not_crashed,e903d86bc7df
14927166,2026-10-06 13:13:31,actions-trading,Sim12,006400,skip,pb2_not_crashed,0d9620c5ba76
14927166,2026-10-06 13:13:31,actions-trading,Sim12,005030,skip,avoid_amount_dry,8cf8942b4e96
14927166,2026-10-06 13:13:31,actions-trading,Sim12,066570,skip,pb2_not_crashed,edfbea1834ff
14927166,2026-10-06 13:13:31,actions-trading,Sim12,007810,skip,pb2_not_crashed,f284cf2fd9be
14927166,2026-10-06 13:13:31,actions-trading,Sim12,018670,skip,avoid_frgn_sell_20d,671db4fd8baf
14927166,2026-10-06 13:13:31,actions-trading,Sim12,066575,skip,pb2_not_crashed,3a435384b904
14927166,2026-10-06 13:13:31,actions-trading,Sim12,000157,skip,pb2_thin_liquidity,86593386454f
14927166,2026-10-06 13:13:31,actions-trading,Sim12,020150,skip,avoid_frgn_sell_20d,7ffd9be692ad
14927166,2026-10-06 13:13:31,actions-trading,Sim12,298020,skip,avoid_orgn_sell_high_per,156dbc04f7f3
14927166,2026-10-06 13:13:31,actions-trading,Sim12,000155,skip,pb2_thin_liquidity,9d533d51c782
14927166,2026-10-06 13:13:31,actions-trading,Sim12,005690,skip,pb2_not_crashed,d6032a45dcdd
14927166,2026-10-06 13:13:31,actions-trading,Sim12,353200,skip,avoid_orgn_sell_high_per,39d5623f07ec
14927166,2026-10-06 13:13:31,actions-trading,Sim12,090460,skip,pb2_not_crashed,455174b1fd33
14927166,2026-10-06 13:13:31,actions-trading,Sim12,063160,skip,avoid_frgn_sell_20d,3ce2c06b7928
14927166,2026-10-06 13:13:31,actions-trading,Sim12,006405,skip,pb2_not_crashed,4a7e25d19bda
14927166,2026-10-06 13:13:31,actions-trading,Sim12,009150,skip,pb2_not_crashed,a5e7767dc53e
14927166,2026-10-06 13:13:31,actions-trading,Sim12,084010,skip,avoid_frgn_sell_20d,d2d9231debce
14927166,2026-10-06 13:13:31,actions-trading,Sim12,005110,skip,avoid_amount_dry,914b6555b8ba
14927166,2026-10-06 13:13:31,actions-trading,Sim12,015260,skip,pb2_no_inst_buying,c8192d23fe26
14927166,2026-10-06 13:13:31,actions-trading,Sim12,020120,skip,pb2_not_crashed,aacca23ea30e
14927166,2026-10-06 13:13:31,actions-trading,Sim12,004920,skip,pb2_not_crashed,03960b73192d
14927166,2026-10-06 13:13:31,actions-trading,Sim12,001525,skip,avoid_amount_dry,65967eaa8037
14927166,2026-10-06 13:13:31,actions-trading,Sim12,003010,skip,pb2_not_crashed,051ff9deaa44
14927166,2026-10-06 13:13:31,actions-trading,Sim12,003350,skip,avoid_amount_dry,0e5f9a83f2a6
14927166,2026-10-06 13:13:31,actions-trading,Sim12,014915,skip,pb2_not_crashed,349afb6fc194
14927166,2026-10-06 13:13:31,actions-trading,Sim12,002870,skip,avoid_frgn_sell_20d,9e5d5b8100dc
14927166,2026-10-06 13:13:31,actions-trading,Sim12,079550,skip,pb2_not_crashed,561ced8726ee
14927166,2026-10-06 13:13:31,actions-trading,Sim12,044820,skip,avoid_frgn_sell_20d,2ec3c49bf5fa
14927166,2026-10-06 13:13:31,actions-trading,Sim12,001380,skip,avoid_frgn_sell_20d,33e133ffda30
14927166,2026-10-06 13:13:31,actions-trading,Sim12,084680,skip,avoid_frgn_sell_20d,61200a14bc9a
14927166,2026-10-06 13:13:31,actions-trading,Sim12,002787,skip,avoid_amount_dry,edd7a384e62b
14927166,2026-10-06 13:13:31,actions-trading,Sim12,002785,skip,pb2_no_inst_buying,e4fdd2ca22c5
14927166,2026-10-06 13:13:31,actions-trading,Sim12,036570,skip,pb2_not_crashed,7eaffaaaa695
14927166,2026-10-06 13:13:31,actions-trading,Sim12,003570,skip,avoid_frgn_sell_20d,846c8073ad8b
14927166,2026-10-06 13:13:31,actions-trading,Sim12,051630,skip,avoid_amount_dry,bc18037140cf
14927166,2026-10-06 13:13:31,actions-trading,Sim12,465770,skip,avoid_amount_dry,84fcd2820509
14927166,2026-10-06 13:13:31,actions-trading,Sim12,443060,skip,avoid_amount_dry,0617e18019b2
14927166,2026-10-06 13:13:31,actions-trading,Sim12,071950,skip,pb2_no_inst_buying,1dc71821a1d1
14927166,2026-10-06 13:13:31,actions-trading,Sim12,109070,skip,pb2_not_crashed,5af5ae41c0f0
14927166,2026-10-06 13:13:31,actions-trading,Sim12,005880,skip,pb2_not_crashed,ef741fcedc1d
14927166,2026-10-06 13:13:31,actions-trading,Sim12,100840,skip,avoid_amount_dry,1b01e29d02e6
14927166,2026-10-06 13:13:31,actions-trading,Sim12,027740,skip,avoid_frgn_sell_20d,34ab1335af40
14927166,2026-10-06 13:13:31,actions-trading,Sim12,011300,skip,avoid_amount_dry,3c7603c68a00
14927166,2026-10-06 13:13:31,actions-trading,Sim12,064350,skip,avoid_frgn_sell_20d,1de050ad1d0d
14927166,2026-10-06 13:13:31,actions-trading,Sim12,088790,skip,avoid_amount_dry,ce1dc554d235
14927166,2026-10-06 13:13:31,actions-trading,Sim12,207940,skip,avoid_orgn_sell_high_per,d05cc2c25d7c
14927166,2026-10-06 13:13:31,actions-trading,Sim12,026960,skip,pb2_not_crashed,d75e8ef2041b
14927166,2026-10-06 13:13:31,actions-trading,Sim13,480370,skip,no_frgn_support,038034b02605
14927166,2026-10-06 13:13:31,actions-trading,Sim13,003580,skip,theme_momentum_weak,dd7e659597a0
14927166,2026-10-06 13:13:31,actions-trading,Sim13,000020,skip,theme_momentum_weak,33f07725f21e
14927166,2026-10-06 13:13:31,actions-trading,Sim13,006110,skip,theme_momentum_weak,4a42e1b8dfa1
14927166,2026-10-06 13:13:31,actions-trading,Sim13,281820,skip,no_frgn_support,dabcdf95fbd8
14927166,2026-10-06 13:13:31,actions-trading,Sim13,066970,skip,theme_momentum_weak,1134b2224721
14927166,2026-10-06 13:13:31,actions-trading,Sim13,002710,skip,adx_weak,1c4d0dd231e8
14927166,2026-10-06 13:13:31,actions-trading,Sim13,011070,skip,theme_momentum_weak,3e61758f267b
14927166,2026-10-06 13:13:31,actions-trading,Sim13,002820,skip,theme_momentum_weak,d4e2ace2287e
14927166,2026-10-06 13:13:31,actions-trading,Sim13,007660,skip,adx_weak,b2b806f0dd1b
14927166,2026-10-06 13:13:31,actions-trading,Sim13,000150,skip,adx_weak,db55f5863825
14927166,2026-10-06 13:13:31,actions-trading,Sim13,336370,skip,adx_weak,15de57876162
14927166,2026-10-06 13:13:31,actions-trading,Sim13,008970,skip,adx_weak,e903d86bc7df
14927166,2026-10-06 13:13:31,actions-trading,Sim13,006400,skip,theme_momentum_weak,0d9620c5ba76
14927166,2026-10-06 13:13:31,actions-trading,Sim13,005030,skip,theme_momentum_weak,8cf8942b4e96
14927166,2026-10-06 13:13:31,actions-trading,Sim13,066570,skip,theme_momentum_weak,edfbea1834ff
14927166,2026-10-06 13:13:31,actions-trading,Sim13,007810,skip,amount_not_surprised,f284cf2fd9be
14927166,2026-10-06 13:13:31,actions-trading,Sim13,018670,skip,theme_momentum_weak,671db4fd8baf
14927166,2026-10-06 13:13:31,actions-trading,Sim13,066575,skip,theme_momentum_weak,3a435384b904
14927166,2026-10-06 13:13:31,actions-trading,Sim13,000157,skip,theme_momentum_weak,86593386454f
14927166,2026-10-06 13:13:31,actions-trading,Sim13,020150,skip,no_frgn_support,7ffd9be692ad
14927166,2026-10-06 13:13:31,actions-trading,Sim13,298020,skip,theme_momentum_weak,156dbc04f7f3
14927166,2026-10-06 13:13:31,actions-trading,Sim13,000155,skip,theme_momentum_weak,9d533d51c782
14927166,2026-10-06 13:13:31,actions-trading,Sim13,005690,skip,adx_weak,d6032a45dcdd
14927166,2026-10-06 13:13:31,actions-trading,Sim13,353200,skip,amount_not_surprised,39d5623f07ec
14927166,2026-10-06 13:13:31,actions-trading,Sim13,090460,skip,theme_momentum_weak,455174b1fd33
14927166,2026-10-06 13:13:31,actions-trading,Sim13,063160,skip,theme_momentum_weak,3ce2c06b7928
14927166,2026-10-06 13:13:31,actions-trading,Sim13,006405,skip,theme_momentum_weak,4a7e25d19bda
14927166,2026-10-06 13:13:31,actions-trading,Sim13,009150,skip,adx_weak,a5e7767dc53e
14927166,2026-10-06 13:13:31,actions-trading,Sim13,084010,skip,theme_momentum_weak,d2d9231debce
14927166,2026-10-06 13:13:31,actions-trading,Sim14,_gate,skip,regime_blocked,e3b0c44298fc
14927166,2026-10-06 13:13:31,actions-trading,Sim15,_gate,skip,already_rebalanced,e3b0c44298fc
14927166,2026-10-06 13:13:31,actions-trading,Sim15,069500,seen,,219c63eb1bc6
14927166,2026-10-06 13:13:31,actions-trading,Sim15,133690,seen,,c3199a17ef8d
14927166,2026-10-06 13:13:31,actions-trading,Sim15,148070,seen,,0646c4f9470d
14927166,2026-10-06 13:13:31,actions-trading,Sim16,_gate,skip,already_rebalanced,e3b0c44298fc
14927166,2026-10-06 13:13:31,actions-trading,Sim16,122630,seen,,e41f26425a74
14927166,2026-10-06 13:13:31,actions-trading,Sim16,418660,seen,,d1ffa6362d7a
14927166,2026-10-06 13:13:31,actions-trading,Sim16,148070,seen,,0646c4f9470d
14927167,2026-10-06 13:14:50,actions-trading,Sim3,402340,skip,qty_zero,c24181df44f8
14927167,2026-10-06 13:14:50,actions-trading,Sim3,383800,skip,amount,8ae1e14cf5e9
14927167,2026-10-06 13:14:50,actions-trading,Sim3,462870,skip,amount,ea710e77035c
14927167,2026-10-06 13:14:50,actions-trading,Sim3,000660,skip,qty_zero,b3940e3abf6b
14927167,2026-10-06 13:14:50,actions-trading,Sim3,071970,skip,cooldown,6a86701e5969
14927167,2026-10-06 13:14:50,actions-trading,Sim3,042700,skip,not_cheap,de04edd42c90
14927167,2026-10-06 13:14:50,actions-trading,Sim3,326030,skip,cooldown,97ace1ed3858
14927167,2026-10-06 13:14:50,actions-trading,Sim3,207940,skip,not_cheap,86d90be16e51
14927167,2026-10-06 13:14:50,actions-trading,Sim3,033920,skip,amount,092e14b0f782
14927167,2026-10-06 13:14:50,actions-trading,Sim3,004770,skip,amount,810414a10efd
14927167,2026-10-06 13:14:50,actions-trading,Sim3,0126Z0,skip,not_cheap,a2383d349aa2
14927167,2026-10-06 13:14:50,actions-trading,Sim3,062040,skip,not_cheap,54dffb9bc529
14927167,2026-10-06 13:14:50,actions-trading,Sim3,317450,skip,amount,555715719eb4
14927167,2026-10-06 13:14:50,actions-trading,Sim3,026960,skip,amount,94f5f8e47307
14927167,2026-10-06 13:14:50,actions-trading,Sim3,021820,skip,amount,4eca82215890
14927167,2026-10-06 13:14:50,actions-trading,Sim3,192080,skip,amount,a3e7e21352ed
14927167,2026-10-06 13:14:50,actions-trading,Sim3,068270,skip,cooldown,588a5549e83d
14927167,2026-10-06 13:14:50,actions-trading,Sim3,123890,skip,amount,bc7770187ead
14927167,2026-10-06 13:14:50,actions-trading,Sim3,000240,skip,amount,9c24dcf6f6c5
14927167,2026-10-06 13:14:50,actions-trading,Sim3,002380,skip,amount,2ad76c1ed08a
14927167,2026-10-06 13:14:50,actions-trading,Sim3,009770,skip,amount,777ccc54b06d
14927167,2026-10-06 13:14:50,actions-trading,Sim3,259960,skip,cooldown,bbd3957a4d8d
14927167,2026-10-06 13:14:50,actions-trading,Sim3,035250,skip,amount,b6a48e4cc043
14927167,2026-10-06 13:14:50,actions-trading,Sim3,383220,skip,amount,bbf8aee4d046
14927167,2026-10-06 13:14:50,actions-trading,Sim3,226320,skip,amount,8de4432c7f99
14927167,2026-10-06 13:14:50,actions-trading,Sim3,439260,skip,amount,352a89481e09
14927167,2026-10-06 13:14:50,actions-trading,Sim3,025560,skip,cooldown,faad1b2ff48a
14927167,2026-10-06 13:14:50,actions-trading,Sim3,007700,skip,amount,f49d0c03000e
14927167,2026-10-06 13:14:50,actions-trading,Sim3,278470,skip,not_cheap,55e444764d0e
14927167,2026-10-06 13:14:50,actions-trading,Sim3,000990,skip,not_cheap,149e9e5b881a
14927167,2026-10-06 13:15:27,actions-trading,MFHS2,018880,skip,max_holdings,a857053f8a0f
14927167,2026-10-06 13:15:27,actions-trading,MFHS2,047040,seen,,42ea74f46636
14927167,2026-10-06 13:15:27,actions-trading,MFHS2,007660,seen,,47bc7649974b
14927167,2026-10-06 13:15:27,actions-trading,MFHS2,066570,seen,,046ce655de21
14927167,2026-10-06 13:15:27,actions-trading,MFHS2,009190,seen,,4289b4023f32
14927167,2026-10-06 13:15:27,actions-trading,MFHS2,002710,seen,,39fcb6225723
14927167,2026-10-06 13:15:27,actions-trading,MFHS2,005690,seen,,740a2c018f29
14927167,2026-10-06 13:15:27,actions-trading,MFHS2,025560,seen,,5dad35ee5c01
14927167,2026-10-06 13:15:27,actions-trading,MFHS2,005360,seen,,69f8fe113775
14927167,2026-10-06 13:15:27,actions-trading,MFHS2,009830,seen,,8bcb06176723
14927167,2026-10-06 13:15:27,actions-trading,MFHS2,006400,seen,,8b7ec7c11ab9
14927167,2026-10-06 13:15:27,actions-trading,MFHS2,002700,seen,,4da64ad748e2
14927167,2026-10-06 13:15:27,actions-trading,MFHS2,279570,seen,,35f2cf69b845
14927167,2026-10-06 13:15:27,actions-trading,MFHS2,138930,seen,,37432684eb38
14927167,2026-10-06 13:15:27,actions-trading,MFHS2,090460,seen,,16960ffdf7a0
14927167,2026-10-06 13:15:27,actions-trading,MFHS2,009150,seen,,4da6c93c976e
14927167,2026-10-06 13:15:27,actions-trading,MFHS2,317400,seen,,ba8804c35f1a
14927167,2026-10-06 13:15:27,actions-trading,MFHS2,460860,seen,,185607863578
14927167,2026-10-06 13:15:27,actions-trading,MFHS2,006800,seen,,08bec53e7225
14927167,2026-10-06 13:15:27,actions-trading,MFHS2,010120,seen,,bfd8ab11b974
14927167,2026-10-06 13:15:27,actions-trading,MFHS2,011070,seen,,933516697bf1
14927167,2026-10-06 13:15:27,actions-trading,MFHS2,022100,seen,,929779de09dd
14927167,2026-10-06 13:15:27,actions-trading,MFHS2,003620,seen,,08e3425f6a89
14927167,2026-10-06 13:15:27,actions-trading,MFHS2,015260,seen,,7e3fc2443353
14927167,2026-10-06 13:15:27,actions-trading,MFHS2,452260,seen,,774f62d30da4
14927167,2026-10-06 13:15:27,actions-trading,MFHS2,001230,seen,,d956d0429eee
14927167,2026-10-06 13:15:27,actions-trading,MFHS2,066970,seen,,c329bd5bc48d
14927167,2026-10-06 13:15:27,actions-trading,MFHS2,066575,seen,,0781b8a427ff
14927167,2026-10-06 13:15:27,actions-trading,MFHS2,004020,seen,,61101947a189
14927167,2026-10-06 13:15:27,actions-trading,MFHS2,002990,seen,,3b622b21d1cb
14927167,2026-10-06 13:15:28,actions-trading,상승모멘텀,480370,skip,adx_high,edd2077050d3
14927167,2026-10-06 13:15:28,actions-trading,상승모멘텀,000020,skip,adx_low,f73e58552b25
14927167,2026-10-06 13:15:28,actions-trading,상승모멘텀,003580,skip,adx_high,80a0af8214a4
14927167,2026-10-06 13:15:28,actions-trading,상승모멘텀,006110,skip,adx_high,cba6949899d3
14927167,2026-10-06 13:15:28,actions-trading,상승모멘텀,281820,skip,adx_high,d68f4681b34e
14927167,2026-10-06 13:15:28,actions-trading,상승모멘텀,066970,skip,adx_low,c329bd5bc48d
14927167,2026-10-06 13:15:28,actions-trading,상승모멘텀,002710,skip,tick,39fcb6225723
14927167,2026-10-06 13:15:28,actions-trading,상승모멘텀,011070,skip,adx_low,933516697bf1
14927167,2026-10-06 13:15:28,actions-trading,상승모멘텀,002820,skip,amount,5933a68bf84f
14927167,2026-10-06 13:15:28,actions-trading,상승모멘텀,000150,skip,adx_high,fa78c7afa6bc
14927167,2026-10-06 13:15:28,actions-trading,상승모멘텀,007660,skip,held_or_sold_today,47bc7649974b
14927167,2026-10-06 13:15:28,actions-trading,상승모멘텀,008970,skip,tick,0cfe5f0d7eb9
14927167,2026-10-06 13:15:28,actions-trading,상승모멘텀,336370,skip,adx_high,52a0512c805a
14927167,2026-10-06 13:15:28,actions-trading,상승모멘텀,006400,skip,adx_low,8b7ec7c11ab9
14927167,2026-10-06 13:15:28,actions-trading,상승모멘텀,005030,skip,amount,8cf8942b4e96
14927167,2026-10-06 13:15:28,actions-trading,상승모멘텀,066570,skip,adx_low,046ce655de21
14927167,2026-10-06 13:15:28,actions-trading,상승모멘텀,018670,skip,period,6788b45aeb48
14927167,2026-10-06 13:15:28,actions-trading,상승모멘텀,007810,skip,adx_high,20026173f058
14927167,2026-10-06 13:15:28,actions-trading,상승모멘텀,066575,skip,adx_high,0781b8a427ff
14927167,2026-10-06 13:15:28,actions-trading,상승모멘텀,298020,skip,adx_high,37a421fde722
14927167,2026-10-06 13:15:28,actions-trading,상승모멘텀,000157,skip,amount,86593386454f
14927167,2026-10-06 13:15:28,actions-trading,상승모멘텀,090460,skip,period,16960ffdf7a0
14927167,2026-10-06 13:15:28,actions-trading,상승모멘텀,020150,skip,held_or_sold_today,94d7d2dc8aa3
14927167,2026-10-06 13:15:28,actions-trading,상승모멘텀,000155,skip,adx_high,63de26817d4c
14927167,2026-10-06 13:15:28,actions-trading,상승모멘텀,005690,skip,period,740a2c018f29
14927167,2026-10-06 13:15:28,actions-trading,상승모멘텀,005320,skip,amount,31a0ff24d7b7
14927167,2026-10-06 13:15:28,actions-trading,상승모멘텀,063160,skip,amount,7dfe63151435
14927167,2026-10-06 13:15:28,actions-trading,상승모멘텀,353200,skip,adx_high,e133d6c44cbb
14927167,2026-10-06 13:15:28,actions-trading,상승모멘텀,226320,skip,amount,696b3f25c047
14927167,2026-10-06 13:15:28,actions-trading,상승모멘텀,006405,skip,amount,33b382d3c8db
14927167,2026-10-06 13:15:28,actions-trading,Sim6,_gate,skip,already_rebalanced,e3b0c44298fc
14927167,2026-10-06 13:15:28,actions-trading,Sim6,069500,seen,,26f72a072cb3
14927167,2026-10-06 13:15:28,actions-trading,Sim6,360750,seen,,969c06f1444f
14927167,2026-10-06 13:15:28,actions-trading,Sim6,148070,seen,,c18638d924fd
14927167,2026-10-06 13:15:28,actions-trading,Sim6,411060,seen,,725c7178bfd2
14927167,2026-10-06 13:15:28,actions-trading,Sim6,305080,seen,,ed92f38a31b5
14927167,2026-10-06 13:15:28,actions-trading,Sim6,357870,seen,,d5aae4fd6780
14927167,2026-10-06 13:15:29,actions-trading,Sim4-1,480370,skip,adx_high,edd2077050d3
14927167,2026-10-06 13:15:29,actions-trading,Sim4-1,000020,skip,adx_low,f73e58552b25
14927167,2026-10-06 13:15:29,actions-trading,Sim4-1,003580,skip,adx_high,80a0af8214a4
14927167,2026-10-06 13:15:29,actions-trading,Sim4-1,006110,skip,adx_high,cba6949899d3
14927167,2026-10-06 13:15:29,actions-trading,Sim4-1,281820,skip,adx_high,d68f4681b34e
14927167,2026-10-06 13:15:29,actions-trading,Sim4-1,066970,skip,adx_low,c329bd5bc48d
14927167,2026-10-06 13:15:29,actions-trading,Sim4-1,002710,skip,held_or_cooldown,39fcb6225723
14927167,2026-10-06 13:15:29,actions-trading,Sim4-1,011070,skip,adx_low,933516697bf1
14927167,2026-10-06 13:15:29,actions-trading,Sim4-1,002820,skip,amount,5933a68bf84f
14927167,2026-10-06 13:15:29,actions-trading,Sim4-1,000150,skip,adx_high,fa78c7afa6bc
14927167,2026-10-06 13:15:29,actions-trading,Sim4-1,007660,skip,held_or_cooldown,47bc7649974b
14927167,2026-10-06 13:15:29,actions-trading,Sim4-1,008970,skip,held_or_cooldown,0cfe5f0d7eb9
14927167,2026-10-06 13:15:29,actions-trading,Sim4-1,336370,skip,adx_high,52a0512c805a
14927167,2026-10-06 13:15:29,actions-trading,Sim4-1,006400,skip,adx_low,8b7ec7c11ab9
14927167,2026-10-06 13:15:29,actions-trading,Sim4-1,005030,skip,amount,8cf8942b4e96
14927167,2026-10-06 13:15:29,actions-trading,Sim4-1,066570,skip,adx_low,046ce655de21
14927167,2026-10-06 13:15:29,actions-trading,Sim4-1,018670,skip,period,6788b45aeb48
14927167,2026-10-06 13:15:29,actions-trading,Sim4-1,007810,skip,adx_high,20026173f058
14927167,2026-10-06 13:15:29,actions-trading,Sim4-1,066575,skip,adx_high,0781b8a427ff
14927167,2026-10-06 13:15:29,actions-trading,Sim4-1,298020,skip,adx_high,37a421fde722
14927167,2026-10-06 13:15:29,actions-trading,Sim4-1,000157,skip,amount,86593386454f
14927167,2026-10-06 13:15:29,actions-trading,Sim4-1,090460,skip,period,16960ffdf7a0
14927167,2026-10-06 13:15:29,actions-trading,Sim4-1,020150,skip,held_or_cooldown,94d7d2dc8aa3
14927167,2026-10-06 13:15:29,actions-trading,Sim4-1,000155,skip,adx_high,63de26817d4c
14927167,2026-10-06 13:15:29,actions-trading,Sim4-1,005690,skip,period,740a2c018f29
14927167,2026-10-06 13:15:29,actions-trading,Sim4-1,005320,skip,amount,31a0ff24d7b7
14927167,2026-10-06 13:15:29,actions-trading,Sim4-1,063160,skip,amount,7dfe63151435
14927167,2026-10-06 13:15:29,actions-trading,Sim4-1,353200,skip,adx_high,e133d6c44cbb
14927167,2026-10-06 13:15:29,actions-trading,Sim4-1,226320,skip,amount,696b3f25c047
14927167,2026-10-06 13:15:29,actions-trading,Sim4-1,006405,skip,amount,33b382d3c8db
14927167,2026-10-06 13:15:31,actions-trading,선행매집,018880,skip,below_anchor,a857053f8a0f
14927167,2026-10-06 13:15:31,actions-trading,선행매집,047040,skip,below_anchor,42ea74f46636
14927167,2026-10-06 13:15:31,actions-trading,선행매집,007660,skip,below_anchor,47bc7649974b
14927167,2026-10-06 13:15:31,actions-trading,선행매집,066570,skip,no_52w_anchor,046ce655de21
14927167,2026-10-06 13:15:31,actions-trading,선행매집,002710,skip,below_anchor,39fcb6225723
14927167,2026-10-06 13:15:31,actions-trading,선행매집,006800,skip,below_anchor,08bec53e7225
14927167,2026-10-06 13:15:31,actions-trading,선행매집,001250,skip,below_anchor,7cc4b05ad626
14927167,2026-10-06 13:15:31,actions-trading,선행매집,009190,skip,below_anchor,4289b4023f32
14927167,2026-10-06 13:15:31,actions-trading,선행매집,005320,skip,amount,31a0ff24d7b7
14927167,2026-10-06 13:15:31,actions-trading,선행매집,009830,skip,below_anchor,8bcb06176723
14927167,2026-10-06 13:15:31,actions-trading,선행매집,006400,skip,below_anchor,8b7ec7c11ab9
14927167,2026-10-06 13:15:31,actions-trading,선행매집,005690,skip,below_anchor,740a2c018f29
14927167,2026-10-06 13:15:31,actions-trading,선행매집,025560,skip,below_anchor,5dad35ee5c01
14927167,2026-10-06 13:15:31,actions-trading,선행매집,336370,skip,below_anchor,52a0512c805a
14927167,2026-10-06 13:15:31,actions-trading,선행매집,009150,skip,below_anchor,4da6c93c976e
14927167,2026-10-06 13:15:31,actions-trading,선행매집,005360,skip,amount,69f8fe113775
14927167,2026-10-06 13:15:31,actions-trading,선행매집,279570,skip,below_anchor,35f2cf69b845
14927167,2026-10-06 13:15:31,actions-trading,선행매집,002700,skip,amount,4da64ad748e2
14927167,2026-10-06 13:15:31,actions-trading,선행매집,090460,skip,below_anchor,16960ffdf7a0
14927167,2026-10-06 13:15:31,actions-trading,선행매집,011070,skip,below_anchor,933516697bf1
14927167,2026-10-06 13:15:31,actions-trading,선행매집,022100,skip,below_anchor,929779de09dd
14927167,2026-10-06 13:15:31,actions-trading,선행매집,010120,skip,below_anchor,bfd8ab11b974
14927167,2026-10-06 13:15:31,actions-trading,선행매집,192650,skip,sold_or_cooldown,4fe2175f9289
14927167,2026-10-06 13:15:31,actions-trading,선행매집,138930,skip,no_52w_anchor,37432684eb38
14927167,2026-10-06 13:15:31,actions-trading,선행매집,066970,skip,below_anchor,c329bd5bc48d
14927167,2026-10-06 13:15:31,actions-trading,선행매집,015760,skip,below_anchor,5d29976ecd97
14927167,2026-10-06 13:15:31,actions-trading,선행매집,003620,skip,below_anchor,08e3425f6a89
14927167,2026-10-06 13:15:31,actions-trading,선행매집,460860,skip,below_anchor,185607863578
14927167,2026-10-06 13:15:31,actions-trading,선행매집,015260,skip,amount,7e3fc2443353
14927167,2026-10-06 13:15:31,actions-trading,선행매집,452260,skip,below_anchor,774f62d30da4
14927167,2026-10-06 13:15:31,actions-trading,Sim9,_gate,skip,outside_entry_window,e3b0c44298fc
14927167,2026-10-06 13:15:31,actions-trading,Sim9,480370,seen,,edd2077050d3
14927167,2026-10-06 13:15:31,actions-trading,Sim9,000020,seen,,f73e58552b25
14927167,2026-10-06 13:15:31,actions-trading,Sim9,003580,seen,,80a0af8214a4
14927167,2026-10-06 13:15:31,actions-trading,Sim9,006110,seen,,cba6949899d3
14927167,2026-10-06 13:15:31,actions-trading,Sim9,281820,seen,,d68f4681b34e
14927167,2026-10-06 13:15:31,actions-trading,Sim9,066970,seen,,c329bd5bc48d
14927167,2026-10-06 13:15:31,actions-trading,Sim9,002710,seen,,39fcb6225723
14927167,2026-10-06 13:15:31,actions-trading,Sim9,011070,seen,,933516697bf1
14927167,2026-10-06 13:15:31,actions-trading,Sim9,002820,seen,,5933a68bf84f
14927167,2026-10-06 13:15:31,actions-trading,Sim9,000150,seen,,fa78c7afa6bc
14927167,2026-10-06 13:15:31,actions-trading,Sim9,007660,seen,,47bc7649974b
14927167,2026-10-06 13:15:31,actions-trading,Sim9,008970,seen,,0cfe5f0d7eb9
14927167,2026-10-06 13:15:31,actions-trading,Sim9,336370,seen,,52a0512c805a
14927167,2026-10-06 13:15:31,actions-trading,Sim9,006400,seen,,8b7ec7c11ab9
14927167,2026-10-06 13:15:31,actions-trading,Sim9,005030,seen,,8cf8942b4e96
14927167,2026-10-06 13:15:31,actions-trading,Sim9,066570,seen,,046ce655de21
14927167,2026-10-06 13:15:31,actions-trading,Sim9,018670,seen,,6788b45aeb48
14927167,2026-10-06 13:15:31,actions-trading,Sim9,007810,seen,,20026173f058
14927167,2026-10-06 13:15:31,actions-trading,Sim9,066575,seen,,0781b8a427ff
14927167,2026-10-06 13:15:31,actions-trading,Sim9,298020,seen,,37a421fde722
14927167,2026-10-06 13:15:31,actions-trading,Sim9,000157,seen,,86593386454f
14927167,2026-10-06 13:15:31,actions-trading,Sim9,090460,seen,,16960ffdf7a0
14927167,2026-10-06 13:15:31,actions-trading,Sim9,020150,seen,,94d7d2dc8aa3
14927167,2026-10-06 13:15:31,actions-trading,Sim9,000155,seen,,63de26817d4c
14927167,2026-10-06 13:15:31,actions-trading,Sim9,005690,seen,,740a2c018f29
14927167,2026-10-06 13:15:31,actions-trading,Sim9,005320,seen,,31a0ff24d7b7
14927167,2026-10-06 13:15:31,actions-trading,Sim9,063160,seen,,7dfe63151435
14927167,2026-10-06 13:15:31,actions-trading,Sim9,353200,seen,,e133d6c44cbb
14927167,2026-10-06 13:15:31,actions-trading,Sim9,226320,seen,,696b3f25c047
14927167,2026-10-06 13:15:31,actions-trading,Sim9,006405,seen,,33b382d3c8db
14927167,2026-10-06 13:15:31,actions-trading,미너비니,192820,skip,below_pivot,87cb3994415a
14927167,2026-10-06 13:15:31,actions-trading,미너비니,443060,skip,below_pivot,533362180377
14927167,2026-10-06 13:15:31,actions-trading,Sim12,480370,skip,pb2_not_crashed,edd2077050d3
14927167,2026-10-06 13:15:31,actions-trading,Sim12,000020,skip,pb2_not_crashed,f73e58552b25
14927167,2026-10-06 13:15:31,actions-trading,Sim12,003580,skip,pb2_not_crashed,80a0af8214a4
14927167,2026-10-06 13:15:31,actions-trading,Sim12,006110,skip,pb2_not_crashed,cba6949899d3
14927167,2026-10-06 13:15:31,actions-trading,Sim12,281820,skip,pb2_not_crashed,d68f4681b34e
14927167,2026-10-06 13:15:31,actions-trading,Sim12,066970,skip,pb2_not_crashed,c329bd5bc48d
14927167,2026-10-06 13:15:31,actions-trading,Sim12,002710,skip,avoid_frgn_sell_20d,39fcb6225723
14927167,2026-10-06 13:15:31,actions-trading,Sim12,011070,skip,avoid_orgn_sell_high_per,933516697bf1
14927167,2026-10-06 13:15:31,actions-trading,Sim12,002820,skip,avoid_deadcat,5933a68bf84f
14927167,2026-10-06 13:15:31,actions-trading,Sim12,000150,skip,avoid_frgn_sell_20d,fa78c7afa6bc
14927167,2026-10-06 13:15:31,actions-trading,Sim12,007660,skip,pb2_not_crashed,47bc7649974b
14927167,2026-10-06 13:15:31,actions-trading,Sim12,008970,skip,pb2_not_crashed,0cfe5f0d7eb9
14927167,2026-10-06 13:15:31,actions-trading,Sim12,336370,skip,avoid_frgn_sell_20d,52a0512c805a
14927167,2026-10-06 13:15:31,actions-trading,Sim12,006400,skip,pb2_not_crashed,8b7ec7c11ab9
14927167,2026-10-06 13:15:31,actions-trading,Sim12,005030,skip,avoid_amount_dry,8cf8942b4e96
14927167,2026-10-06 13:15:31,actions-trading,Sim12,066570,skip,pb2_not_crashed,046ce655de21
14927167,2026-10-06 13:15:31,actions-trading,Sim12,018670,skip,avoid_frgn_sell_20d,6788b45aeb48
14927167,2026-10-06 13:15:31,actions-trading,Sim12,007810,skip,pb2_not_crashed,20026173f058
14927167,2026-10-06 13:15:31,actions-trading,Sim12,066575,skip,pb2_not_crashed,0781b8a427ff
14927167,2026-10-06 13:15:31,actions-trading,Sim12,298020,skip,avoid_orgn_sell_high_per,37a421fde722
14927167,2026-10-06 13:15:31,actions-trading,Sim12,000157,skip,pb2_thin_liquidity,86593386454f
14927167,2026-10-06 13:15:31,actions-trading,Sim12,090460,skip,pb2_not_crashed,16960ffdf7a0
14927167,2026-10-06 13:15:31,actions-trading,Sim12,020150,skip,avoid_frgn_sell_20d,94d7d2dc8aa3
14927167,2026-10-06 13:15:31,actions-trading,Sim12,000155,skip,pb2_thin_liquidity,63de26817d4c
14927167,2026-10-06 13:15:31,actions-trading,Sim12,005690,skip,pb2_not_crashed,740a2c018f29
14927167,2026-10-06 13:15:31,actions-trading,Sim12,005320,skip,pb2_not_crashed,31a0ff24d7b7
14927167,2026-10-06 13:15:31,actions-trading,Sim12,063160,skip,avoid_frgn_sell_20d,7dfe63151435
14927167,2026-10-06 13:15:31,actions-trading,Sim12,353200,skip,avoid_orgn_sell_high_per,e133d6c44cbb
14927167,2026-10-06 13:15:31,actions-trading,Sim12,226320,skip,pb2_not_crashed,696b3f25c047
14927167,2026-10-06 13:15:31,actions-trading,Sim12,006405,skip,pb2_not_crashed,33b382d3c8db
14927167,2026-10-06 13:15:31,actions-trading,Sim12,005110,skip,avoid_amount_dry,914b6555b8ba
14927167,2026-10-06 13:15:31,actions-trading,Sim12,015260,skip,pb2_no_inst_buying,7e3fc2443353
14927167,2026-10-06 13:15:31,actions-trading,Sim12,020120,skip,pb2_not_crashed,a9893f609850
14927167,2026-10-06 13:15:31,actions-trading,Sim12,004920,skip,pb2_not_crashed,9c355302cbd5
14927167,2026-10-06 13:15:31,actions-trading,Sim12,001525,skip,avoid_amount_dry,65967eaa8037
14927167,2026-10-06 13:15:31,actions-trading,Sim12,003010,skip,pb2_not_crashed,693bfe13721d
14927167,2026-10-06 13:15:31,actions-trading,Sim12,003350,skip,avoid_amount_dry,266158c4d235
14927167,2026-10-06 13:15:31,actions-trading,Sim12,014915,skip,pb2_not_crashed,349afb6fc194
14927167,2026-10-06 13:15:31,actions-trading,Sim12,079550,skip,pb2_not_crashed,74d01e6bf848
14927167,2026-10-06 13:15:31,actions-trading,Sim12,002870,skip,avoid_frgn_sell_20d,afe1ae727938
14927167,2026-10-06 13:15:31,actions-trading,Sim12,001380,skip,avoid_frgn_sell_20d,d369f306534c
14927167,2026-10-06 13:15:31,actions-trading,Sim12,044820,skip,avoid_frgn_sell_20d,710e0b9f7700
14927167,2026-10-06 13:15:31,actions-trading,Sim12,084680,skip,avoid_frgn_sell_20d,ba2fdf1216af
14927167,2026-10-06 13:15:31,actions-trading,Sim12,002787,skip,avoid_amount_dry,edd7a384e62b
14927167,2026-10-06 13:15:31,actions-trading,Sim12,002785,skip,pb2_no_inst_buying,e4fdd2ca22c5
14927167,2026-10-06 13:15:31,actions-trading,Sim12,051630,skip,avoid_amount_dry,b48684d56859
14927167,2026-10-06 13:15:31,actions-trading,Sim12,036570,skip,pb2_not_crashed,87514475fa2a
14927167,2026-10-06 13:15:31,actions-trading,Sim12,465770,skip,avoid_amount_dry,87126f2ba9fa
14927167,2026-10-06 13:15:31,actions-trading,Sim12,003570,skip,avoid_frgn_sell_20d,8c229179926c
14927167,2026-10-06 13:15:31,actions-trading,Sim12,443060,skip,avoid_amount_dry,533362180377
14927167,2026-10-06 13:15:31,actions-trading,Sim12,071950,skip,pb2_no_inst_buying,1dc71821a1d1
14927167,2026-10-06 13:15:31,actions-trading,Sim12,109070,skip,pb2_not_crashed,68824a185d8d
14927167,2026-10-06 13:15:31,actions-trading,Sim12,005880,skip,pb2_not_crashed,5afa816b66e3
14927167,2026-10-06 13:15:31,actions-trading,Sim12,100840,skip,avoid_amount_dry,3b23499819e7
14927167,2026-10-06 13:15:31,actions-trading,Sim12,027740,skip,avoid_frgn_sell_20d,34ab1335af40
14927167,2026-10-06 13:15:31,actions-trading,Sim12,088790,skip,avoid_amount_dry,ed700a78e58b
14927167,2026-10-06 13:15:31,actions-trading,Sim12,011300,skip,avoid_amount_dry,3c7603c68a00
14927167,2026-10-06 13:15:31,actions-trading,Sim12,010640,skip,avoid_amount_dry,71e03ff3377d
14927167,2026-10-06 13:15:31,actions-trading,Sim12,064350,skip,avoid_frgn_sell_20d,95d879222629
14927167,2026-10-06 13:15:31,actions-trading,Sim12,207940,skip,avoid_orgn_sell_high_per,ecf734d66fff
14927167,2026-10-06 13:15:31,actions-trading,Sim13,480370,skip,no_frgn_support,edd2077050d3
14927167,2026-10-06 13:15:31,actions-trading,Sim13,000020,skip,theme_momentum_weak,f73e58552b25
14927167,2026-10-06 13:15:31,actions-trading,Sim13,003580,skip,theme_momentum_weak,80a0af8214a4
14927167,2026-10-06 13:15:31,actions-trading,Sim13,006110,skip,theme_momentum_weak,cba6949899d3
14927167,2026-10-06 13:15:31,actions-trading,Sim13,281820,skip,no_frgn_support,d68f4681b34e
14927167,2026-10-06 13:15:31,actions-trading,Sim13,066970,skip,theme_momentum_weak,c329bd5bc48d
14927167,2026-10-06 13:15:31,actions-trading,Sim13,002710,skip,adx_weak,39fcb6225723
14927167,2026-10-06 13:15:31,actions-trading,Sim13,011070,skip,theme_momentum_weak,933516697bf1
14927167,2026-10-06 13:15:31,actions-trading,Sim13,002820,skip,theme_momentum_weak,5933a68bf84f
14927167,2026-10-06 13:15:31,actions-trading,Sim13,000150,skip,adx_weak,fa78c7afa6bc
14927167,2026-10-06 13:15:31,actions-trading,Sim13,007660,skip,adx_weak,47bc7649974b
14927167,2026-10-06 13:15:31,actions-trading,Sim13,008970,skip,adx_weak,0cfe5f0d7eb9
14927167,2026-10-06 13:15:31,actions-trading,Sim13,336370,skip,adx_weak,52a0512c805a
14927167,2026-10-06 13:15:31,actions-trading,Sim13,006400,skip,theme_momentum_weak,8b7ec7c11ab9
14927167,2026-10-06 13:15:31,actions-trading,Sim13,005030,skip,theme_momentum_weak,8cf8942b4e96
14927167,2026-10-06 13:15:31,actions-trading,Sim13,066570,skip,theme_momentum_weak,046ce655de21
14927167,2026-10-06 13:15:31,actions-trading,Sim13,018670,skip,theme_momentum_weak,6788b45aeb48
14927167,2026-10-06 13:15:31,actions-trading,Sim13,007810,skip,amount_not_surprised,20026173f058
14927167,2026-10-06 13:15:31,actions-trading,Sim13,066575,skip,theme_momentum_weak,0781b8a427ff
14927167,2026-10-06 13:15:31,actions-trading,Sim13,298020,skip,theme_momentum_weak,37a421fde722
14927167,2026-10-06 13:15:31,actions-trading,Sim13,000157,skip,theme_momentum_weak,86593386454f
14927167,2026-10-06 13:15:31,actions-trading,Sim13,090460,skip,theme_momentum_weak,16960ffdf7a0
14927167,2026-10-06 13:15:31,actions-trading,Sim13,020150,skip,no_frgn_support,94d7d2dc8aa3
14927167,2026-10-06 13:15:31,actions-trading,Sim13,000155,skip,theme_momentum_weak,63de26817d4c
14927167,2026-10-06 13:15:31,actions-trading,Sim13,005690,skip,adx_weak,740a2c018f29
14927167,2026-10-06 13:15:31,actions-trading,Sim13,005320,skip,adx_weak,31a0ff24d7b7
14927167,2026-10-06 13:15:31,actions-trading,Sim13,063160,skip,theme_momentum_weak,7dfe63151435
14927167,2026-10-06 13:15:31,actions-trading,Sim13,353200,skip,amount_not_surprised,e133d6c44cbb
14927167,2026-10-06 13:15:31,actions-trading,Sim13,226320,skip,theme_momentum_weak,696b3f25c047
14927167,2026-10-06 13:15:31,actions-trading,Sim13,006405,skip,theme_momentum_weak,33b382d3c8db
14927167,2026-10-06 13:15:31,actions-trading,Sim14,_gate,skip,regime_blocked,e3b0c44298fc
14927167,2026-10-06 13:15:31,actions-trading,Sim15,_gate,skip,already_rebalanced,e3b0c44298fc
14927167,2026-10-06 13:15:31,actions-trading,Sim15,069500,seen,,26f72a072cb3
14927167,2026-10-06 13:15:31,actions-trading,Sim15,133690,seen,,e87f4fa02950
14927167,2026-10-06 13:15:31,actions-trading,Sim15,148070,seen,,c18638d924fd
14927167,2026-10-06 13:15:31,actions-trading,Sim16,_gate,skip,already_rebalanced,e3b0c44298fc
14927167,2026-10-06 13:15:31,actions-trading,Sim16,122630,seen,,d00359e0d5fc
14927167,2026-10-06 13:15:31,actions-trading,Sim16,418660,seen,,71270cdd979f
14927167,2026-10-06 13:15:31,actions-trading,Sim16,148070,seen,,c18638d924fd
14927168,2026-10-06 13:16:50,actions-trading,Sim3,402340,skip,qty_zero,9ff5956f532d
14927168,2026-10-06 13:16:50,actions-trading,Sim3,383800,skip,amount,a4c849286923
14927168,2026-10-06 13:16:50,actions-trading,Sim3,462870,skip,amount,3ead496f2bc5
14927168,2026-10-06 13:16:50,actions-trading,Sim3,000660,skip,qty_zero,8f0c805f0a9b
14927168,2026-10-06 13:16:50,actions-trading,Sim3,071970,skip,cooldown,09bfde6b0c2e
14927168,2026-10-06 13:16:50,actions-trading,Sim3,042700,skip,not_cheap,c1f0b8c8884d
14927168,2026-10-06 13:16:50,actions-trading,Sim3,326030,skip,cooldown,465d3d38fd7a
14927168,2026-10-06 13:16:50,actions-trading,Sim3,207940,skip,not_cheap,6d67ae11cec2
14927168,2026-10-06 13:16:50,actions-trading,Sim3,033920,skip,amount,7e276c64e1b0
14927168,2026-10-06 13:16:50,actions-trading,Sim3,004770,skip,amount,b0c8a75e342a
14927168,2026-10-06 13:16:50,actions-trading,Sim3,0126Z0,skip,not_cheap,1d3c52538413
14927168,2026-10-06 13:16:50,actions-trading,Sim3,062040,skip,not_cheap,4f0c5b98db5e
14927168,2026-10-06 13:16:50,actions-trading,Sim3,317450,skip,amount,f94973fe9b94
14927168,2026-10-06 13:16:50,actions-trading,Sim3,026960,skip,amount,16ef5d87f96d
14927168,2026-10-06 13:16:50,actions-trading,Sim3,021820,skip,amount,4eca82215890
14927168,2026-10-06 13:16:50,actions-trading,Sim3,192080,skip,amount,479f9882ba63
14927168,2026-10-06 13:16:50,actions-trading,Sim3,068270,skip,cooldown,1cb5e05e62ef
14927168,2026-10-06 13:16:50,actions-trading,Sim3,123890,skip,amount,e34669463d10
14927168,2026-10-06 13:16:50,actions-trading,Sim3,000240,skip,amount,9aaae5f1e514
14927168,2026-10-06 13:16:50,actions-trading,Sim3,002380,skip,amount,26b871cd658e
14927168,2026-10-06 13:16:50,actions-trading,Sim3,009770,skip,amount,777ccc54b06d
14927168,2026-10-06 13:16:50,actions-trading,Sim3,259960,skip,cooldown,203f615176f0
14927168,2026-10-06 13:16:50,actions-trading,Sim3,035250,skip,amount,62027de2ccc2
14927168,2026-10-06 13:16:50,actions-trading,Sim3,383220,skip,amount,b617f56a3b45
14927168,2026-10-06 13:16:50,actions-trading,Sim3,226320,skip,amount,696b3f25c047
14927168,2026-10-06 13:16:50,actions-trading,Sim3,439260,skip,amount,5e46b46380aa
14927168,2026-10-06 13:16:50,actions-trading,Sim3,025560,skip,cooldown,9a6b515ab74b
14927168,2026-10-06 13:16:50,actions-trading,Sim3,007700,skip,amount,f49d0c03000e
14927168,2026-10-06 13:16:50,actions-trading,Sim3,278470,skip,not_cheap,fde6459008d6
14927168,2026-10-06 13:16:50,actions-trading,Sim3,000990,skip,not_cheap,0ea3967559a2
14927168,2026-10-06 13:17:29,actions-trading,MFHS2,018880,skip,max_holdings,b1f415f5c358
14927168,2026-10-06 13:17:29,actions-trading,MFHS2,047040,seen,,14675922ba5e
14927168,2026-10-06 13:17:29,actions-trading,MFHS2,007660,seen,,14bff3751dbe
14927168,2026-10-06 13:17:29,actions-trading,MFHS2,066570,seen,,c6f3a701d955
14927168,2026-10-06 13:17:29,actions-trading,MFHS2,009190,seen,,344390f50722
14927168,2026-10-06 13:17:29,actions-trading,MFHS2,002710,seen,,7fd5ce98ed3e
14927168,2026-10-06 13:17:29,actions-trading,MFHS2,005690,seen,,0b0ad99eccf6
14927168,2026-10-06 13:17:29,actions-trading,MFHS2,025560,seen,,99ae7bbfffff
14927168,2026-10-06 13:17:29,actions-trading,MFHS2,005360,seen,,ead778c7d95f
14927168,2026-10-06 13:17:29,actions-trading,MFHS2,009830,seen,,99f4b883048c
14927168,2026-10-06 13:17:29,actions-trading,MFHS2,006400,seen,,1c16ea25b4b3
14927168,2026-10-06 13:17:29,actions-trading,MFHS2,002700,seen,,bfd3bb8f8ee5
14927168,2026-10-06 13:17:29,actions-trading,MFHS2,279570,seen,,707c78e3c2a1
14927168,2026-10-06 13:17:29,actions-trading,MFHS2,138930,seen,,3bbde3b7cf1d
14927168,2026-10-06 13:17:29,actions-trading,MFHS2,090460,seen,,7355ee173987
14927168,2026-10-06 13:17:29,actions-trading,MFHS2,009150,seen,,a08555948a39
14927168,2026-10-06 13:17:29,actions-trading,MFHS2,317400,seen,,4eaef68ea5a4
14927168,2026-10-06 13:17:29,actions-trading,MFHS2,460860,seen,,32548a12e371
14927168,2026-10-06 13:17:29,actions-trading,MFHS2,006800,seen,,8c7ac2349759
14927168,2026-10-06 13:17:29,actions-trading,MFHS2,010120,seen,,628dd3ef9548
14927168,2026-10-06 13:17:29,actions-trading,MFHS2,011070,seen,,a487c39493b8
14927168,2026-10-06 13:17:29,actions-trading,MFHS2,022100,seen,,726f5618b0a7
14927168,2026-10-06 13:17:29,actions-trading,MFHS2,003620,seen,,afb5909b1860
14927168,2026-10-06 13:17:29,actions-trading,MFHS2,015260,seen,,d537bdc44500
14927168,2026-10-06 13:17:29,actions-trading,MFHS2,452260,seen,,3e52e328f71e
14927168,2026-10-06 13:17:29,actions-trading,MFHS2,001230,seen,,ebbacc2f2c36
14927168,2026-10-06 13:17:29,actions-trading,MFHS2,066970,seen,,d76fe0bb6819
14927168,2026-10-06 13:17:29,actions-trading,MFHS2,066575,seen,,2f64a00d1903
14927168,2026-10-06 13:17:29,actions-trading,MFHS2,004020,seen,,e34b9f8c95f9
14927168,2026-10-06 13:17:29,actions-trading,MFHS2,002990,seen,,ad4036bcffeb
14927168,2026-10-06 13:17:30,actions-trading,상승모멘텀,480370,skip,adx_high,935ff0bd3615
14927168,2026-10-06 13:17:30,actions-trading,상승모멘텀,003580,skip,adx_high,198002ab7472
14927168,2026-10-06 13:17:30,actions-trading,상승모멘텀,000020,skip,adx_low,0a9221ff595c
14927168,2026-10-06 13:17:30,actions-trading,상승모멘텀,006110,skip,adx_high,dc2a173e2fe9
14927168,2026-10-06 13:17:30,actions-trading,상승모멘텀,281820,skip,adx_high,bd3f7e6289ca
14927168,2026-10-06 13:17:30,actions-trading,상승모멘텀,002710,skip,tick,7fd5ce98ed3e
14927168,2026-10-06 13:17:30,actions-trading,상승모멘텀,066970,skip,adx_low,d76fe0bb6819
14927168,2026-10-06 13:17:30,actions-trading,상승모멘텀,011070,skip,adx_low,a487c39493b8
14927168,2026-10-06 13:17:30,actions-trading,상승모멘텀,008970,skip,tick,74bcea60edf6
14927168,2026-10-06 13:17:30,actions-trading,상승모멘텀,007660,skip,held_or_sold_today,14bff3751dbe
14927168,2026-10-06 13:17:30,actions-trading,상승모멘텀,002820,skip,amount,1882d10c5f96
14927168,2026-10-06 13:17:30,actions-trading,상승모멘텀,000150,skip,adx_high,a7669bf0ffbe
14927168,2026-10-06 13:17:30,actions-trading,상승모멘텀,006400,skip,adx_low,1c16ea25b4b3
14927168,2026-10-06 13:17:30,actions-trading,상승모멘텀,336370,skip,adx_high,6074e3364c56
14927168,2026-10-06 13:17:30,actions-trading,상승모멘텀,018670,skip,period,672745468fab
14927168,2026-10-06 13:17:30,actions-trading,상승모멘텀,005030,skip,amount,8cf8942b4e96
14927168,2026-10-06 13:17:30,actions-trading,상승모멘텀,066570,skip,adx_low,c6f3a701d955
14927168,2026-10-06 13:17:30,actions-trading,상승모멘텀,066575,skip,adx_high,2f64a00d1903
14927168,2026-10-06 13:17:30,actions-trading,상승모멘텀,007810,skip,adx_high,467e13d8166c
14927168,2026-10-06 13:17:30,actions-trading,상승모멘텀,000157,skip,amount,86593386454f
14927168,2026-10-06 13:17:30,actions-trading,상승모멘텀,298020,skip,adx_high,0c6b55f38e7c
14927168,2026-10-06 13:17:30,actions-trading,상승모멘텀,020150,skip,held_or_sold_today,8f7380e14e7c
14927168,2026-10-06 13:17:30,actions-trading,상승모멘텀,090460,skip,period,7355ee173987
14927168,2026-10-06 13:17:30,actions-trading,상승모멘텀,005690,skip,period,0b0ad99eccf6
14927168,2026-10-06 13:17:30,actions-trading,상승모멘텀,000155,skip,adx_high,054a0509b085
14927168,2026-10-06 13:17:30,actions-trading,상승모멘텀,063160,skip,amount,4e322723c355
14927168,2026-10-06 13:17:30,actions-trading,상승모멘텀,226320,skip,amount,696b3f25c047
14927168,2026-10-06 13:17:30,actions-trading,상승모멘텀,006405,skip,amount,6ba4cb9164ed
14927168,2026-10-06 13:17:30,actions-trading,상승모멘텀,353200,skip,adx_high,e2fccd93cb6f
14927168,2026-10-06 13:17:30,actions-trading,상승모멘텀,001250,skip,adx_high,41d6c9978f5e
14927168,2026-10-06 13:17:30,actions-trading,Sim6,_gate,skip,already_rebalanced,e3b0c44298fc
14927168,2026-10-06 13:17:30,actions-trading,Sim6,069500,seen,,94523b6fa0ad
14927168,2026-10-06 13:17:30,actions-trading,Sim6,360750,seen,,582200813393
14927168,2026-10-06 13:17:30,actions-trading,Sim6,148070,seen,,c91c552afc03
14927168,2026-10-06 13:17:30,actions-trading,Sim6,411060,seen,,e67324456b17
14927168,2026-10-06 13:17:30,actions-trading,Sim6,305080,seen,,3bcd17bef9bf
14927168,2026-10-06 13:17:30,actions-trading,Sim6,357870,seen,,257531bd653e
14927168,2026-10-06 13:17:31,actions-trading,Sim4-1,480370,skip,adx_high,935ff0bd3615
14927168,2026-10-06 13:17:31,actions-trading,Sim4-1,003580,skip,adx_high,198002ab7472
14927168,2026-10-06 13:17:31,actions-trading,Sim4-1,000020,skip,adx_low,0a9221ff595c
14927168,2026-10-06 13:17:31,actions-trading,Sim4-1,006110,skip,adx_high,dc2a173e2fe9
14927168,2026-10-06 13:17:31,actions-trading,Sim4-1,281820,skip,adx_high,bd3f7e6289ca
14927168,2026-10-06 13:17:31,actions-trading,Sim4-1,002710,skip,held_or_cooldown,7fd5ce98ed3e
14927168,2026-10-06 13:17:31,actions-trading,Sim4-1,066970,skip,adx_low,d76fe0bb6819
14927168,2026-10-06 13:17:31,actions-trading,Sim4-1,011070,skip,adx_low,a487c39493b8
14927168,2026-10-06 13:17:31,actions-trading,Sim4-1,008970,skip,held_or_cooldown,74bcea60edf6
14927168,2026-10-06 13:17:31,actions-trading,Sim4-1,007660,skip,held_or_cooldown,14bff3751dbe
14927168,2026-10-06 13:17:31,actions-trading,Sim4-1,002820,skip,amount,1882d10c5f96
14927168,2026-10-06 13:17:31,actions-trading,Sim4-1,000150,skip,adx_high,a7669bf0ffbe
14927168,2026-10-06 13:17:31,actions-trading,Sim4-1,006400,skip,adx_low,1c16ea25b4b3
14927168,2026-10-06 13:17:31,actions-trading,Sim4-1,336370,skip,adx_high,6074e3364c56
14927168,2026-10-06 13:17:31,actions-trading,Sim4-1,018670,skip,period,672745468fab
14927168,2026-10-06 13:17:31,actions-trading,Sim4-1,005030,skip,amount,8cf8942b4e96
14927168,2026-10-06 13:17:31,actions-trading,Sim4-1,066570,skip,adx_low,c6f3a701d955
14927168,2026-10-06 13:17:31,actions-trading,Sim4-1,066575,skip,adx_high,2f64a00d1903
14927168,2026-10-06 13:17:31,actions-trading,Sim4-1,007810,skip,adx_high,467e13d8166c
14927168,2026-10-06 13:17:31,actions-trading,Sim4-1,000157,skip,amount,86593386454f
14927168,2026-10-06 13:17:31,actions-trading,Sim4-1,298020,skip,adx_high,0c6b55f38e7c
14927168,2026-10-06 13:17:31,actions-trading,Sim4-1,020150,skip,held_or_cooldown,8f7380e14e7c
14927168,2026-10-06 13:17:31,actions-trading,Sim4-1,090460,skip,period,7355ee173987
14927168,2026-10-06 13:17:31,actions-trading,Sim4-1,005690,skip,period,0b0ad99eccf6
14927168,2026-10-06 13:17:31,actions-trading,Sim4-1,000155,skip,adx_high,054a0509b085
14927168,2026-10-06 13:17:31,actions-trading,Sim4-1,063160,skip,amount,4e322723c355
14927168,2026-10-06 13:17:31,actions-trading,Sim4-1,226320,skip,amount,696b3f25c047
14927168,2026-10-06 13:17:31,actions-trading,Sim4-1,006405,skip,amount,6ba4cb9164ed
14927168,2026-10-06 13:17:31,actions-trading,Sim4-1,353200,skip,adx_high,e2fccd93cb6f
14927168,2026-10-06 13:17:31,actions-trading,Sim4-1,001250,skip,adx_high,41d6c9978f5e
14927168,2026-10-06 13:17:33,actions-trading,선행매집,018880,skip,below_anchor,b1f415f5c358
14927168,2026-10-06 13:17:33,actions-trading,선행매집,047040,skip,below_anchor,14675922ba5e
14927168,2026-10-06 13:17:33,actions-trading,선행매집,007660,skip,below_anchor,14bff3751dbe
14927168,2026-10-06 13:17:33,actions-trading,선행매집,066570,skip,below_anchor,c6f3a701d955
14927168,2026-10-06 13:17:33,actions-trading,선행매집,002710,skip,below_anchor,7fd5ce98ed3e
14927168,2026-10-06 13:17:33,actions-trading,선행매집,006800,skip,below_anchor,8c7ac2349759
14927168,2026-10-06 13:17:33,actions-trading,선행매집,001250,skip,below_anchor,41d6c9978f5e
14927168,2026-10-06 13:17:33,actions-trading,선행매집,009190,skip,below_anchor,344390f50722
14927168,2026-10-06 13:17:33,actions-trading,선행매집,005320,skip,amount,755d2dd83430
14927168,2026-10-06 13:17:33,actions-trading,선행매집,009830,skip,below_anchor,99f4b883048c
14927168,2026-10-06 13:17:33,actions-trading,선행매집,006400,skip,below_anchor,1c16ea25b4b3
14927168,2026-10-06 13:17:33,actions-trading,선행매집,005690,skip,below_anchor,0b0ad99eccf6
14927168,2026-10-06 13:17:33,actions-trading,선행매집,025560,skip,below_anchor,99ae7bbfffff
14927168,2026-10-06 13:17:33,actions-trading,선행매집,336370,skip,below_anchor,6074e3364c56
14927168,2026-10-06 13:17:33,actions-trading,선행매집,009150,skip,below_anchor,a08555948a39
14927168,2026-10-06 13:17:33,actions-trading,선행매집,005360,skip,amount,ead778c7d95f
14927168,2026-10-06 13:17:33,actions-trading,선행매집,279570,skip,below_anchor,707c78e3c2a1
14927168,2026-10-06 13:17:33,actions-trading,선행매집,002700,skip,amount,bfd3bb8f8ee5
14927168,2026-10-06 13:17:33,actions-trading,선행매집,090460,skip,below_anchor,7355ee173987
14927168,2026-10-06 13:17:33,actions-trading,선행매집,011070,skip,below_anchor,a487c39493b8
14927168,2026-10-06 13:17:33,actions-trading,선행매집,022100,skip,below_anchor,726f5618b0a7
14927168,2026-10-06 13:17:33,actions-trading,선행매집,010120,skip,below_anchor,628dd3ef9548
14927168,2026-10-06 13:17:33,actions-trading,선행매집,192650,skip,sold_or_cooldown,b5e4da6de9ce
14927168,2026-10-06 13:17:33,actions-trading,선행매집,138930,skip,below_anchor,3bbde3b7cf1d
14927168,2026-10-06 13:17:33,actions-trading,선행매집,066970,skip,below_anchor,d76fe0bb6819
14927168,2026-10-06 13:17:33,actions-trading,선행매집,015760,skip,below_anchor,30b27edfafd4
14927168,2026-10-06 13:17:33,actions-trading,선행매집,003620,skip,below_anchor,afb5909b1860
14927168,2026-10-06 13:17:33,actions-trading,선행매집,460860,skip,below_anchor,32548a12e371
14927168,2026-10-06 13:17:33,actions-trading,선행매집,015260,skip,amount,d537bdc44500
14927168,2026-10-06 13:17:33,actions-trading,선행매집,452260,skip,below_anchor,3e52e328f71e
14927168,2026-10-06 13:17:33,actions-trading,Sim9,_gate,skip,outside_entry_window,e3b0c44298fc
14927168,2026-10-06 13:17:33,actions-trading,Sim9,480370,seen,,935ff0bd3615
14927168,2026-10-06 13:17:33,actions-trading,Sim9,003580,seen,,198002ab7472
14927168,2026-10-06 13:17:33,actions-trading,Sim9,000020,seen,,0a9221ff595c
14927168,2026-10-06 13:17:33,actions-trading,Sim9,006110,seen,,dc2a173e2fe9
14927168,2026-10-06 13:17:33,actions-trading,Sim9,281820,seen,,bd3f7e6289ca
14927168,2026-10-06 13:17:33,actions-trading,Sim9,002710,seen,,7fd5ce98ed3e
14927168,2026-10-06 13:17:33,actions-trading,Sim9,066970,seen,,d76fe0bb6819
14927168,2026-10-06 13:17:33,actions-trading,Sim9,011070,seen,,a487c39493b8
14927168,2026-10-06 13:17:33,actions-trading,Sim9,008970,seen,,74bcea60edf6
14927168,2026-10-06 13:17:33,actions-trading,Sim9,007660,seen,,14bff3751dbe
14927168,2026-10-06 13:17:33,actions-trading,Sim9,002820,seen,,1882d10c5f96
14927168,2026-10-06 13:17:33,actions-trading,Sim9,000150,seen,,a7669bf0ffbe
14927168,2026-10-06 13:17:33,actions-trading,Sim9,006400,seen,,1c16ea25b4b3
14927168,2026-10-06 13:17:33,actions-trading,Sim9,336370,seen,,6074e3364c56
14927168,2026-10-06 13:17:33,actions-trading,Sim9,018670,seen,,672745468fab
14927168,2026-10-06 13:17:33,actions-trading,Sim9,005030,seen,,8cf8942b4e96
14927168,2026-10-06 13:17:33,actions-trading,Sim9,066570,seen,,c6f3a701d955
14927168,2026-10-06 13:17:33,actions-trading,Sim9,066575,seen,,2f64a00d1903
14927168,2026-10-06 13:17:33,actions-trading,Sim9,007810,seen,,467e13d8166c
14927168,2026-10-06 13:17:33,actions-trading,Sim9,000157,seen,,86593386454f
14927168,2026-10-06 13:17:33,actions-trading,Sim9,298020,seen,,0c6b55f38e7c
14927168,2026-10-06 13:17:33,actions-trading,Sim9,020150,seen,,8f7380e14e7c
14927168,2026-10-06 13:17:33,actions-trading,Sim9,090460,seen,,7355ee173987
14927168,2026-10-06 13:17:33,actions-trading,Sim9,005690,seen,,0b0ad99eccf6
14927168,2026-10-06 13:17:33,actions-trading,Sim9,000155,seen,,054a0509b085
14927168,2026-10-06 13:17:33,actions-trading,Sim9,063160,seen,,4e322723c355
14927168,2026-10-06 13:17:33,actions-trading,Sim9,226320,seen,,696b3f25c047
14927168,2026-10-06 13:17:33,actions-trading,Sim9,006405,seen,,6ba4cb9164ed
14927168,2026-10-06 13:17:33,actions-trading,Sim9,353200,seen,,e2fccd93cb6f
14927168,2026-10-06 13:17:33,actions-trading,Sim9,001250,seen,,41d6c9978f5e
14927168,2026-10-06 13:17:33,actions-trading,미너비니,192820,skip,below_pivot,a2f303992fbe
14927168,2026-10-06 13:17:33,actions-trading,미너비니,443060,skip,below_pivot,4c05412ca07b
14927168,2026-10-06 13:17:33,actions-trading,Sim12,480370,skip,pb2_not_crashed,935ff0bd3615
14927168,2026-10-06 13:17:33,actions-trading,Sim12,003580,skip,pb2_not_crashed,198002ab7472
14927168,2026-10-06 13:17:33,actions-trading,Sim12,000020,skip,pb2_not_crashed,0a9221ff595c
14927168,2026-10-06 13:17:33,actions-trading,Sim12,006110,skip,pb2_not_crashed,dc2a173e2fe9
14927168,2026-10-06 13:17:33,actions-trading,Sim12,281820,skip,pb2_not_crashed,bd3f7e6289ca
14927168,2026-10-06 13:17:33,actions-trading,Sim12,002710,skip,avoid_frgn_sell_20d,7fd5ce98ed3e
14927168,2026-10-06 13:17:33,actions-trading,Sim12,066970,skip,pb2_not_crashed,d76fe0bb6819
14927168,2026-10-06 13:17:33,actions-trading,Sim12,011070,skip,avoid_orgn_sell_high_per,a487c39493b8
14927168,2026-10-06 13:17:33,actions-trading,Sim12,008970,skip,pb2_not_crashed,74bcea60edf6
14927168,2026-10-06 13:17:33,actions-trading,Sim12,007660,skip,pb2_not_crashed,14bff3751dbe
14927168,2026-10-06 13:17:33,actions-trading,Sim12,002820,skip,avoid_deadcat,1882d10c5f96
14927168,2026-10-06 13:17:33,actions-trading,Sim12,000150,skip,avoid_frgn_sell_20d,a7669bf0ffbe
14927168,2026-10-06 13:17:33,actions-trading,Sim12,006400,skip,pb2_not_crashed,1c16ea25b4b3
14927168,2026-10-06 13:17:33,actions-trading,Sim12,336370,skip,avoid_frgn_sell_20d,6074e3364c56
14927168,2026-10-06 13:17:33,actions-trading,Sim12,018670,skip,avoid_frgn_sell_20d,672745468fab
14927168,2026-10-06 13:17:33,actions-trading,Sim12,005030,skip,avoid_amount_dry,8cf8942b4e96
14927168,2026-10-06 13:17:33,actions-trading,Sim12,066570,skip,pb2_not_crashed,c6f3a701d955
14927168,2026-10-06 13:17:33,actions-trading,Sim12,066575,skip,pb2_not_crashed,2f64a00d1903
14927168,2026-10-06 13:17:33,actions-trading,Sim12,007810,skip,pb2_not_crashed,467e13d8166c
14927168,2026-10-06 13:17:33,actions-trading,Sim12,000157,skip,pb2_thin_liquidity,86593386454f
14927168,2026-10-06 13:17:33,actions-trading,Sim12,298020,skip,avoid_orgn_sell_high_per,0c6b55f38e7c
14927168,2026-10-06 13:17:33,actions-trading,Sim12,020150,skip,avoid_frgn_sell_20d,8f7380e14e7c
14927168,2026-10-06 13:17:33,actions-trading,Sim12,090460,skip,pb2_not_crashed,7355ee173987
14927168,2026-10-06 13:17:33,actions-trading,Sim12,005690,skip,pb2_not_crashed,0b0ad99eccf6
14927168,2026-10-06 13:17:33,actions-trading,Sim12,000155,skip,pb2_thin_liquidity,054a0509b085
14927168,2026-10-06 13:17:33,actions-trading,Sim12,063160,skip,avoid_frgn_sell_20d,4e322723c355
14927168,2026-10-06 13:17:33,actions-trading,Sim12,226320,skip,pb2_not_crashed,696b3f25c047
14927168,2026-10-06 13:17:33,actions-trading,Sim12,006405,skip,pb2_not_crashed,6ba4cb9164ed
14927168,2026-10-06 13:17:33,actions-trading,Sim12,353200,skip,avoid_orgn_sell_high_per,e2fccd93cb6f
14927168,2026-10-06 13:17:33,actions-trading,Sim12,001250,skip,pb2_not_crashed,41d6c9978f5e
14927168,2026-10-06 13:17:33,actions-trading,Sim12,005110,skip,avoid_amount_dry,914b6555b8ba
14927168,2026-10-06 13:17:33,actions-trading,Sim12,015260,skip,pb2_no_inst_buying,d537bdc44500
14927168,2026-10-06 13:17:33,actions-trading,Sim12,020120,skip,pb2_not_crashed,910cbb61bbdb
14927168,2026-10-06 13:17:33,actions-trading,Sim12,004920,skip,pb2_not_crashed,9c355302cbd5
14927168,2026-10-06 13:17:33,actions-trading,Sim12,001525,skip,avoid_amount_dry,65967eaa8037
14927168,2026-10-06 13:17:33,actions-trading,Sim12,003010,skip,pb2_not_crashed,4ce679da8cdc
14927168,2026-10-06 13:17:33,actions-trading,Sim12,002870,skip,avoid_frgn_sell_20d,3f7c22e15eb5
14927168,2026-10-06 13:17:33,actions-trading,Sim12,003350,skip,avoid_amount_dry,f7182744000e
14927168,2026-10-06 13:17:33,actions-trading,Sim12,079550,skip,pb2_not_crashed,da5f0092025d
14927168,2026-10-06 13:17:33,actions-trading,Sim12,014915,skip,pb2_not_crashed,349afb6fc194
14927168,2026-10-06 13:17:33,actions-trading,Sim12,001380,skip,avoid_frgn_sell_20d,11e3a76cda42
14927168,2026-10-06 13:17:33,actions-trading,Sim12,044820,skip,avoid_frgn_sell_20d,a568f770e9c7
14927168,2026-10-06 13:17:33,actions-trading,Sim12,084680,skip,avoid_frgn_sell_20d,7dd3d5d25631
14927168,2026-10-06 13:17:33,actions-trading,Sim12,002787,skip,avoid_amount_dry,edd7a384e62b
14927168,2026-10-06 13:17:33,actions-trading,Sim12,002785,skip,pb2_no_inst_buying,e4fdd2ca22c5
14927168,2026-10-06 13:17:33,actions-trading,Sim12,051630,skip,avoid_amount_dry,7de29caf40e1
14927168,2026-10-06 13:17:33,actions-trading,Sim12,465770,skip,avoid_amount_dry,f63867e40f49
14927168,2026-10-06 13:17:33,actions-trading,Sim12,003570,skip,avoid_frgn_sell_20d,f49c03df2609
14927168,2026-10-06 13:17:33,actions-trading,Sim12,036570,skip,pb2_not_crashed,3f39b004725c
14927168,2026-10-06 13:17:33,actions-trading,Sim12,443060,skip,avoid_amount_dry,4c05412ca07b
14927168,2026-10-06 13:17:33,actions-trading,Sim12,071950,skip,pb2_no_inst_buying,1dc71821a1d1
14927168,2026-10-06 13:17:33,actions-trading,Sim12,005880,skip,pb2_not_crashed,13b8ec366389
14927168,2026-10-06 13:17:33,actions-trading,Sim12,100840,skip,avoid_amount_dry,c9b45a572b7d
14927168,2026-10-06 13:17:33,actions-trading,Sim12,109070,skip,pb2_not_crashed,68824a185d8d
14927168,2026-10-06 13:17:33,actions-trading,Sim12,027740,skip,avoid_frgn_sell_20d,34ab1335af40
14927168,2026-10-06 13:17:33,actions-trading,Sim12,088790,skip,avoid_amount_dry,ed700a78e58b
14927168,2026-10-06 13:17:33,actions-trading,Sim12,011300,skip,avoid_amount_dry,3c7603c68a00
14927168,2026-10-06 13:17:33,actions-trading,Sim12,010640,skip,avoid_amount_dry,8b18c4c88660
14927168,2026-10-06 13:17:33,actions-trading,Sim12,064350,skip,avoid_frgn_sell_20d,374a18ce7e26
14927168,2026-10-06 13:17:33,actions-trading,Sim12,026960,skip,pb2_not_crashed,16ef5d87f96d
14927168,2026-10-06 13:17:33,actions-trading,Sim13,480370,skip,no_frgn_support,935ff0bd3615
14927168,2026-10-06 13:17:33,actions-trading,Sim13,003580,skip,theme_momentum_weak,198002ab7472
14927168,2026-10-06 13:17:33,actions-trading,Sim13,000020,skip,theme_momentum_weak,0a9221ff595c
14927168,2026-10-06 13:17:33,actions-trading,Sim13,006110,skip,theme_momentum_weak,dc2a173e2fe9
14927168,2026-10-06 13:17:33,actions-trading,Sim13,281820,skip,no_frgn_support,bd3f7e6289ca
14927168,2026-10-06 13:17:33,actions-trading,Sim13,002710,skip,adx_weak,7fd5ce98ed3e
14927168,2026-10-06 13:17:33,actions-trading,Sim13,066970,skip,theme_momentum_weak,d76fe0bb6819
14927168,2026-10-06 13:17:33,actions-trading,Sim13,011070,skip,theme_momentum_weak,a487c39493b8
14927168,2026-10-06 13:17:33,actions-trading,Sim13,008970,skip,adx_weak,74bcea60edf6
14927168,2026-10-06 13:17:33,actions-trading,Sim13,007660,skip,adx_weak,14bff3751dbe
14927168,2026-10-06 13:17:33,actions-trading,Sim13,002820,skip,theme_momentum_weak,1882d10c5f96
14927168,2026-10-06 13:17:33,actions-trading,Sim13,000150,skip,adx_weak,a7669bf0ffbe
14927168,2026-10-06 13:17:33,actions-trading,Sim13,006400,skip,theme_momentum_weak,1c16ea25b4b3
14927168,2026-10-06 13:17:33,actions-trading,Sim13,336370,skip,adx_weak,6074e3364c56
14927168,2026-10-06 13:17:33,actions-trading,Sim13,018670,skip,theme_momentum_weak,672745468fab
14927168,2026-10-06 13:17:33,actions-trading,Sim13,005030,skip,theme_momentum_weak,8cf8942b4e96
14927168,2026-10-06 13:17:33,actions-trading,Sim13,066570,skip,theme_momentum_weak,c6f3a701d955
14927168,2026-10-06 13:17:33,actions-trading,Sim13,066575,skip,theme_momentum_weak,2f64a00d1903
14927168,2026-10-06 13:17:33,actions-trading,Sim13,007810,skip,amount_not_surprised,467e13d8166c
14927168,2026-10-06 13:17:33,actions-trading,Sim13,000157,skip,theme_momentum_weak,86593386454f
14927168,2026-10-06 13:17:33,actions-trading,Sim13,298020,skip,theme_momentum_weak,0c6b55f38e7c
14927168,2026-10-06 13:17:33,actions-trading,Sim13,020150,skip,no_frgn_support,8f7380e14e7c
14927168,2026-10-06 13:17:33,actions-trading,Sim13,090460,skip,theme_momentum_weak,7355ee173987
14927168,2026-10-06 13:17:33,actions-trading,Sim13,005690,skip,adx_weak,0b0ad99eccf6
14927168,2026-10-06 13:17:33,actions-trading,Sim13,000155,skip,theme_momentum_weak,054a0509b085
14927168,2026-10-06 13:17:33,actions-trading,Sim13,063160,skip,theme_momentum_weak,4e322723c355
14927168,2026-10-06 13:17:33,actions-trading,Sim13,226320,skip,theme_momentum_weak,696b3f25c047
14927168,2026-10-06 13:17:33,actions-trading,Sim13,006405,skip,theme_momentum_weak,6ba4cb9164ed
14927168,2026-10-06 13:17:33,actions-trading,Sim13,353200,skip,amount_not_surprised,e2fccd93cb6f
14927168,2026-10-06 13:17:33,actions-trading,Sim13,001250,skip,theme_momentum_weak,41d6c9978f5e
14927168,2026-10-06 13:17:33,actions-trading,Sim14,_gate,skip,regime_blocked,e3b0c44298fc
14927168,2026-10-06 13:17:33,actions-trading,Sim15,_gate,skip,already_rebalanced,e3b0c44298fc
14927168,2026-10-06 13:17:33,actions-trading,Sim15,069500,seen,,94523b6fa0ad
14927168,2026-10-06 13:17:33,actions-trading,Sim15,133690,seen,,e58838c52ca0
14927168,2026-10-06 13:17:33,actions-trading,Sim15,148070,seen,,c91c552afc03
14927168,2026-10-06 13:17:33,actions-trading,Sim16,_gate,skip,already_rebalanced,e3b0c44298fc
14927168,2026-10-06 13:17:33,actions-trading,Sim16,122630,seen,,7246f085ab0f
14927168,2026-10-06 13:17:33,actions-trading,Sim16,418660,seen,,6bfdc388479d
14927168,2026-10-06 13:17:33,actions-trading,Sim16,148070,seen,,c91c552afc03
14927169,2026-10-06 13:18:51,actions-trading,Sim3,402340,skip,qty_zero,3980ad656352
14927169,2026-10-06 13:18:51,actions-trading,Sim3,383800,skip,amount,436687cd3414
14927169,2026-10-06 13:18:51,actions-trading,Sim3,462870,skip,amount,601870bb0443
14927169,2026-10-06 13:18:51,actions-trading,Sim3,000660,skip,qty_zero,479751483553
14927169,2026-10-06 13:18:51,actions-trading,Sim3,071970,skip,cooldown,e6ffc9caef81
14927169,2026-10-06 13:18:51,actions-trading,Sim3,042700,skip,not_cheap,a5df398aaf39
14927169,2026-10-06 13:18:51,actions-trading,Sim3,326030,skip,cooldown,4c042b649ff1
14927169,2026-10-06 13:18:51,actions-trading,Sim3,207940,skip,not_cheap,343483366612
14927169,2026-10-06 13:18:51,actions-trading,Sim3,033920,skip,amount,7e276c64e1b0
14927169,2026-10-06 13:18:51,actions-trading,Sim3,004770,skip,amount,61e1b182a012
14927169,2026-10-06 13:18:51,actions-trading,Sim3,0126Z0,skip,not_cheap,5e0af6a478a4
14927169,2026-10-06 13:18:51,actions-trading,Sim3,062040,skip,not_cheap,b36b8a36956d
14927169,2026-10-06 13:18:51,actions-trading,Sim3,317450,skip,amount,85126f4dac4e
14927169,2026-10-06 13:18:51,actions-trading,Sim3,026960,skip,amount,bf23ab3d8471
14927169,2026-10-06 13:18:51,actions-trading,Sim3,021820,skip,amount,4eca82215890
14927169,2026-10-06 13:18:51,actions-trading,Sim3,192080,skip,amount,2f443ae9f3ce
14927169,2026-10-06 13:18:51,actions-trading,Sim3,068270,skip,cooldown,c25179421f43
14927169,2026-10-06 13:18:51,actions-trading,Sim3,123890,skip,amount,66f1d8e00c70
14927169,2026-10-06 13:18:51,actions-trading,Sim3,000240,skip,amount,2c1f9d2de9a7
14927169,2026-10-06 13:18:51,actions-trading,Sim3,002380,skip,amount,504df70abb40
14927169,2026-10-06 13:18:51,actions-trading,Sim3,009770,skip,amount,777ccc54b06d
14927169,2026-10-06 13:18:51,actions-trading,Sim3,259960,skip,cooldown,3568985ef255
14927169,2026-10-06 13:18:51,actions-trading,Sim3,035250,skip,amount,2d525f9e2057
14927169,2026-10-06 13:18:51,actions-trading,Sim3,383220,skip,amount,e0e78d48050a
14927169,2026-10-06 13:18:51,actions-trading,Sim3,226320,skip,amount,696b3f25c047
14927169,2026-10-06 13:18:51,actions-trading,Sim3,439260,skip,amount,f9f11f43c9d8
14927169,2026-10-06 13:18:51,actions-trading,Sim3,025560,skip,cooldown,d9ac1c01e64f
14927169,2026-10-06 13:18:51,actions-trading,Sim3,007700,skip,amount,5a8537028afd
14927169,2026-10-06 13:18:51,actions-trading,Sim3,278470,skip,not_cheap,278c5d027ad1
14927169,2026-10-06 13:18:51,actions-trading,Sim3,000990,skip,not_cheap,4a0e532442b8
14927169,2026-10-06 13:19:28,actions-trading,MFHS2,018880,skip,max_holdings,330e34b9afa2
14927169,2026-10-06 13:19:28,actions-trading,MFHS2,047040,seen,,a40af85ebff1
14927169,2026-10-06 13:19:28,actions-trading,MFHS2,007660,seen,,271af4f2869f
14927169,2026-10-06 13:19:28,actions-trading,MFHS2,066570,seen,,7decba5a9870
14927169,2026-10-06 13:19:28,actions-trading,MFHS2,009190,seen,,735e51ce2ccc
14927169,2026-10-06 13:19:28,actions-trading,MFHS2,002710,seen,,be8a1d488512
14927169,2026-10-06 13:19:28,actions-trading,MFHS2,005690,seen,,383d370a09ce
14927169,2026-10-06 13:19:28,actions-trading,MFHS2,025560,seen,,ea774e08fd31
14927169,2026-10-06 13:19:28,actions-trading,MFHS2,005360,seen,,fd6dc67b186f
14927169,2026-10-06 13:19:28,actions-trading,MFHS2,009830,seen,,908556801525
14927169,2026-10-06 13:19:28,actions-trading,MFHS2,006400,seen,,3226e8a0899d
14927169,2026-10-06 13:19:28,actions-trading,MFHS2,002700,seen,,6efe0331388e
14927169,2026-10-06 13:19:28,actions-trading,MFHS2,279570,seen,,fa4a4397253b
14927169,2026-10-06 13:19:28,actions-trading,MFHS2,138930,seen,,a84303c684a7
14927169,2026-10-06 13:19:28,actions-trading,MFHS2,090460,seen,,bbd97e6ff99e
14927169,2026-10-06 13:19:28,actions-trading,MFHS2,009150,seen,,721207a86c46
14927169,2026-10-06 13:19:28,actions-trading,MFHS2,317400,seen,,a8d5546ab635
14927169,2026-10-06 13:19:28,actions-trading,MFHS2,460860,seen,,3badf31d12e9
14927169,2026-10-06 13:19:28,actions-trading,MFHS2,006800,seen,,b60e8e8977b3
14927169,2026-10-06 13:19:28,actions-trading,MFHS2,010120,seen,,13a4c2aea424
14927169,2026-10-06 13:19:28,actions-trading,MFHS2,011070,seen,,ef8089656eee
14927169,2026-10-06 13:19:28,actions-trading,MFHS2,022100,seen,,3ba0c3c1f68b
14927169,2026-10-06 13:19:28,actions-trading,MFHS2,003620,seen,,0e313859762f
14927169,2026-10-06 13:19:28,actions-trading,MFHS2,015260,seen,,d58d5e8fec43
14927169,2026-10-06 13:19:28,actions-trading,MFHS2,452260,seen,,4752d52d0227
14927169,2026-10-06 13:19:28,actions-trading,MFHS2,001230,seen,,7be14a527ca2
14927169,2026-10-06 13:19:28,actions-trading,MFHS2,066970,seen,,3ca1cbcd01e7
14927169,2026-10-06 13:19:28,actions-trading,MFHS2,066575,seen,,d4129c719c85
14927169,2026-10-06 13:19:28,actions-trading,MFHS2,004020,seen,,490ba4b90bf7
14927169,2026-10-06 13:19:28,actions-trading,MFHS2,002990,seen,,aadb6d5faca1
14927169,2026-10-06 13:19:30,actions-trading,상승모멘텀,480370,skip,adx_high,0f5d38681a5e
14927169,2026-10-06 13:19:30,actions-trading,상승모멘텀,003580,skip,adx_high,622452187417
14927169,2026-10-06 13:19:30,actions-trading,상승모멘텀,000020,skip,adx_low,e1c27c6fefac
14927169,2026-10-06 13:19:30,actions-trading,상승모멘텀,281820,skip,adx_high,f881dc4141f4
14927169,2026-10-06 13:19:30,actions-trading,상승모멘텀,006110,skip,adx_high,a2a8dfca7952
14927169,2026-10-06 13:19:30,actions-trading,상승모멘텀,002710,skip,tick,be8a1d488512
14927169,2026-10-06 13:19:30,actions-trading,상승모멘텀,066970,skip,adx_low,3ca1cbcd01e7
14927169,2026-10-06 13:19:30,actions-trading,상승모멘텀,011070,skip,adx_low,ef8089656eee
14927169,2026-10-06 13:19:30,actions-trading,상승모멘텀,000150,skip,adx_high,1fa637b97f6a
14927169,2026-10-06 13:19:30,actions-trading,상승모멘텀,007660,skip,held_or_sold_today,271af4f2869f
14927169,2026-10-06 13:19:30,actions-trading,상승모멘텀,008970,skip,tick,c04be2a82dd5
14927169,2026-10-06 13:19:30,actions-trading,상승모멘텀,006400,skip,adx_low,3226e8a0899d
14927169,2026-10-06 13:19:30,actions-trading,상승모멘텀,336370,skip,adx_high,553fdb3086f8
14927169,2026-10-06 13:19:30,actions-trading,상승모멘텀,002820,skip,amount,8e7ccfc13a1f
14927169,2026-10-06 13:19:30,actions-trading,상승모멘텀,005030,skip,amount,8cf8942b4e96
14927169,2026-10-06 13:19:30,actions-trading,상승모멘텀,066570,skip,adx_low,7decba5a9870
14927169,2026-10-06 13:19:30,actions-trading,상승모멘텀,007810,skip,adx_high,419ed7088f90
14927169,2026-10-06 13:19:30,actions-trading,상승모멘텀,018670,skip,period,f074bc71a2c3
14927169,2026-10-06 13:19:30,actions-trading,상승모멘텀,066575,skip,adx_high,d4129c719c85
14927169,2026-10-06 13:19:30,actions-trading,상승모멘텀,000157,skip,amount,86593386454f
14927169,2026-10-06 13:19:30,actions-trading,상승모멘텀,020150,skip,held_or_sold_today,289a5a60a6c6
14927169,2026-10-06 13:19:30,actions-trading,상승모멘텀,298020,skip,adx_high,c8c4441d554a
14927169,2026-10-06 13:19:30,actions-trading,상승모멘텀,090460,skip,period,bbd97e6ff99e
14927169,2026-10-06 13:19:30,actions-trading,상승모멘텀,005690,skip,period,383d370a09ce
14927169,2026-10-06 13:19:30,actions-trading,상승모멘텀,063160,skip,amount,cb8f79aed18e
14927169,2026-10-06 13:19:30,actions-trading,상승모멘텀,000155,skip,adx_high,054a0509b085
14927169,2026-10-06 13:19:30,actions-trading,상승모멘텀,006405,skip,amount,5a0156afdb43
14927169,2026-10-06 13:19:30,actions-trading,상승모멘텀,001250,skip,adx_high,04bf2c3034bd
14927169,2026-10-06 13:19:30,actions-trading,상승모멘텀,226320,skip,amount,5927f1504ac0
14927169,2026-10-06 13:19:30,actions-trading,상승모멘텀,353200,skip,adx_high,1f2980025d6f
14927169,2026-10-06 13:19:30,actions-trading,Sim6,_gate,skip,already_rebalanced,e3b0c44298fc
14927169,2026-10-06 13:19:30,actions-trading,Sim6,069500,seen,,54cc06a66258
14927169,2026-10-06 13:19:30,actions-trading,Sim6,360750,seen,,811a3dc712f6
14927169,2026-10-06 13:19:30,actions-trading,Sim6,148070,seen,,f3558cb0e0ba
14927169,2026-10-06 13:19:30,actions-trading,Sim6,411060,seen,,48993d7b8a4d
14927169,2026-10-06 13:19:30,actions-trading,Sim6,305080,seen,,28faf734a626
14927169,2026-10-06 13:19:30,actions-trading,Sim6,357870,seen,,577a01889a21
14927169,2026-10-06 13:19:30,actions-trading,Sim4-1,480370,skip,adx_high,0f5d38681a5e
14927169,2026-10-06 13:19:30,actions-trading,Sim4-1,003580,skip,adx_high,622452187417
14927169,2026-10-06 13:19:30,actions-trading,Sim4-1,000020,skip,adx_low,e1c27c6fefac
14927169,2026-10-06 13:19:30,actions-trading,Sim4-1,281820,skip,adx_high,f881dc4141f4
14927169,2026-10-06 13:19:30,actions-trading,Sim4-1,006110,skip,adx_high,a2a8dfca7952
14927169,2026-10-06 13:19:30,actions-trading,Sim4-1,002710,skip,held_or_cooldown,be8a1d488512
14927169,2026-10-06 13:19:30,actions-trading,Sim4-1,066970,skip,adx_low,3ca1cbcd01e7
14927169,2026-10-06 13:19:30,actions-trading,Sim4-1,011070,skip,adx_low,ef8089656eee
14927169,2026-10-06 13:19:30,actions-trading,Sim4-1,000150,skip,adx_high,1fa637b97f6a
14927169,2026-10-06 13:19:30,actions-trading,Sim4-1,007660,skip,held_or_cooldown,271af4f2869f
14927169,2026-10-06 13:19:30,actions-trading,Sim4-1,008970,skip,held_or_cooldown,c04be2a82dd5
14927169,2026-10-06 13:19:30,actions-trading,Sim4-1,006400,skip,adx_low,3226e8a0899d
14927169,2026-10-06 13:19:30,actions-trading,Sim4-1,336370,skip,adx_high,553fdb3086f8
14927169,2026-10-06 13:19:30,actions-trading,Sim4-1,002820,skip,amount,8e7ccfc13a1f
14927169,2026-10-06 13:19:30,actions-trading,Sim4-1,005030,skip,amount,8cf8942b4e96
14927169,2026-10-06 13:19:30,actions-trading,Sim4-1,066570,skip,adx_low,7decba5a9870
14927169,2026-10-06 13:19:30,actions-trading,Sim4-1,007810,skip,adx_high,419ed7088f90
14927169,2026-10-06 13:19:30,actions-trading,Sim4-1,018670,skip,period,f074bc71a2c3
14927169,2026-10-06 13:19:30,actions-trading,Sim4-1,066575,skip,adx_high,d4129c719c85
14927169,2026-10-06 13:19:30,actions-trading,Sim4-1,000157,skip,amount,86593386454f
14927169,2026-10-06 13:19:30,actions-trading,Sim4-1,020150,skip,held_or_cooldown,289a5a60a6c6
14927169,2026-10-06 13:19:30,actions-trading,Sim4-1,298020,skip,adx_high,c8c4441d554a
14927169,2026-10-06 13:19:30,actions-trading,Sim4-1,090460,skip,period,bbd97e6ff99e
14927169,2026-10-06 13:19:30,actions-trading,Sim4-1,005690,skip,period,383d370a09ce
14927169,2026-10-06 13:19:30,actions-trading,Sim4-1,063160,skip,amount,cb8f79aed18e
14927169,2026-10-06 13:19:30,actions-trading,Sim4-1,000155,skip,adx_high,054a0509b085
14927169,2026-10-06 13:19:30,actions-trading,Sim4-1,006405,skip,amount,5a0156afdb43
14927169,2026-10-06 13:19:30,actions-trading,Sim4-1,001250,skip,adx_high,04bf2c3034bd
14927169,2026-10-06 13:19:30,actions-trading,Sim4-1,226320,skip,amount,5927f1504ac0
14927169,2026-10-06 13:19:30,actions-trading,Sim4-1,353200,skip,adx_high,1f2980025d6f
14927169,2026-10-06 13:19:32,actions-trading,선행매집,018880,skip,below_anchor,330e34b9afa2
14927169,2026-10-06 13:19:32,actions-trading,선행매집,047040,skip,below_anchor,a40af85ebff1
14927169,2026-10-06 13:19:32,actions-trading,선행매집,007660,skip,below_anchor,271af4f2869f
14927169,2026-10-06 13:19:32,actions-trading,선행매집,066570,skip,below_anchor,7decba5a9870
14927169,2026-10-06 13:19:32,actions-trading,선행매집,002710,skip,below_anchor,be8a1d488512
14927169,2026-10-06 13:19:32,actions-trading,선행매집,006800,skip,below_anchor,b60e8e8977b3
14927169,2026-10-06 13:19:32,actions-trading,선행매집,001250,skip,below_anchor,04bf2c3034bd
14927169,2026-10-06 13:19:32,actions-trading,선행매집,009190,skip,below_anchor,735e51ce2ccc
14927169,2026-10-06 13:19:32,actions-trading,선행매집,005320,skip,amount,f36fb21d9b6b
14927169,2026-10-06 13:19:32,actions-trading,선행매집,009830,skip,below_anchor,908556801525
14927169,2026-10-06 13:19:32,actions-trading,선행매집,006400,skip,below_anchor,3226e8a0899d
14927169,2026-10-06 13:19:32,actions-trading,선행매집,005690,skip,below_anchor,383d370a09ce
14927169,2026-10-06 13:19:32,actions-trading,선행매집,025560,skip,below_anchor,ea774e08fd31
14927169,2026-10-06 13:19:32,actions-trading,선행매집,336370,skip,below_anchor,553fdb3086f8
14927169,2026-10-06 13:19:32,actions-trading,선행매집,009150,skip,below_anchor,721207a86c46
14927169,2026-10-06 13:19:32,actions-trading,선행매집,005360,skip,amount,fd6dc67b186f
14927169,2026-10-06 13:19:32,actions-trading,선행매집,279570,skip,below_anchor,fa4a4397253b
14927169,2026-10-06 13:19:32,actions-trading,선행매집,002700,skip,amount,6efe0331388e
14927169,2026-10-06 13:19:32,actions-trading,선행매집,090460,skip,below_anchor,bbd97e6ff99e
14927169,2026-10-06 13:19:32,actions-trading,선행매집,011070,skip,below_anchor,ef8089656eee
14927169,2026-10-06 13:19:32,actions-trading,선행매집,022100,skip,below_anchor,3ba0c3c1f68b
14927169,2026-10-06 13:19:32,actions-trading,선행매집,010120,skip,below_anchor,13a4c2aea424
14927169,2026-10-06 13:19:32,actions-trading,선행매집,192650,skip,sold_or_cooldown,46e35ae22018
14927169,2026-10-06 13:19:32,actions-trading,선행매집,138930,skip,below_anchor,a84303c684a7
14927169,2026-10-06 13:19:32,actions-trading,선행매집,066970,skip,below_anchor,3ca1cbcd01e7
14927169,2026-10-06 13:19:32,actions-trading,선행매집,015760,skip,below_anchor,6ce094210bdd
14927169,2026-10-06 13:19:32,actions-trading,선행매집,003620,skip,below_anchor,0e313859762f
14927169,2026-10-06 13:19:32,actions-trading,선행매집,460860,skip,below_anchor,3badf31d12e9
14927169,2026-10-06 13:19:32,actions-trading,선행매집,015260,skip,amount,d58d5e8fec43
14927169,2026-10-06 13:19:32,actions-trading,선행매집,452260,skip,below_anchor,4752d52d0227
14927169,2026-10-06 13:19:32,actions-trading,Sim9,_gate,skip,outside_entry_window,e3b0c44298fc
14927169,2026-10-06 13:19:32,actions-trading,Sim9,480370,seen,,0f5d38681a5e
14927169,2026-10-06 13:19:32,actions-trading,Sim9,003580,seen,,622452187417
14927169,2026-10-06 13:19:32,actions-trading,Sim9,000020,seen,,e1c27c6fefac
14927169,2026-10-06 13:19:32,actions-trading,Sim9,281820,seen,,f881dc4141f4
14927169,2026-10-06 13:19:32,actions-trading,Sim9,006110,seen,,a2a8dfca7952
14927169,2026-10-06 13:19:32,actions-trading,Sim9,002710,seen,,be8a1d488512
14927169,2026-10-06 13:19:32,actions-trading,Sim9,066970,seen,,3ca1cbcd01e7
14927169,2026-10-06 13:19:32,actions-trading,Sim9,011070,seen,,ef8089656eee
14927169,2026-10-06 13:19:32,actions-trading,Sim9,000150,seen,,1fa637b97f6a
14927169,2026-10-06 13:19:32,actions-trading,Sim9,007660,seen,,271af4f2869f
14927169,2026-10-06 13:19:32,actions-trading,Sim9,008970,seen,,c04be2a82dd5
14927169,2026-10-06 13:19:32,actions-trading,Sim9,006400,seen,,3226e8a0899d
14927169,2026-10-06 13:19:32,actions-trading,Sim9,336370,seen,,553fdb3086f8
14927169,2026-10-06 13:19:32,actions-trading,Sim9,002820,seen,,8e7ccfc13a1f
14927169,2026-10-06 13:19:32,actions-trading,Sim9,005030,seen,,8cf8942b4e96
14927169,2026-10-06 13:19:32,actions-trading,Sim9,066570,seen,,7decba5a9870
14927169,2026-10-06 13:19:32,actions-trading,Sim9,007810,seen,,419ed7088f90
14927169,2026-10-06 13:19:32,actions-trading,Sim9,018670,seen,,f074bc71a2c3
14927169,2026-10-06 13:19:32,actions-trading,Sim9,066575,seen,,d4129c719c85
14927169,2026-10-06 13:19:32,actions-trading,Sim9,000157,seen,,86593386454f
14927169,2026-10-06 13:19:32,actions-trading,Sim9,020150,seen,,289a5a60a6c6
14927169,2026-10-06 13:19:32,actions-trading,Sim9,298020,seen,,c8c4441d554a
14927169,2026-10-06 13:19:32,actions-trading,Sim9,090460,seen,,bbd97e6ff99e
14927169,2026-10-06 13:19:32,actions-trading,Sim9,005690,seen,,383d370a09ce
14927169,2026-10-06 13:19:32,actions-trading,Sim9,063160,seen,,cb8f79aed18e
14927169,2026-10-06 13:19:32,actions-trading,Sim9,000155,seen,,054a0509b085
14927169,2026-10-06 13:19:32,actions-trading,Sim9,006405,seen,,5a0156afdb43
14927169,2026-10-06 13:19:32,actions-trading,Sim9,001250,seen,,04bf2c3034bd
14927169,2026-10-06 13:19:32,actions-trading,Sim9,226320,seen,,5927f1504ac0
14927169,2026-10-06 13:19:32,actions-trading,Sim9,353200,seen,,1f2980025d6f
14927169,2026-10-06 13:19:32,actions-trading,미너비니,192820,skip,below_pivot,1f91e7af8eb3
14927169,2026-10-06 13:19:32,actions-trading,미너비니,443060,skip,below_pivot,2024b2f2ca8b
14927169,2026-10-06 13:19:32,actions-trading,Sim12,480370,skip,pb2_not_crashed,0f5d38681a5e
14927169,2026-10-06 13:19:32,actions-trading,Sim12,003580,skip,pb2_not_crashed,622452187417
14927169,2026-10-06 13:19:32,actions-trading,Sim12,000020,skip,pb2_not_crashed,e1c27c6fefac
14927169,2026-10-06 13:19:32,actions-trading,Sim12,281820,skip,pb2_not_crashed,f881dc4141f4
14927169,2026-10-06 13:19:32,actions-trading,Sim12,006110,skip,pb2_not_crashed,a2a8dfca7952
14927169,2026-10-06 13:19:32,actions-trading,Sim12,002710,skip,avoid_frgn_sell_20d,be8a1d488512
14927169,2026-10-06 13:19:32,actions-trading,Sim12,066970,skip,pb2_not_crashed,3ca1cbcd01e7
14927169,2026-10-06 13:19:32,actions-trading,Sim12,011070,skip,avoid_orgn_sell_high_per,ef8089656eee
14927169,2026-10-06 13:19:32,actions-trading,Sim12,000150,skip,avoid_frgn_sell_20d,1fa637b97f6a
14927169,2026-10-06 13:19:32,actions-trading,Sim12,007660,skip,pb2_not_crashed,271af4f2869f
14927169,2026-10-06 13:19:32,actions-trading,Sim12,008970,skip,pb2_not_crashed,c04be2a82dd5
14927169,2026-10-06 13:19:32,actions-trading,Sim12,006400,skip,pb2_not_crashed,3226e8a0899d
14927169,2026-10-06 13:19:32,actions-trading,Sim12,336370,skip,avoid_frgn_sell_20d,553fdb3086f8
14927169,2026-10-06 13:19:32,actions-trading,Sim12,002820,skip,avoid_deadcat,8e7ccfc13a1f
14927169,2026-10-06 13:19:32,actions-trading,Sim12,005030,skip,avoid_amount_dry,8cf8942b4e96
14927169,2026-10-06 13:19:32,actions-trading,Sim12,066570,skip,pb2_not_crashed,7decba5a9870
14927169,2026-10-06 13:19:32,actions-trading,Sim12,007810,skip,pb2_not_crashed,419ed7088f90
14927169,2026-10-06 13:19:32,actions-trading,Sim12,018670,skip,avoid_frgn_sell_20d,f074bc71a2c3
14927169,2026-10-06 13:19:32,actions-trading,Sim12,066575,skip,pb2_not_crashed,d4129c719c85
14927169,2026-10-06 13:19:32,actions-trading,Sim12,000157,skip,pb2_thin_liquidity,86593386454f
14927169,2026-10-06 13:19:32,actions-trading,Sim12,020150,skip,avoid_frgn_sell_20d,289a5a60a6c6
14927169,2026-10-06 13:19:32,actions-trading,Sim12,298020,skip,avoid_orgn_sell_high_per,c8c4441d554a
14927169,2026-10-06 13:19:32,actions-trading,Sim12,090460,skip,pb2_not_crashed,bbd97e6ff99e
14927169,2026-10-06 13:19:32,actions-trading,Sim12,005690,skip,pb2_not_crashed,383d370a09ce
14927169,2026-10-06 13:19:32,actions-trading,Sim12,063160,skip,avoid_frgn_sell_20d,cb8f79aed18e
14927169,2026-10-06 13:19:32,actions-trading,Sim12,000155,skip,pb2_thin_liquidity,054a0509b085
14927169,2026-10-06 13:19:32,actions-trading,Sim12,006405,skip,pb2_not_crashed,5a0156afdb43
14927169,2026-10-06 13:19:32,actions-trading,Sim12,001250,skip,pb2_not_crashed,04bf2c3034bd
14927169,2026-10-06 13:19:32,actions-trading,Sim12,226320,skip,pb2_not_crashed,5927f1504ac0
14927169,2026-10-06 13:19:32,actions-trading,Sim12,353200,skip,avoid_orgn_sell_high_per,1f2980025d6f
14927169,2026-10-06 13:19:32,actions-trading,Sim12,005110,skip,avoid_amount_dry,914b6555b8ba
14927169,2026-10-06 13:19:32,actions-trading,Sim12,015260,skip,pb2_no_inst_buying,d58d5e8fec43
14927169,2026-10-06 13:19:32,actions-trading,Sim12,020120,skip,pb2_not_crashed,2f5a8e50a00d
14927169,2026-10-06 13:19:32,actions-trading,Sim12,004920,skip,pb2_not_crashed,9c355302cbd5
14927169,2026-10-06 13:19:32,actions-trading,Sim12,001525,skip,avoid_amount_dry,65967eaa8037
14927169,2026-10-06 13:19:32,actions-trading,Sim12,003010,skip,pb2_not_crashed,146f907c5271
14927169,2026-10-06 13:19:32,actions-trading,Sim12,003350,skip,avoid_amount_dry,2cd314f118d6
14927169,2026-10-06 13:19:32,actions-trading,Sim12,079550,skip,pb2_not_crashed,81954c0adc0e
14927169,2026-10-06 13:19:32,actions-trading,Sim12,014915,skip,pb2_not_crashed,349afb6fc194
14927169,2026-10-06 13:19:32,actions-trading,Sim12,002870,skip,avoid_frgn_sell_20d,39bfddd46627
14927169,2026-10-06 13:19:32,actions-trading,Sim12,001380,skip,avoid_frgn_sell_20d,ae92019eced8
14927169,2026-10-06 13:19:32,actions-trading,Sim12,084680,skip,avoid_frgn_sell_20d,3314cf7ed7b5
14927169,2026-10-06 13:19:32,actions-trading,Sim12,044820,skip,avoid_frgn_sell_20d,a568f770e9c7
14927169,2026-10-06 13:19:32,actions-trading,Sim12,051630,skip,avoid_amount_dry,76bb10544be8
14927169,2026-10-06 13:19:32,actions-trading,Sim12,002787,skip,avoid_amount_dry,edd7a384e62b
14927169,2026-10-06 13:19:32,actions-trading,Sim12,002785,skip,pb2_no_inst_buying,e4fdd2ca22c5
14927169,2026-10-06 13:19:32,actions-trading,Sim12,003570,skip,avoid_frgn_sell_20d,986e35f368a4
14927169,2026-10-06 13:19:32,actions-trading,Sim12,465770,skip,avoid_amount_dry,059d4af56ae3
14927169,2026-10-06 13:19:32,actions-trading,Sim12,443060,skip,avoid_amount_dry,2024b2f2ca8b
14927169,2026-10-06 13:19:32,actions-trading,Sim12,036570,skip,pb2_not_crashed,7ea71dd01ee1
14927169,2026-10-06 13:19:32,actions-trading,Sim12,071950,skip,pb2_no_inst_buying,1dc71821a1d1
14927169,2026-10-06 13:19:32,actions-trading,Sim12,005880,skip,pb2_not_crashed,25465459c008
14927169,2026-10-06 13:19:32,actions-trading,Sim12,100840,skip,avoid_amount_dry,8a2230b6e246
14927169,2026-10-06 13:19:32,actions-trading,Sim12,109070,skip,pb2_not_crashed,68824a185d8d
14927169,2026-10-06 13:19:32,actions-trading,Sim12,027740,skip,avoid_frgn_sell_20d,7abb85ed41b7
14927169,2026-10-06 13:19:32,actions-trading,Sim12,088790,skip,avoid_amount_dry,815e7df192ed
14927169,2026-10-06 13:19:32,actions-trading,Sim12,011300,skip,avoid_amount_dry,3c7603c68a00
14927169,2026-10-06 13:19:32,actions-trading,Sim12,064350,skip,avoid_frgn_sell_20d,63330a9e5ac6
14927169,2026-10-06 13:19:32,actions-trading,Sim12,010640,skip,avoid_amount_dry,4650a2f7e244
14927169,2026-10-06 13:19:32,actions-trading,Sim12,026960,skip,pb2_not_crashed,fae4d714c977
14927169,2026-10-06 13:19:32,actions-trading,Sim13,480370,skip,no_frgn_support,0f5d38681a5e
14927169,2026-10-06 13:19:32,actions-trading,Sim13,003580,skip,theme_momentum_weak,622452187417
14927169,2026-10-06 13:19:32,actions-trading,Sim13,000020,skip,theme_momentum_weak,e1c27c6fefac
14927169,2026-10-06 13:19:32,actions-trading,Sim13,281820,skip,no_frgn_support,f881dc4141f4
14927169,2026-10-06 13:19:32,actions-trading,Sim13,006110,skip,theme_momentum_weak,a2a8dfca7952
14927169,2026-10-06 13:19:32,actions-trading,Sim13,002710,skip,adx_weak,be8a1d488512
14927169,2026-10-06 13:19:32,actions-trading,Sim13,066970,skip,theme_momentum_weak,3ca1cbcd01e7
14927169,2026-10-06 13:19:32,actions-trading,Sim13,011070,skip,theme_momentum_weak,ef8089656eee
14927169,2026-10-06 13:19:32,actions-trading,Sim13,000150,skip,adx_weak,1fa637b97f6a
14927169,2026-10-06 13:19:32,actions-trading,Sim13,007660,skip,adx_weak,271af4f2869f
14927169,2026-10-06 13:19:32,actions-trading,Sim13,008970,skip,adx_weak,c04be2a82dd5
14927169,2026-10-06 13:19:32,actions-trading,Sim13,006400,skip,theme_momentum_weak,3226e8a0899d
14927169,2026-10-06 13:19:32,actions-trading,Sim13,336370,skip,adx_weak,553fdb3086f8
14927169,2026-10-06 13:19:32,actions-trading,Sim13,002820,skip,theme_momentum_weak,8e7ccfc13a1f
14927169,2026-10-06 13:19:32,actions-trading,Sim13,005030,skip,theme_momentum_weak,8cf8942b4e96
14927169,2026-10-06 13:19:32,actions-trading,Sim13,066570,skip,theme_momentum_weak,7decba5a9870
14927169,2026-10-06 13:19:32,actions-trading,Sim13,007810,skip,amount_not_surprised,419ed7088f90
14927169,2026-10-06 13:19:32,actions-trading,Sim13,018670,skip,theme_momentum_weak,f074bc71a2c3
14927169,2026-10-06 13:19:32,actions-trading,Sim13,066575,skip,theme_momentum_weak,d4129c719c85
14927169,2026-10-06 13:19:32,actions-trading,Sim13,000157,skip,theme_momentum_weak,86593386454f
14927169,2026-10-06 13:19:32,actions-trading,Sim13,020150,skip,no_frgn_support,289a5a60a6c6
14927169,2026-10-06 13:19:32,actions-trading,Sim13,298020,skip,theme_momentum_weak,c8c4441d554a
14927169,2026-10-06 13:19:32,actions-trading,Sim13,090460,skip,theme_momentum_weak,bbd97e6ff99e
14927169,2026-10-06 13:19:32,actions-trading,Sim13,005690,skip,adx_weak,383d370a09ce
14927169,2026-10-06 13:19:32,actions-trading,Sim13,063160,skip,theme_momentum_weak,cb8f79aed18e
14927169,2026-10-06 13:19:32,actions-trading,Sim13,000155,skip,theme_momentum_weak,054a0509b085
14927169,2026-10-06 13:19:32,actions-trading,Sim13,006405,skip,theme_momentum_weak,5a0156afdb43
14927169,2026-10-06 13:19:32,actions-trading,Sim13,001250,skip,theme_momentum_weak,04bf2c3034bd
14927169,2026-10-06 13:19:32,actions-trading,Sim13,226320,skip,theme_momentum_weak,5927f1504ac0
14927169,2026-10-06 13:19:32,actions-trading,Sim13,353200,skip,amount_not_surprised,1f2980025d6f
14927169,2026-10-06 13:19:32,actions-trading,Sim14,_gate,skip,regime_blocked,e3b0c44298fc
14927169,2026-10-06 13:19:32,actions-trading,Sim15,_gate,skip,already_rebalanced,e3b0c44298fc
14927169,2026-10-06 13:19:32,actions-trading,Sim15,069500,seen,,54cc06a66258
14927169,2026-10-06 13:19:32,actions-trading,Sim15,133690,seen,,a26f47ad2877
14927169,2026-10-06 13:19:32,actions-trading,Sim15,148070,seen,,f3558cb0e0ba
14927169,2026-10-06 13:19:32,actions-trading,Sim16,_gate,skip,already_rebalanced,e3b0c44298fc
14927169,2026-10-06 13:19:32,actions-trading,Sim16,122630,seen,,c71d22ae182d
14927169,2026-10-06 13:19:32,actions-trading,Sim16,418660,seen,,c3cbc24a9b3c
14927169,2026-10-06 13:19:32,actions-trading,Sim16,148070,seen,,f3558cb0e0ba
14927170,2026-10-06 13:21:13,actions-trading,Sim3,402340,skip,qty_zero,a52af9bbabc2
14927170,2026-10-06 13:21:13,actions-trading,Sim3,383800,skip,amount,4af686f89a2f
14927170,2026-10-06 13:21:13,actions-trading,Sim3,462870,skip,amount,a7cc5e2fa7b5
14927170,2026-10-06 13:21:13,actions-trading,Sim3,000660,skip,qty_zero,8590eabfb0b3
14927170,2026-10-06 13:21:13,actions-trading,Sim3,071970,skip,cooldown,93c701a9f987
14927170,2026-10-06 13:21:13,actions-trading,Sim3,042700,skip,not_cheap,913481f05357
14927170,2026-10-06 13:21:13,actions-trading,Sim3,326030,skip,cooldown,fb7f4efd0943
14927170,2026-10-06 13:21:13,actions-trading,Sim3,207940,skip,not_cheap,3c07e5a7796d
14927170,2026-10-06 13:21:13,actions-trading,Sim3,033920,skip,amount,b79fb65b120e
14927170,2026-10-06 13:21:13,actions-trading,Sim3,004770,skip,amount,d049fb1dc4a1
14927170,2026-10-06 13:21:13,actions-trading,Sim3,0126Z0,skip,not_cheap,7ee07ec780a8
14927170,2026-10-06 13:21:13,actions-trading,Sim3,062040,skip,not_cheap,6837ea9ffdbb
14927170,2026-10-06 13:21:13,actions-trading,Sim3,317450,skip,amount,85126f4dac4e
14927170,2026-10-06 13:21:13,actions-trading,Sim3,026960,skip,amount,235a9663bfcb
14927170,2026-10-06 13:21:13,actions-trading,Sim3,021820,skip,amount,4eca82215890
14927170,2026-10-06 13:21:13,actions-trading,Sim3,192080,skip,amount,7c0ec9294389
14927170,2026-10-06 13:21:13,actions-trading,Sim3,068270,skip,cooldown,3253cddfeeb0
14927170,2026-10-06 13:21:13,actions-trading,Sim3,123890,skip,amount,986a1e47c879
14927170,2026-10-06 13:21:13,actions-trading,Sim3,000240,skip,amount,b1b9b4271b72
14927170,2026-10-06 13:21:13,actions-trading,Sim3,002380,skip,amount,312ecc231948
14927170,2026-10-06 13:21:13,actions-trading,Sim3,009770,skip,amount,777ccc54b06d
14927170,2026-10-06 13:21:13,actions-trading,Sim3,259960,skip,cooldown,76cd0aa34e99
14927170,2026-10-06 13:21:13,actions-trading,Sim3,035250,skip,amount,4ad31c8a9efd
14927170,2026-10-06 13:21:13,actions-trading,Sim3,383220,skip,amount,7fdb78a19102
14927170,2026-10-06 13:21:13,actions-trading,Sim3,226320,skip,amount,f198bd6a77da
14927170,2026-10-06 13:21:13,actions-trading,Sim3,439260,skip,amount,c71c74fa04a8
14927170,2026-10-06 13:21:13,actions-trading,Sim3,025560,skip,cooldown,bf3ec2008eb0
14927170,2026-10-06 13:21:13,actions-trading,Sim3,007700,skip,amount,34da42f3afa3
14927170,2026-10-06 13:21:13,actions-trading,Sim3,278470,skip,not_cheap,36a1799d77c0
14927170,2026-10-06 13:21:13,actions-trading,Sim3,000990,skip,not_cheap,e018fb41eeb0
14927170,2026-10-06 13:21:50,actions-trading,MFHS2,018880,skip,max_holdings,21937fd78e1b
14927170,2026-10-06 13:21:50,actions-trading,MFHS2,047040,seen,,dacf054bdfdf
14927170,2026-10-06 13:21:50,actions-trading,MFHS2,007660,seen,,f2706e144d81
14927170,2026-10-06 13:21:50,actions-trading,MFHS2,066570,seen,,e281a319878b
14927170,2026-10-06 13:21:50,actions-trading,MFHS2,009190,seen,,ef103fd8f71b
14927170,2026-10-06 13:21:50,actions-trading,MFHS2,002710,seen,,9347d26e268c
14927170,2026-10-06 13:21:50,actions-trading,MFHS2,005690,seen,,b3abcf3b2bd0
14927170,2026-10-06 13:21:50,actions-trading,MFHS2,025560,seen,,c4d372e648b6
14927170,2026-10-06 13:21:50,actions-trading,MFHS2,005360,seen,,276ce626a515
14927170,2026-10-06 13:21:50,actions-trading,MFHS2,009830,seen,,b6898cc77902
14927170,2026-10-06 13:21:50,actions-trading,MFHS2,006400,seen,,bfc8125dc493
14927170,2026-10-06 13:21:50,actions-trading,MFHS2,002700,seen,,41c91f9ca9d8
14927170,2026-10-06 13:21:50,actions-trading,MFHS2,279570,seen,,4c9a8a7a3712
14927170,2026-10-06 13:21:50,actions-trading,MFHS2,138930,seen,,745ef8c0f11a
14927170,2026-10-06 13:21:50,actions-trading,MFHS2,090460,seen,,b9c2b0ccf5af
14927170,2026-10-06 13:21:50,actions-trading,MFHS2,009150,seen,,f980053c7f7a
14927170,2026-10-06 13:21:50,actions-trading,MFHS2,317400,seen,,ab3b6a0e28f0
14927170,2026-10-06 13:21:50,actions-trading,MFHS2,460860,seen,,523296f3831d
14927170,2026-10-06 13:21:50,actions-trading,MFHS2,006800,seen,,e1d871c4dc38
14927170,2026-10-06 13:21:50,actions-trading,MFHS2,010120,seen,,4c28b26bd507
14927170,2026-10-06 13:21:50,actions-trading,MFHS2,011070,seen,,54390193ed9b
14927170,2026-10-06 13:21:50,actions-trading,MFHS2,022100,seen,,7e300eb9a8e3
14927170,2026-10-06 13:21:50,actions-trading,MFHS2,003620,seen,,3c4a8836cdcd
14927170,2026-10-06 13:21:50,actions-trading,MFHS2,015260,seen,,7a794c9812b7
14927170,2026-10-06 13:21:50,actions-trading,MFHS2,452260,seen,,2503abea10ba
14927170,2026-10-06 13:21:50,actions-trading,MFHS2,001230,seen,,217d079d52e7
14927170,2026-10-06 13:21:50,actions-trading,MFHS2,066970,seen,,e11ebe2e9a65
14927170,2026-10-06 13:21:50,actions-trading,MFHS2,066575,seen,,a135e81b2216
14927170,2026-10-06 13:21:50,actions-trading,MFHS2,004020,seen,,6e71a86eb0e7
14927170,2026-10-06 13:21:50,actions-trading,MFHS2,002990,seen,,8403cf409955
14927170,2026-10-06 13:21:51,actions-trading,상승모멘텀,480370,skip,adx_high,2382b732db57
14927170,2026-10-06 13:21:51,actions-trading,상승모멘텀,003580,skip,adx_high,3d137168eace
14927170,2026-10-06 13:21:51,actions-trading,상승모멘텀,281820,skip,adx_high,65714ac02bda
14927170,2026-10-06 13:21:51,actions-trading,상승모멘텀,006110,skip,adx_high,20252e6c90c8
14927170,2026-10-06 13:21:51,actions-trading,상승모멘텀,000020,skip,adx_low,259bf4b470b7
14927170,2026-10-06 13:21:51,actions-trading,상승모멘텀,066970,skip,adx_low,e11ebe2e9a65
14927170,2026-10-06 13:21:51,actions-trading,상승모멘텀,002710,skip,tick,9347d26e268c
14927170,2026-10-06 13:21:51,actions-trading,상승모멘텀,011070,skip,adx_low,54390193ed9b
14927170,2026-10-06 13:21:51,actions-trading,상승모멘텀,007660,skip,held_or_sold_today,f2706e144d81
14927170,2026-10-06 13:21:51,actions-trading,상승모멘텀,000150,skip,adx_high,9087bb4c4cf3
14927170,2026-10-06 13:21:51,actions-trading,상승모멘텀,008970,skip,tick,2a0277776dda
14927170,2026-10-06 13:21:51,actions-trading,상승모멘텀,006400,skip,adx_low,bfc8125dc493
14927170,2026-10-06 13:21:51,actions-trading,상승모멘텀,336370,skip,adx_high,2b65f87a469f
14927170,2026-10-06 13:21:51,actions-trading,상승모멘텀,002820,skip,amount,28e4ff9cd7a8
14927170,2026-10-06 13:21:51,actions-trading,상승모멘텀,005030,skip,amount,8cf8942b4e96
14927170,2026-10-06 13:21:51,actions-trading,상승모멘텀,066570,skip,adx_low,e281a319878b
14927170,2026-10-06 13:21:51,actions-trading,상승모멘텀,007810,skip,adx_high,c7a91dc67a7c
14927170,2026-10-06 13:21:51,actions-trading,상승모멘텀,018670,skip,period,8bf87e6d38cb
14927170,2026-10-06 13:21:51,actions-trading,상승모멘텀,066575,skip,adx_high,a135e81b2216
14927170,2026-10-06 13:21:51,actions-trading,상승모멘텀,000157,skip,amount,73f2f69476b5
14927170,2026-10-06 13:21:51,actions-trading,상승모멘텀,020150,skip,held_or_sold_today,52f29faa2499
14927170,2026-10-06 13:21:51,actions-trading,상승모멘텀,000155,skip,adx_high,1a03eec87c22
14927170,2026-10-06 13:21:51,actions-trading,상승모멘텀,298020,skip,adx_high,5bdf6778c89b
14927170,2026-10-06 13:21:51,actions-trading,상승모멘텀,090460,skip,period,b9c2b0ccf5af
14927170,2026-10-06 13:21:51,actions-trading,상승모멘텀,063160,skip,amount,1d1c65b2ee71
14927170,2026-10-06 13:21:51,actions-trading,상승모멘텀,005690,skip,period,b3abcf3b2bd0
14927170,2026-10-06 13:21:51,actions-trading,상승모멘텀,006405,skip,amount,43b46ab268e0
14927170,2026-10-06 13:21:51,actions-trading,상승모멘텀,353200,skip,adx_high,649f73c25796
14927170,2026-10-06 13:21:51,actions-trading,상승모멘텀,009150,skip,qty_zero,f980053c7f7a
14927170,2026-10-06 13:21:51,actions-trading,상승모멘텀,001250,skip,adx_high,8276720ece44
14927170,2026-10-06 13:21:51,actions-trading,Sim6,_gate,skip,already_rebalanced,e3b0c44298fc
14927170,2026-10-06 13:21:51,actions-trading,Sim6,069500,seen,,e1df362b6aaa
14927170,2026-10-06 13:21:51,actions-trading,Sim6,360750,seen,,37d4c9d3ba06
14927170,2026-10-06 13:21:51,actions-trading,Sim6,148070,seen,,02212b433063
14927170,2026-10-06 13:21:51,actions-trading,Sim6,411060,seen,,ba98ea503ac0
14927170,2026-10-06 13:21:51,actions-trading,Sim6,305080,seen,,f4d1f2105d96
14927170,2026-10-06 13:21:51,actions-trading,Sim6,357870,seen,,28b614c4df50
14927170,2026-10-06 13:21:52,actions-trading,Sim4-1,480370,skip,adx_high,2382b732db57
14927170,2026-10-06 13:21:52,actions-trading,Sim4-1,003580,skip,adx_high,3d137168eace
14927170,2026-10-06 13:21:52,actions-trading,Sim4-1,281820,skip,adx_high,65714ac02bda
14927170,2026-10-06 13:21:52,actions-trading,Sim4-1,006110,skip,adx_high,20252e6c90c8
14927170,2026-10-06 13:21:52,actions-trading,Sim4-1,000020,skip,adx_low,259bf4b470b7
14927170,2026-10-06 13:21:52,actions-trading,Sim4-1,066970,skip,adx_low,e11ebe2e9a65
14927170,2026-10-06 13:21:52,actions-trading,Sim4-1,002710,skip,held_or_cooldown,9347d26e268c
14927170,2026-10-06 13:21:52,actions-trading,Sim4-1,011070,skip,adx_low,54390193ed9b
14927170,2026-10-06 13:21:52,actions-trading,Sim4-1,007660,skip,held_or_cooldown,f2706e144d81
14927170,2026-10-06 13:21:52,actions-trading,Sim4-1,000150,skip,adx_high,9087bb4c4cf3
14927170,2026-10-06 13:21:52,actions-trading,Sim4-1,008970,skip,held_or_cooldown,2a0277776dda
14927170,2026-10-06 13:21:52,actions-trading,Sim4-1,006400,skip,adx_low,bfc8125dc493
14927170,2026-10-06 13:21:52,actions-trading,Sim4-1,336370,skip,adx_high,2b65f87a469f
14927170,2026-10-06 13:21:52,actions-trading,Sim4-1,002820,skip,amount,28e4ff9cd7a8
14927170,2026-10-06 13:21:52,actions-trading,Sim4-1,005030,skip,amount,8cf8942b4e96
14927170,2026-10-06 13:21:52,actions-trading,Sim4-1,066570,skip,adx_low,e281a319878b
14927170,2026-10-06 13:21:52,actions-trading,Sim4-1,007810,skip,adx_high,c7a91dc67a7c
14927170,2026-10-06 13:21:52,actions-trading,Sim4-1,018670,skip,period,8bf87e6d38cb
14927170,2026-10-06 13:21:52,actions-trading,Sim4-1,066575,skip,adx_high,a135e81b2216
14927170,2026-10-06 13:21:52,actions-trading,Sim4-1,000157,skip,amount,73f2f69476b5
14927170,2026-10-06 13:21:52,actions-trading,Sim4-1,020150,skip,held_or_cooldown,52f29faa2499
14927170,2026-10-06 13:21:52,actions-trading,Sim4-1,000155,skip,adx_high,1a03eec87c22
14927170,2026-10-06 13:21:52,actions-trading,Sim4-1,298020,skip,adx_high,5bdf6778c89b
14927170,2026-10-06 13:21:52,actions-trading,Sim4-1,090460,skip,period,b9c2b0ccf5af
14927170,2026-10-06 13:21:52,actions-trading,Sim4-1,063160,skip,amount,1d1c65b2ee71
14927170,2026-10-06 13:21:52,actions-trading,Sim4-1,005690,skip,period,b3abcf3b2bd0
14927170,2026-10-06 13:21:52,actions-trading,Sim4-1,006405,skip,amount,43b46ab268e0
14927170,2026-10-06 13:21:52,actions-trading,Sim4-1,353200,skip,adx_high,649f73c25796
14927170,2026-10-06 13:21:52,actions-trading,Sim4-1,009150,skip,qty_zero,f980053c7f7a
14927170,2026-10-06 13:21:52,actions-trading,Sim4-1,001250,skip,adx_high,8276720ece44
14927170,2026-10-06 13:21:53,actions-trading,선행매집,018880,skip,below_anchor,21937fd78e1b
14927170,2026-10-06 13:21:53,actions-trading,선행매집,047040,skip,below_anchor,dacf054bdfdf
14927170,2026-10-06 13:21:53,actions-trading,선행매집,007660,skip,below_anchor,f2706e144d81
14927170,2026-10-06 13:21:53,actions-trading,선행매집,066570,skip,below_anchor,e281a319878b
14927170,2026-10-06 13:21:53,actions-trading,선행매집,002710,skip,below_anchor,9347d26e268c
14927170,2026-10-06 13:21:53,actions-trading,선행매집,006800,skip,below_anchor,e1d871c4dc38
14927170,2026-10-06 13:21:53,actions-trading,선행매집,001250,skip,below_anchor,8276720ece44
14927170,2026-10-06 13:21:53,actions-trading,선행매집,009190,skip,below_anchor,ef103fd8f71b
14927170,2026-10-06 13:21:53,actions-trading,선행매집,005320,skip,amount,f36fb21d9b6b
14927170,2026-10-06 13:21:53,actions-trading,선행매집,009830,skip,below_anchor,b6898cc77902
14927170,2026-10-06 13:21:53,actions-trading,선행매집,006400,skip,below_anchor,bfc8125dc493
14927170,2026-10-06 13:21:53,actions-trading,선행매집,005690,skip,below_anchor,b3abcf3b2bd0
14927170,2026-10-06 13:21:53,actions-trading,선행매집,025560,skip,below_anchor,c4d372e648b6
14927170,2026-10-06 13:21:53,actions-trading,선행매집,336370,skip,below_anchor,2b65f87a469f
14927170,2026-10-06 13:21:53,actions-trading,선행매집,009150,skip,below_anchor,f980053c7f7a
14927170,2026-10-06 13:21:53,actions-trading,선행매집,005360,skip,amount,276ce626a515
14927170,2026-10-06 13:21:53,actions-trading,선행매집,279570,skip,below_anchor,4c9a8a7a3712
14927170,2026-10-06 13:21:53,actions-trading,선행매집,002700,skip,amount,41c91f9ca9d8
14927170,2026-10-06 13:21:53,actions-trading,선행매집,090460,skip,below_anchor,b9c2b0ccf5af
14927170,2026-10-06 13:21:53,actions-trading,선행매집,011070,skip,below_anchor,54390193ed9b
14927170,2026-10-06 13:21:53,actions-trading,선행매집,022100,skip,below_anchor,7e300eb9a8e3
14927170,2026-10-06 13:21:53,actions-trading,선행매집,010120,skip,below_anchor,4c28b26bd507
14927170,2026-10-06 13:21:53,actions-trading,선행매집,192650,skip,sold_or_cooldown,fe73027b9b87
14927170,2026-10-06 13:21:53,actions-trading,선행매집,138930,skip,below_anchor,745ef8c0f11a
14927170,2026-10-06 13:21:53,actions-trading,선행매집,066970,skip,below_anchor,e11ebe2e9a65
14927170,2026-10-06 13:21:53,actions-trading,선행매집,015760,skip,below_anchor,5ef22810e170
14927170,2026-10-06 13:21:53,actions-trading,선행매집,003620,skip,below_anchor,3c4a8836cdcd
14927170,2026-10-06 13:21:53,actions-trading,선행매집,460860,skip,below_anchor,523296f3831d
14927170,2026-10-06 13:21:53,actions-trading,선행매집,015260,skip,amount,7a794c9812b7
14927170,2026-10-06 13:21:53,actions-trading,선행매집,452260,skip,below_anchor,2503abea10ba
14927170,2026-10-06 13:21:53,actions-trading,Sim9,_gate,skip,outside_entry_window,e3b0c44298fc
14927170,2026-10-06 13:21:53,actions-trading,Sim9,480370,seen,,2382b732db57
14927170,2026-10-06 13:21:53,actions-trading,Sim9,003580,seen,,3d137168eace
14927170,2026-10-06 13:21:53,actions-trading,Sim9,281820,seen,,65714ac02bda
14927170,2026-10-06 13:21:53,actions-trading,Sim9,006110,seen,,20252e6c90c8
14927170,2026-10-06 13:21:53,actions-trading,Sim9,000020,seen,,259bf4b470b7
14927170,2026-10-06 13:21:53,actions-trading,Sim9,066970,seen,,e11ebe2e9a65
14927170,2026-10-06 13:21:53,actions-trading,Sim9,002710,seen,,9347d26e268c
14927170,2026-10-06 13:21:53,actions-trading,Sim9,011070,seen,,54390193ed9b
14927170,2026-10-06 13:21:53,actions-trading,Sim9,007660,seen,,f2706e144d81
14927170,2026-10-06 13:21:53,actions-trading,Sim9,000150,seen,,9087bb4c4cf3
14927170,2026-10-06 13:21:53,actions-trading,Sim9,008970,seen,,2a0277776dda
14927170,2026-10-06 13:21:53,actions-trading,Sim9,006400,seen,,bfc8125dc493
14927170,2026-10-06 13:21:53,actions-trading,Sim9,336370,seen,,2b65f87a469f
14927170,2026-10-06 13:21:53,actions-trading,Sim9,002820,seen,,28e4ff9cd7a8
14927170,2026-10-06 13:21:53,actions-trading,Sim9,005030,seen,,8cf8942b4e96
14927170,2026-10-06 13:21:53,actions-trading,Sim9,066570,seen,,e281a319878b
14927170,2026-10-06 13:21:53,actions-trading,Sim9,007810,seen,,c7a91dc67a7c
14927170,2026-10-06 13:21:53,actions-trading,Sim9,018670,seen,,8bf87e6d38cb
14927170,2026-10-06 13:21:53,actions-trading,Sim9,066575,seen,,a135e81b2216
14927170,2026-10-06 13:21:53,actions-trading,Sim9,000157,seen,,73f2f69476b5
14927170,2026-10-06 13:21:53,actions-trading,Sim9,020150,seen,,52f29faa2499
14927170,2026-10-06 13:21:53,actions-trading,Sim9,000155,seen,,1a03eec87c22
14927170,2026-10-06 13:21:53,actions-trading,Sim9,298020,seen,,5bdf6778c89b
14927170,2026-10-06 13:21:53,actions-trading,Sim9,090460,seen,,b9c2b0ccf5af
14927170,2026-10-06 13:21:53,actions-trading,Sim9,063160,seen,,1d1c65b2ee71
14927170,2026-10-06 13:21:53,actions-trading,Sim9,005690,seen,,b3abcf3b2bd0
14927170,2026-10-06 13:21:53,actions-trading,Sim9,006405,seen,,43b46ab268e0
14927170,2026-10-06 13:21:53,actions-trading,Sim9,353200,seen,,649f73c25796
14927170,2026-10-06 13:21:53,actions-trading,Sim9,009150,seen,,f980053c7f7a
14927170,2026-10-06 13:21:53,actions-trading,Sim9,001250,seen,,8276720ece44
14927170,2026-10-06 13:21:53,actions-trading,미너비니,192820,skip,below_pivot,cee328d62176
14927170,2026-10-06 13:21:53,actions-trading,미너비니,443060,skip,below_pivot,f170de258c5a
14927170,2026-10-06 13:21:53,actions-trading,Sim12,480370,skip,pb2_not_crashed,2382b732db57
14927170,2026-10-06 13:21:53,actions-trading,Sim12,003580,skip,pb2_not_crashed,3d137168eace
14927170,2026-10-06 13:21:53,actions-trading,Sim12,281820,skip,pb2_not_crashed,65714ac02bda
14927170,2026-10-06 13:21:53,actions-trading,Sim12,006110,skip,pb2_not_crashed,20252e6c90c8
14927170,2026-10-06 13:21:53,actions-trading,Sim12,000020,skip,pb2_not_crashed,259bf4b470b7
14927170,2026-10-06 13:21:53,actions-trading,Sim12,066970,skip,pb2_not_crashed,e11ebe2e9a65
14927170,2026-10-06 13:21:53,actions-trading,Sim12,002710,skip,avoid_frgn_sell_20d,9347d26e268c
14927170,2026-10-06 13:21:53,actions-trading,Sim12,011070,skip,avoid_orgn_sell_high_per,54390193ed9b
14927170,2026-10-06 13:21:53,actions-trading,Sim12,007660,skip,pb2_not_crashed,f2706e144d81
14927170,2026-10-06 13:21:53,actions-trading,Sim12,000150,skip,avoid_frgn_sell_20d,9087bb4c4cf3
14927170,2026-10-06 13:21:53,actions-trading,Sim12,008970,skip,pb2_not_crashed,2a0277776dda
14927170,2026-10-06 13:21:53,actions-trading,Sim12,006400,skip,pb2_not_crashed,bfc8125dc493
14927170,2026-10-06 13:21:53,actions-trading,Sim12,336370,skip,avoid_frgn_sell_20d,2b65f87a469f
14927170,2026-10-06 13:21:53,actions-trading,Sim12,002820,skip,avoid_deadcat,28e4ff9cd7a8
14927170,2026-10-06 13:21:53,actions-trading,Sim12,005030,skip,avoid_amount_dry,8cf8942b4e96
14927170,2026-10-06 13:21:53,actions-trading,Sim12,066570,skip,pb2_not_crashed,e281a319878b
14927170,2026-10-06 13:21:53,actions-trading,Sim12,007810,skip,pb2_not_crashed,c7a91dc67a7c
14927170,2026-10-06 13:21:53,actions-trading,Sim12,018670,skip,avoid_frgn_sell_20d,8bf87e6d38cb
14927170,2026-10-06 13:21:53,actions-trading,Sim12,066575,skip,pb2_not_crashed,a135e81b2216
14927170,2026-10-06 13:21:53,actions-trading,Sim12,000157,skip,pb2_thin_liquidity,73f2f69476b5
14927170,2026-10-06 13:21:53,actions-trading,Sim12,020150,skip,avoid_frgn_sell_20d,52f29faa2499
14927170,2026-10-06 13:21:53,actions-trading,Sim12,000155,skip,pb2_thin_liquidity,1a03eec87c22
14927170,2026-10-06 13:21:53,actions-trading,Sim12,298020,skip,avoid_orgn_sell_high_per,5bdf6778c89b
14927170,2026-10-06 13:21:53,actions-trading,Sim12,090460,skip,pb2_not_crashed,b9c2b0ccf5af
14927170,2026-10-06 13:21:53,actions-trading,Sim12,063160,skip,avoid_frgn_sell_20d,1d1c65b2ee71
14927170,2026-10-06 13:21:53,actions-trading,Sim12,005690,skip,pb2_not_crashed,b3abcf3b2bd0
14927170,2026-10-06 13:21:53,actions-trading,Sim12,006405,skip,pb2_not_crashed,43b46ab268e0
14927170,2026-10-06 13:21:53,actions-trading,Sim12,353200,skip,avoid_orgn_sell_high_per,649f73c25796
14927170,2026-10-06 13:21:53,actions-trading,Sim12,009150,skip,pb2_not_crashed,f980053c7f7a
14927170,2026-10-06 13:21:53,actions-trading,Sim12,001250,skip,pb2_not_crashed,8276720ece44
14927170,2026-10-06 13:21:53,actions-trading,Sim12,005110,skip,avoid_amount_dry,914b6555b8ba
14927170,2026-10-06 13:21:53,actions-trading,Sim12,015260,skip,pb2_no_inst_buying,7a794c9812b7
14927170,2026-10-06 13:21:53,actions-trading,Sim12,020120,skip,pb2_not_crashed,8e0e60f3576f
14927170,2026-10-06 13:21:53,actions-trading,Sim12,004920,skip,pb2_not_crashed,c285b92b2449
14927170,2026-10-06 13:21:53,actions-trading,Sim12,001525,skip,avoid_amount_dry,65967eaa8037
14927170,2026-10-06 13:21:53,actions-trading,Sim12,003010,skip,pb2_not_crashed,833d0bc6d2a4
14927170,2026-10-06 13:21:53,actions-trading,Sim12,014915,skip,pb2_not_crashed,349afb6fc194
14927170,2026-10-06 13:21:53,actions-trading,Sim12,079550,skip,pb2_not_crashed,60fadfc0f4f8
14927170,2026-10-06 13:21:53,actions-trading,Sim12,002870,skip,avoid_frgn_sell_20d,226f2773743c
14927170,2026-10-06 13:21:53,actions-trading,Sim12,044820,skip,avoid_frgn_sell_20d,832a60ed77ae
14927170,2026-10-06 13:21:53,actions-trading,Sim12,003350,skip,avoid_amount_dry,8c54ac81de73
14927170,2026-10-06 13:21:53,actions-trading,Sim12,001380,skip,avoid_frgn_sell_20d,bad72d6863c1
14927170,2026-10-06 13:21:53,actions-trading,Sim12,084680,skip,avoid_frgn_sell_20d,3314cf7ed7b5
14927170,2026-10-06 13:21:53,actions-trading,Sim12,465770,skip,avoid_amount_dry,2a9a493f8bb6
14927170,2026-10-06 13:21:53,actions-trading,Sim12,002787,skip,avoid_amount_dry,edd7a384e62b
14927170,2026-10-06 13:21:53,actions-trading,Sim12,002785,skip,pb2_no_inst_buying,e4fdd2ca22c5
14927170,2026-10-06 13:21:53,actions-trading,Sim12,051630,skip,avoid_amount_dry,fa40e34046f1
14927170,2026-10-06 13:21:53,actions-trading,Sim12,036570,skip,pb2_not_crashed,bb49ae8997e5
14927170,2026-10-06 13:21:53,actions-trading,Sim12,003570,skip,avoid_frgn_sell_20d,70558f1d543e
14927170,2026-10-06 13:21:53,actions-trading,Sim12,071950,skip,pb2_no_inst_buying,5d8b71fe3085
14927170,2026-10-06 13:21:53,actions-trading,Sim12,443060,skip,avoid_amount_dry,f170de258c5a
14927170,2026-10-06 13:21:53,actions-trading,Sim12,100840,skip,avoid_amount_dry,1693b266e53d
14927170,2026-10-06 13:21:53,actions-trading,Sim12,109070,skip,pb2_not_crashed,68824a185d8d
14927170,2026-10-06 13:21:53,actions-trading,Sim12,005880,skip,pb2_not_crashed,534c6c5682a9
14927170,2026-10-06 13:21:53,actions-trading,Sim12,027740,skip,avoid_frgn_sell_20d,7abb85ed41b7
14927170,2026-10-06 13:21:53,actions-trading,Sim12,011300,skip,avoid_amount_dry,3c7603c68a00
14927170,2026-10-06 13:21:53,actions-trading,Sim12,010640,skip,avoid_amount_dry,f54817d75b54
14927170,2026-10-06 13:21:53,actions-trading,Sim12,064350,skip,avoid_frgn_sell_20d,dac78d8e7b16
14927170,2026-10-06 13:21:53,actions-trading,Sim12,088790,skip,avoid_amount_dry,95fb64050935
14927170,2026-10-06 13:21:53,actions-trading,Sim12,026960,skip,pb2_not_crashed,8ff7b06239d1
14927170,2026-10-06 13:21:53,actions-trading,Sim13,480370,skip,no_frgn_support,2382b732db57
14927170,2026-10-06 13:21:53,actions-trading,Sim13,003580,skip,theme_momentum_weak,3d137168eace
14927170,2026-10-06 13:21:53,actions-trading,Sim13,281820,skip,no_frgn_support,65714ac02bda
14927170,2026-10-06 13:21:53,actions-trading,Sim13,006110,skip,theme_momentum_weak,20252e6c90c8
14927170,2026-10-06 13:21:53,actions-trading,Sim13,000020,skip,theme_momentum_weak,259bf4b470b7
14927170,2026-10-06 13:21:53,actions-trading,Sim13,066970,skip,theme_momentum_weak,e11ebe2e9a65
14927170,2026-10-06 13:21:53,actions-trading,Sim13,002710,skip,adx_weak,9347d26e268c
14927170,2026-10-06 13:21:53,actions-trading,Sim13,011070,skip,theme_momentum_weak,54390193ed9b
14927170,2026-10-06 13:21:53,actions-trading,Sim13,007660,skip,adx_weak,f2706e144d81
14927170,2026-10-06 13:21:53,actions-trading,Sim13,000150,skip,adx_weak,9087bb4c4cf3
14927170,2026-10-06 13:21:53,actions-trading,Sim13,008970,skip,adx_weak,2a0277776dda
14927170,2026-10-06 13:21:53,actions-trading,Sim13,006400,skip,theme_momentum_weak,bfc8125dc493
14927170,2026-10-06 13:21:53,actions-trading,Sim13,336370,skip,adx_weak,2b65f87a469f
14927170,2026-10-06 13:21:53,actions-trading,Sim13,002820,skip,theme_momentum_weak,28e4ff9cd7a8
14927170,2026-10-06 13:21:53,actions-trading,Sim13,005030,skip,theme_momentum_weak,8cf8942b4e96
14927170,2026-10-06 13:21:53,actions-trading,Sim13,066570,skip,theme_momentum_weak,e281a319878b
14927170,2026-10-06 13:21:53,actions-trading,Sim13,007810,skip,amount_not_surprised,c7a91dc67a7c
14927170,2026-10-06 13:21:53,actions-trading,Sim13,018670,skip,theme_momentum_weak,8bf87e6d38cb
14927170,2026-10-06 13:21:53,actions-trading,Sim13,066575,skip,theme_momentum_weak,a135e81b2216
14927170,2026-10-06 13:21:53,actions-trading,Sim13,000157,skip,theme_momentum_weak,73f2f69476b5
14927170,2026-10-06 13:21:53,actions-trading,Sim13,020150,skip,no_frgn_support,52f29faa2499
14927170,2026-10-06 13:21:53,actions-trading,Sim13,000155,skip,theme_momentum_weak,1a03eec87c22
14927170,2026-10-06 13:21:53,actions-trading,Sim13,298020,skip,theme_momentum_weak,5bdf6778c89b
14927170,2026-10-06 13:21:53,actions-trading,Sim13,090460,skip,theme_momentum_weak,b9c2b0ccf5af
14927170,2026-10-06 13:21:53,actions-trading,Sim13,063160,skip,theme_momentum_weak,1d1c65b2ee71
14927170,2026-10-06 13:21:53,actions-trading,Sim13,005690,skip,adx_weak,b3abcf3b2bd0
14927170,2026-10-06 13:21:53,actions-trading,Sim13,006405,skip,theme_momentum_weak,43b46ab268e0
14927170,2026-10-06 13:21:53,actions-trading,Sim13,353200,skip,amount_not_surprised,649f73c25796
14927170,2026-10-06 13:21:53,actions-trading,Sim13,009150,skip,adx_weak,f980053c7f7a
14927170,2026-10-06 13:21:53,actions-trading,Sim13,001250,skip,theme_momentum_weak,8276720ece44
14927170,2026-10-06 13:21:53,actions-trading,Sim14,_gate,skip,regime_blocked,e3b0c44298fc
14927170,2026-10-06 13:21:53,actions-trading,Sim15,_gate,skip,already_rebalanced,e3b0c44298fc
14927170,2026-10-06 13:21:53,actions-trading,Sim15,069500,seen,,e1df362b6aaa
14927170,2026-10-06 13:21:53,actions-trading,Sim15,133690,seen,,53330a24fb6b
14927170,2026-10-06 13:21:53,actions-trading,Sim15,148070,seen,,02212b433063
14927170,2026-10-06 13:21:53,actions-trading,Sim16,_gate,skip,already_rebalanced,e3b0c44298fc
14927170,2026-10-06 13:21:53,actions-trading,Sim16,122630,seen,,922e7e454e1c
14927170,2026-10-06 13:21:53,actions-trading,Sim16,418660,seen,,5f6420a7510a
14927170,2026-10-06 13:21:53,actions-trading,Sim16,148070,seen,,02212b433063
14927171,2026-10-06 13:22:47,actions-trading,Sim3,402340,skip,qty_zero,7bdd558ab058
14927171,2026-10-06 13:22:47,actions-trading,Sim3,383800,skip,amount,a48bc87259bf
14927171,2026-10-06 13:22:47,actions-trading,Sim3,462870,skip,amount,39fe315ba275
14927171,2026-10-06 13:22:47,actions-trading,Sim3,000660,skip,qty_zero,15168ef7293e
14927171,2026-10-06 13:22:47,actions-trading,Sim3,071970,skip,cooldown,5e14591356f4
14927171,2026-10-06 13:22:47,actions-trading,Sim3,042700,skip,not_cheap,348ca1db8307
14927171,2026-10-06 13:22:47,actions-trading,Sim3,326030,skip,cooldown,0ebda1ad370a
14927171,2026-10-06 13:22:47,actions-trading,Sim3,207940,skip,not_cheap,4dea2b00a076
14927171,2026-10-06 13:22:47,actions-trading,Sim3,033920,skip,amount,1f4707df7980
14927171,2026-10-06 13:22:47,actions-trading,Sim3,004770,skip,amount,d48409a93513
14927171,2026-10-06 13:22:47,actions-trading,Sim3,0126Z0,skip,not_cheap,31035d902276
14927171,2026-10-06 13:22:47,actions-trading,Sim3,062040,skip,not_cheap,ba5ccc875289
14927171,2026-10-06 13:22:47,actions-trading,Sim3,317450,skip,amount,85126f4dac4e
14927171,2026-10-06 13:22:47,actions-trading,Sim3,026960,skip,amount,ea3dfa283036
14927171,2026-10-06 13:22:47,actions-trading,Sim3,021820,skip,amount,4eca82215890
14927171,2026-10-06 13:22:47,actions-trading,Sim3,192080,skip,amount,f176f2cb6dce
14927171,2026-10-06 13:22:47,actions-trading,Sim3,068270,skip,cooldown,fae28459b001
14927171,2026-10-06 13:22:47,actions-trading,Sim3,123890,skip,amount,54279e3faed7
14927171,2026-10-06 13:22:47,actions-trading,Sim3,000240,skip,amount,4f57be5389b8
14927171,2026-10-06 13:22:47,actions-trading,Sim3,002380,skip,amount,8f2f200b8413
14927171,2026-10-06 13:22:47,actions-trading,Sim3,009770,skip,amount,01a28af7b427
14927171,2026-10-06 13:22:47,actions-trading,Sim3,259960,skip,cooldown,689a59508021
14927171,2026-10-06 13:22:47,actions-trading,Sim3,035250,skip,amount,fc393f1704a1
14927171,2026-10-06 13:22:47,actions-trading,Sim3,383220,skip,amount,c5d927ef033d
14927171,2026-10-06 13:22:47,actions-trading,Sim3,226320,skip,amount,4d5e3810c3b7
14927171,2026-10-06 13:22:47,actions-trading,Sim3,439260,skip,amount,4a2b09a60a55
14927171,2026-10-06 13:22:47,actions-trading,Sim3,025560,skip,cooldown,9853a62cba00
14927171,2026-10-06 13:22:47,actions-trading,Sim3,007700,skip,amount,34da42f3afa3
14927171,2026-10-06 13:22:47,actions-trading,Sim3,278470,skip,not_cheap,5b180313c51f
14927171,2026-10-06 13:22:47,actions-trading,Sim3,000990,skip,not_cheap,f4f35b7706d8
14927171,2026-10-06 13:23:29,actions-trading,MFHS2,018880,skip,max_holdings,9ed2dca207de
14927171,2026-10-06 13:23:29,actions-trading,MFHS2,047040,seen,,f080727f4d14
14927171,2026-10-06 13:23:29,actions-trading,MFHS2,007660,seen,,c622b19e2b73
14927171,2026-10-06 13:23:29,actions-trading,MFHS2,066570,seen,,f5f3ee39afb9
14927171,2026-10-06 13:23:29,actions-trading,MFHS2,009190,seen,,77b2bc31acb7
14927171,2026-10-06 13:23:29,actions-trading,MFHS2,002710,seen,,8c17ddaa66be
14927171,2026-10-06 13:23:29,actions-trading,MFHS2,005690,seen,,3843c619dc57
14927171,2026-10-06 13:23:29,actions-trading,MFHS2,025560,seen,,876d35dcc96f
14927171,2026-10-06 13:23:29,actions-trading,MFHS2,005360,seen,,26175ef96853
14927171,2026-10-06 13:23:29,actions-trading,MFHS2,009830,seen,,a3a37ccee7b1
14927171,2026-10-06 13:23:29,actions-trading,MFHS2,006400,seen,,59fec40c46f6
14927171,2026-10-06 13:23:29,actions-trading,MFHS2,002700,seen,,e6305a65b78c
14927171,2026-10-06 13:23:29,actions-trading,MFHS2,279570,seen,,8307e3776e59
14927171,2026-10-06 13:23:29,actions-trading,MFHS2,138930,seen,,52f63e807d63
14927171,2026-10-06 13:23:29,actions-trading,MFHS2,090460,seen,,1b83dd60446d
14927171,2026-10-06 13:23:29,actions-trading,MFHS2,009150,seen,,6001d25bf841
14927171,2026-10-06 13:23:29,actions-trading,MFHS2,317400,seen,,9b22505a4b58
14927171,2026-10-06 13:23:29,actions-trading,MFHS2,460860,seen,,6404c13d6280
14927171,2026-10-06 13:23:29,actions-trading,MFHS2,006800,seen,,6e49dc4629d5
14927171,2026-10-06 13:23:29,actions-trading,MFHS2,010120,seen,,15f3dc019c84
14927171,2026-10-06 13:23:29,actions-trading,MFHS2,011070,seen,,a777358c65bd
14927171,2026-10-06 13:23:29,actions-trading,MFHS2,022100,seen,,72dac0ab6130
14927171,2026-10-06 13:23:29,actions-trading,MFHS2,003620,seen,,76b90ad5e093
14927171,2026-10-06 13:23:29,actions-trading,MFHS2,015260,seen,,7a794c9812b7
14927171,2026-10-06 13:23:29,actions-trading,MFHS2,452260,seen,,768580638bf6
14927171,2026-10-06 13:23:29,actions-trading,MFHS2,001230,seen,,c4bc3849183b
14927171,2026-10-06 13:23:29,actions-trading,MFHS2,066970,seen,,50b12527add8
14927171,2026-10-06 13:23:29,actions-trading,MFHS2,066575,seen,,cc51d8b93663
14927171,2026-10-06 13:23:29,actions-trading,MFHS2,004020,seen,,c86fa98340a8
14927171,2026-10-06 13:23:29,actions-trading,MFHS2,002990,seen,,e2ec2cfffe87
14927171,2026-10-06 13:23:30,actions-trading,상승모멘텀,480370,skip,adx_high,9103b6a4d1d5
14927171,2026-10-06 13:23:30,actions-trading,상승모멘텀,003580,skip,adx_high,0c71181c0634
14927171,2026-10-06 13:23:30,actions-trading,상승모멘텀,281820,skip,adx_high,da628dd8508e
14927171,2026-10-06 13:23:30,actions-trading,상승모멘텀,006110,skip,adx_high,5a0dd79b3dbc
14927171,2026-10-06 13:23:30,actions-trading,상승모멘텀,066970,skip,adx_low,50b12527add8
14927171,2026-10-06 13:23:30,actions-trading,상승모멘텀,002710,skip,tick,8c17ddaa66be
14927171,2026-10-06 13:23:30,actions-trading,상승모멘텀,011070,skip,adx_low,a777358c65bd
14927171,2026-10-06 13:23:30,actions-trading,상승모멘텀,000150,skip,adx_high,ec18fc033b05
14927171,2026-10-06 13:23:30,actions-trading,상승모멘텀,007660,skip,held_or_sold_today,c622b19e2b73
14927171,2026-10-06 13:23:30,actions-trading,상승모멘텀,008970,skip,tick,3ac90fb28fa8
14927171,2026-10-06 13:23:30,actions-trading,상승모멘텀,006400,skip,adx_low,59fec40c46f6
14927171,2026-10-06 13:23:30,actions-trading,상승모멘텀,000020,skip,adx_low,62bfa4f7029c
14927171,2026-10-06 13:23:30,actions-trading,상승모멘텀,336370,skip,adx_high,842fe540ea94
14927171,2026-10-06 13:23:30,actions-trading,상승모멘텀,002820,skip,amount,28e4ff9cd7a8
14927171,2026-10-06 13:23:30,actions-trading,상승모멘텀,005030,skip,amount,8cf8942b4e96
14927171,2026-10-06 13:23:30,actions-trading,상승모멘텀,066570,skip,adx_low,f5f3ee39afb9
14927171,2026-10-06 13:23:30,actions-trading,상승모멘텀,007810,skip,adx_high,6c245ade798b
14927171,2026-10-06 13:23:30,actions-trading,상승모멘텀,066575,skip,adx_high,cc51d8b93663
14927171,2026-10-06 13:23:30,actions-trading,상승모멘텀,018670,skip,period,d83d504280a2
14927171,2026-10-06 13:23:30,actions-trading,상승모멘텀,000157,skip,amount,73f2f69476b5
14927171,2026-10-06 13:23:30,actions-trading,상승모멘텀,020150,skip,held_or_sold_today,753cbf4cc42c
14927171,2026-10-06 13:23:30,actions-trading,상승모멘텀,000155,skip,adx_high,d364a5d6193e
14927171,2026-10-06 13:23:30,actions-trading,상승모멘텀,090460,skip,period,1b83dd60446d
14927171,2026-10-06 13:23:30,actions-trading,상승모멘텀,005690,skip,period,3843c619dc57
14927171,2026-10-06 13:23:30,actions-trading,상승모멘텀,298020,skip,adx_high,334de4b23557
14927171,2026-10-06 13:23:30,actions-trading,상승모멘텀,353200,skip,adx_high,2b38d5e9a2fa
14927171,2026-10-06 13:23:30,actions-trading,상승모멘텀,063160,skip,amount,8b1129ad03b9
14927171,2026-10-06 13:23:30,actions-trading,상승모멘텀,006405,skip,amount,f2d2f1307c7c
14927171,2026-10-06 13:23:30,actions-trading,상승모멘텀,008730,skip,amount,ada89286964c
14927171,2026-10-06 13:23:30,actions-trading,상승모멘텀,373220,skip,period,c39ebbec092a
14927171,2026-10-06 13:23:30,actions-trading,Sim6,_gate,skip,already_rebalanced,e3b0c44298fc
14927171,2026-10-06 13:23:30,actions-trading,Sim6,069500,seen,,a401a213ba12
14927171,2026-10-06 13:23:30,actions-trading,Sim6,360750,seen,,94b74ac3c773
14927171,2026-10-06 13:23:30,actions-trading,Sim6,148070,seen,,2ecf1d48b5e0
14927171,2026-10-06 13:23:30,actions-trading,Sim6,411060,seen,,e2d6cc0b0670
14927171,2026-10-06 13:23:30,actions-trading,Sim6,305080,seen,,b95a84e8aa7a
14927171,2026-10-06 13:23:30,actions-trading,Sim6,357870,seen,,2daf87efa228
14927171,2026-10-06 13:23:31,actions-trading,Sim4-1,480370,skip,adx_high,9103b6a4d1d5
14927171,2026-10-06 13:23:31,actions-trading,Sim4-1,003580,skip,adx_high,0c71181c0634
14927171,2026-10-06 13:23:31,actions-trading,Sim4-1,281820,skip,adx_high,da628dd8508e
14927171,2026-10-06 13:23:31,actions-trading,Sim4-1,006110,skip,adx_high,5a0dd79b3dbc
14927171,2026-10-06 13:23:31,actions-trading,Sim4-1,066970,skip,adx_low,50b12527add8
14927171,2026-10-06 13:23:31,actions-trading,Sim4-1,002710,skip,held_or_cooldown,8c17ddaa66be
14927171,2026-10-06 13:23:31,actions-trading,Sim4-1,011070,skip,adx_low,a777358c65bd
14927171,2026-10-06 13:23:31,actions-trading,Sim4-1,000150,skip,adx_high,ec18fc033b05
14927171,2026-10-06 13:23:31,actions-trading,Sim4-1,007660,skip,held_or_cooldown,c622b19e2b73
14927171,2026-10-06 13:23:31,actions-trading,Sim4-1,008970,skip,held_or_cooldown,3ac90fb28fa8
14927171,2026-10-06 13:23:31,actions-trading,Sim4-1,006400,skip,adx_low,59fec40c46f6
14927171,2026-10-06 13:23:31,actions-trading,Sim4-1,000020,skip,adx_low,62bfa4f7029c
14927171,2026-10-06 13:23:31,actions-trading,Sim4-1,336370,skip,adx_high,842fe540ea94
14927171,2026-10-06 13:23:31,actions-trading,Sim4-1,002820,skip,amount,28e4ff9cd7a8
14927171,2026-10-06 13:23:31,actions-trading,Sim4-1,005030,skip,amount,8cf8942b4e96
14927171,2026-10-06 13:23:31,actions-trading,Sim4-1,066570,skip,adx_low,f5f3ee39afb9
14927171,2026-10-06 13:23:31,actions-trading,Sim4-1,007810,skip,adx_high,6c245ade798b
14927171,2026-10-06 13:23:31,actions-trading,Sim4-1,066575,skip,adx_high,cc51d8b93663
14927171,2026-10-06 13:23:31,actions-trading,Sim4-1,018670,skip,period,d83d504280a2
14927171,2026-10-06 13:23:31,actions-trading,Sim4-1,000157,skip,amount,73f2f69476b5
14927171,2026-10-06 13:23:31,actions-trading,Sim4-1,020150,skip,held_or_cooldown,753cbf4cc42c
14927171,2026-10-06 13:23:31,actions-trading,Sim4-1,000155,skip,adx_high,d364a5d6193e
14927171,2026-10-06 13:23:31,actions-trading,Sim4-1,090460,skip,period,1b83dd60446d
14927171,2026-10-06 13:23:31,actions-trading,Sim4-1,005690,skip,period,3843c619dc57
14927171,2026-10-06 13:23:31,actions-trading,Sim4-1,298020,skip,adx_high,334de4b23557
14927171,2026-10-06 13:23:31,actions-trading,Sim4-1,353200,skip,adx_high,2b38d5e9a2fa
14927171,2026-10-06 13:23:31,actions-trading,Sim4-1,063160,skip,amount,8b1129ad03b9
14927171,2026-10-06 13:23:31,actions-trading,Sim4-1,006405,skip,amount,f2d2f1307c7c
14927171,2026-10-06 13:23:31,actions-trading,Sim4-1,008730,skip,amount,ada89286964c
14927171,2026-10-06 13:23:31,actions-trading,Sim4-1,373220,skip,period,c39ebbec092a
14927171,2026-10-06 13:23:34,actions-trading,선행매집,018880,skip,below_anchor,9ed2dca207de
14927171,2026-10-06 13:23:34,actions-trading,선행매집,047040,skip,below_anchor,f080727f4d14
14927171,2026-10-06 13:23:34,actions-trading,선행매집,007660,skip,below_anchor,c622b19e2b73
14927171,2026-10-06 13:23:34,actions-trading,선행매집,066570,skip,below_anchor,f5f3ee39afb9
14927171,2026-10-06 13:23:34,actions-trading,선행매집,002710,skip,below_anchor,8c17ddaa66be
14927171,2026-10-06 13:23:34,actions-trading,선행매집,006800,skip,below_anchor,6e49dc4629d5
14927171,2026-10-06 13:23:34,actions-trading,선행매집,001250,skip,below_anchor,cbf9c595455a
14927171,2026-10-06 13:23:34,actions-trading,선행매집,009190,skip,below_anchor,77b2bc31acb7
14927171,2026-10-06 13:23:34,actions-trading,선행매집,005320,skip,amount,f6daf5144b33
14927171,2026-10-06 13:23:34,actions-trading,선행매집,009830,skip,below_anchor,a3a37ccee7b1
14927171,2026-10-06 13:23:34,actions-trading,선행매집,006400,skip,below_anchor,59fec40c46f6
14927171,2026-10-06 13:23:34,actions-trading,선행매집,005690,skip,below_anchor,3843c619dc57
14927171,2026-10-06 13:23:34,actions-trading,선행매집,025560,skip,below_anchor,876d35dcc96f
14927171,2026-10-06 13:23:34,actions-trading,선행매집,336370,skip,below_anchor,842fe540ea94
14927171,2026-10-06 13:23:34,actions-trading,선행매집,009150,skip,below_anchor,6001d25bf841
14927171,2026-10-06 13:23:34,actions-trading,선행매집,005360,skip,amount,26175ef96853
14927171,2026-10-06 13:23:34,actions-trading,선행매집,279570,skip,below_anchor,8307e3776e59
14927171,2026-10-06 13:23:34,actions-trading,선행매집,002700,skip,amount,e6305a65b78c
14927171,2026-10-06 13:23:34,actions-trading,선행매집,090460,skip,below_anchor,1b83dd60446d
14927171,2026-10-06 13:23:34,actions-trading,선행매집,011070,skip,below_anchor,a777358c65bd
14927171,2026-10-06 13:23:34,actions-trading,선행매집,022100,skip,below_anchor,72dac0ab6130
14927171,2026-10-06 13:23:34,actions-trading,선행매집,010120,skip,below_anchor,15f3dc019c84
14927171,2026-10-06 13:23:34,actions-trading,선행매집,192650,skip,sold_or_cooldown,ed446af65716
14927171,2026-10-06 13:23:34,actions-trading,선행매집,138930,skip,below_anchor,52f63e807d63
14927171,2026-10-06 13:23:34,actions-trading,선행매집,066970,skip,below_anchor,50b12527add8
14927171,2026-10-06 13:23:34,actions-trading,선행매집,015760,skip,below_anchor,2b26ce6aff73
14927171,2026-10-06 13:23:34,actions-trading,선행매집,003620,skip,below_anchor,76b90ad5e093
14927171,2026-10-06 13:23:34,actions-trading,선행매집,460860,skip,below_anchor,6404c13d6280
14927171,2026-10-06 13:23:34,actions-trading,선행매집,015260,skip,amount,7a794c9812b7
14927171,2026-10-06 13:23:34,actions-trading,선행매집,452260,skip,below_anchor,768580638bf6
14927171,2026-10-06 13:23:34,actions-trading,Sim9,_gate,skip,outside_entry_window,e3b0c44298fc
14927171,2026-10-06 13:23:34,actions-trading,Sim9,480370,seen,,9103b6a4d1d5
14927171,2026-10-06 13:23:34,actions-trading,Sim9,003580,seen,,0c71181c0634
14927171,2026-10-06 13:23:34,actions-trading,Sim9,281820,seen,,da628dd8508e
14927171,2026-10-06 13:23:34,actions-trading,Sim9,006110,seen,,5a0dd79b3dbc
14927171,2026-10-06 13:23:34,actions-trading,Sim9,066970,seen,,50b12527add8
14927171,2026-10-06 13:23:34,actions-trading,Sim9,002710,seen,,8c17ddaa66be
14927171,2026-10-06 13:23:34,actions-trading,Sim9,011070,seen,,a777358c65bd
14927171,2026-10-06 13:23:34,actions-trading,Sim9,000150,seen,,ec18fc033b05
14927171,2026-10-06 13:23:34,actions-trading,Sim9,007660,seen,,c622b19e2b73
14927171,2026-10-06 13:23:34,actions-trading,Sim9,008970,seen,,3ac90fb28fa8
14927171,2026-10-06 13:23:34,actions-trading,Sim9,006400,seen,,59fec40c46f6
14927171,2026-10-06 13:23:34,actions-trading,Sim9,000020,seen,,62bfa4f7029c
14927171,2026-10-06 13:23:34,actions-trading,Sim9,336370,seen,,842fe540ea94
14927171,2026-10-06 13:23:34,actions-trading,Sim9,002820,seen,,28e4ff9cd7a8
14927171,2026-10-06 13:23:34,actions-trading,Sim9,005030,seen,,8cf8942b4e96
14927171,2026-10-06 13:23:34,actions-trading,Sim9,066570,seen,,f5f3ee39afb9
14927171,2026-10-06 13:23:34,actions-trading,Sim9,007810,seen,,6c245ade798b
14927171,2026-10-06 13:23:34,actions-trading,Sim9,066575,seen,,cc51d8b93663
14927171,2026-10-06 13:23:34,actions-trading,Sim9,018670,seen,,d83d504280a2
14927171,2026-10-06 13:23:34,actions-trading,Sim9,000157,seen,,73f2f69476b5
14927171,2026-10-06 13:23:34,actions-trading,Sim9,020150,seen,,753cbf4cc42c
14927171,2026-10-06 13:23:34,actions-trading,Sim9,000155,seen,,d364a5d6193e
14927171,2026-10-06 13:23:34,actions-trading,Sim9,090460,seen,,1b83dd60446d
14927171,2026-10-06 13:23:34,actions-trading,Sim9,005690,seen,,3843c619dc57
14927171,2026-10-06 13:23:34,actions-trading,Sim9,298020,seen,,334de4b23557
14927171,2026-10-06 13:23:34,actions-trading,Sim9,353200,seen,,2b38d5e9a2fa
14927171,2026-10-06 13:23:34,actions-trading,Sim9,063160,seen,,8b1129ad03b9
14927171,2026-10-06 13:23:34,actions-trading,Sim9,006405,seen,,f2d2f1307c7c
14927171,2026-10-06 13:23:34,actions-trading,Sim9,008730,seen,,ada89286964c
14927171,2026-10-06 13:23:34,actions-trading,Sim9,373220,seen,,c39ebbec092a
14927171,2026-10-06 13:23:34,actions-trading,미너비니,192820,skip,below_pivot,0ef8d4684f56
14927171,2026-10-06 13:23:34,actions-trading,미너비니,443060,skip,below_pivot,89be1fe5a3b4
14927171,2026-10-06 13:23:34,actions-trading,Sim12,480370,skip,pb2_not_crashed,9103b6a4d1d5
14927171,2026-10-06 13:23:34,actions-trading,Sim12,003580,skip,pb2_not_crashed,0c71181c0634
14927171,2026-10-06 13:23:34,actions-trading,Sim12,281820,skip,pb2_not_crashed,da628dd8508e
14927171,2026-10-06 13:23:34,actions-trading,Sim12,006110,skip,pb2_not_crashed,5a0dd79b3dbc
14927171,2026-10-06 13:23:34,actions-trading,Sim12,066970,skip,pb2_not_crashed,50b12527add8
14927171,2026-10-06 13:23:34,actions-trading,Sim12,002710,skip,avoid_frgn_sell_20d,8c17ddaa66be
14927171,2026-10-06 13:23:34,actions-trading,Sim12,011070,skip,avoid_orgn_sell_high_per,a777358c65bd
14927171,2026-10-06 13:23:34,actions-trading,Sim12,000150,skip,avoid_frgn_sell_20d,ec18fc033b05
14927171,2026-10-06 13:23:34,actions-trading,Sim12,007660,skip,pb2_not_crashed,c622b19e2b73
14927171,2026-10-06 13:23:34,actions-trading,Sim12,008970,skip,pb2_not_crashed,3ac90fb28fa8
14927171,2026-10-06 13:23:34,actions-trading,Sim12,006400,skip,pb2_not_crashed,59fec40c46f6
14927171,2026-10-06 13:23:34,actions-trading,Sim12,000020,skip,pb2_not_crashed,62bfa4f7029c
14927171,2026-10-06 13:23:34,actions-trading,Sim12,336370,skip,avoid_frgn_sell_20d,842fe540ea94
14927171,2026-10-06 13:23:34,actions-trading,Sim12,002820,skip,avoid_deadcat,28e4ff9cd7a8
14927171,2026-10-06 13:23:34,actions-trading,Sim12,005030,skip,avoid_amount_dry,8cf8942b4e96
14927171,2026-10-06 13:23:34,actions-trading,Sim12,066570,skip,pb2_not_crashed,f5f3ee39afb9
14927171,2026-10-06 13:23:34,actions-trading,Sim12,007810,skip,pb2_not_crashed,6c245ade798b
14927171,2026-10-06 13:23:34,actions-trading,Sim12,066575,skip,pb2_not_crashed,cc51d8b93663
14927171,2026-10-06 13:23:34,actions-trading,Sim12,018670,skip,avoid_frgn_sell_20d,d83d504280a2
14927171,2026-10-06 13:23:34,actions-trading,Sim12,000157,skip,pb2_thin_liquidity,73f2f69476b5
14927171,2026-10-06 13:23:34,actions-trading,Sim12,020150,skip,avoid_frgn_sell_20d,753cbf4cc42c
14927171,2026-10-06 13:23:34,actions-trading,Sim12,000155,skip,pb2_thin_liquidity,d364a5d6193e
14927171,2026-10-06 13:23:34,actions-trading,Sim12,090460,skip,pb2_not_crashed,1b83dd60446d
14927171,2026-10-06 13:23:34,actions-trading,Sim12,005690,skip,pb2_not_crashed,3843c619dc57
14927171,2026-10-06 13:23:34,actions-trading,Sim12,298020,skip,avoid_orgn_sell_high_per,334de4b23557
14927171,2026-10-06 13:23:34,actions-trading,Sim12,353200,skip,avoid_orgn_sell_high_per,2b38d5e9a2fa
14927171,2026-10-06 13:23:34,actions-trading,Sim12,063160,skip,avoid_frgn_sell_20d,8b1129ad03b9
14927171,2026-10-06 13:23:34,actions-trading,Sim12,006405,skip,pb2_not_crashed,f2d2f1307c7c
14927171,2026-10-06 13:23:34,actions-trading,Sim12,008730,skip,pb2_not_crashed,ada89286964c
14927171,2026-10-06 13:23:34,actions-trading,Sim12,373220,skip,pb2_not_crashed,c39ebbec092a
14927171,2026-10-06 13:23:34,actions-trading,Sim12,005110,skip,avoid_amount_dry,914b6555b8ba
14927171,2026-10-06 13:23:34,actions-trading,Sim12,015260,skip,pb2_no_inst_buying,7a794c9812b7
14927171,2026-10-06 13:23:34,actions-trading,Sim12,020120,skip,pb2_not_crashed,e660d57f55d3
14927171,2026-10-06 13:23:34,actions-trading,Sim12,004920,skip,pb2_not_crashed,564c5a8dada1
14927171,2026-10-06 13:23:34,actions-trading,Sim12,001525,skip,avoid_amount_dry,65967eaa8037
14927171,2026-10-06 13:23:34,actions-trading,Sim12,003010,skip,pb2_not_crashed,82d97fb3d69c
14927171,2026-10-06 13:23:34,actions-trading,Sim12,014915,skip,pb2_not_crashed,349afb6fc194
14927171,2026-10-06 13:23:34,actions-trading,Sim12,079550,skip,pb2_not_crashed,19df70d3e3fe
14927171,2026-10-06 13:23:34,actions-trading,Sim12,002870,skip,avoid_frgn_sell_20d,e589eb8f1a7c
14927171,2026-10-06 13:23:34,actions-trading,Sim12,001380,skip,avoid_frgn_sell_20d,9c10996b0e90
14927171,2026-10-06 13:23:34,actions-trading,Sim12,003350,skip,avoid_amount_dry,d0cb955bb71e
14927171,2026-10-06 13:23:34,actions-trading,Sim12,044820,skip,avoid_frgn_sell_20d,853256cabcfb
14927171,2026-10-06 13:23:34,actions-trading,Sim12,084680,skip,avoid_frgn_sell_20d,3bc107cb01d0
14927171,2026-10-06 13:23:34,actions-trading,Sim12,465770,skip,avoid_amount_dry,00f254187acf
14927171,2026-10-06 13:23:34,actions-trading,Sim12,002787,skip,avoid_amount_dry,edd7a384e62b
14927171,2026-10-06 13:23:34,actions-trading,Sim12,002785,skip,pb2_no_inst_buying,e4fdd2ca22c5
14927171,2026-10-06 13:23:34,actions-trading,Sim12,051630,skip,avoid_amount_dry,163a0f4f5a2c
14927171,2026-10-06 13:23:34,actions-trading,Sim12,036570,skip,pb2_not_crashed,b03ce8694e43
14927171,2026-10-06 13:23:34,actions-trading,Sim12,003570,skip,avoid_frgn_sell_20d,717e0110c05f
14927171,2026-10-06 13:23:34,actions-trading,Sim12,443060,skip,avoid_amount_dry,89be1fe5a3b4
14927171,2026-10-06 13:23:34,actions-trading,Sim12,071950,skip,pb2_no_inst_buying,e7045456efd2
14927171,2026-10-06 13:23:34,actions-trading,Sim12,100840,skip,avoid_amount_dry,62f13f74ad9e
14927171,2026-10-06 13:23:34,actions-trading,Sim12,109070,skip,pb2_not_crashed,68824a185d8d
14927171,2026-10-06 13:23:34,actions-trading,Sim12,005880,skip,pb2_not_crashed,08e25101d4aa
14927171,2026-10-06 13:23:34,actions-trading,Sim12,027740,skip,avoid_frgn_sell_20d,b369cac7518d
14927171,2026-10-06 13:23:34,actions-trading,Sim12,011300,skip,avoid_amount_dry,3c7603c68a00
14927171,2026-10-06 13:23:34,actions-trading,Sim12,010640,skip,avoid_amount_dry,70f202f0e816
14927171,2026-10-06 13:23:34,actions-trading,Sim12,064350,skip,avoid_frgn_sell_20d,1c7b6bb483c9
14927171,2026-10-06 13:23:34,actions-trading,Sim12,088790,skip,avoid_amount_dry,95fb64050935
14927171,2026-10-06 13:23:34,actions-trading,Sim12,026960,skip,pb2_not_crashed,a0052abca10f
14927171,2026-10-06 13:23:34,actions-trading,Sim13,480370,skip,no_frgn_support,9103b6a4d1d5
14927171,2026-10-06 13:23:34,actions-trading,Sim13,003580,skip,theme_momentum_weak,0c71181c0634
14927171,2026-10-06 13:23:34,actions-trading,Sim13,281820,skip,no_frgn_support,da628dd8508e
14927171,2026-10-06 13:23:34,actions-trading,Sim13,006110,skip,theme_momentum_weak,5a0dd79b3dbc
14927171,2026-10-06 13:23:34,actions-trading,Sim13,066970,skip,theme_momentum_weak,50b12527add8
14927171,2026-10-06 13:23:34,actions-trading,Sim13,002710,skip,adx_weak,8c17ddaa66be
14927171,2026-10-06 13:23:34,actions-trading,Sim13,011070,skip,theme_momentum_weak,a777358c65bd
14927171,2026-10-06 13:23:34,actions-trading,Sim13,000150,skip,adx_weak,ec18fc033b05
14927171,2026-10-06 13:23:34,actions-trading,Sim13,007660,skip,adx_weak,c622b19e2b73
14927171,2026-10-06 13:23:34,actions-trading,Sim13,008970,skip,adx_weak,3ac90fb28fa8
14927171,2026-10-06 13:23:34,actions-trading,Sim13,006400,skip,theme_momentum_weak,59fec40c46f6
14927171,2026-10-06 13:23:34,actions-trading,Sim13,000020,skip,theme_momentum_weak,62bfa4f7029c
14927171,2026-10-06 13:23:34,actions-trading,Sim13,336370,skip,adx_weak,842fe540ea94
14927171,2026-10-06 13:23:34,actions-trading,Sim13,002820,skip,theme_momentum_weak,28e4ff9cd7a8
14927171,2026-10-06 13:23:34,actions-trading,Sim13,005030,skip,theme_momentum_weak,8cf8942b4e96
14927171,2026-10-06 13:23:34,actions-trading,Sim13,066570,skip,theme_momentum_weak,f5f3ee39afb9
14927171,2026-10-06 13:23:34,actions-trading,Sim13,007810,skip,amount_not_surprised,6c245ade798b
14927171,2026-10-06 13:23:34,actions-trading,Sim13,066575,skip,theme_momentum_weak,cc51d8b93663
14927171,2026-10-06 13:23:34,actions-trading,Sim13,018670,skip,theme_momentum_weak,d83d504280a2
14927171,2026-10-06 13:23:34,actions-trading,Sim13,000157,skip,theme_momentum_weak,73f2f69476b5
14927171,2026-10-06 13:23:34,actions-trading,Sim13,020150,skip,no_frgn_support,753cbf4cc42c
14927171,2026-10-06 13:23:34,actions-trading,Sim13,000155,skip,theme_momentum_weak,d364a5d6193e
14927171,2026-10-06 13:23:34,actions-trading,Sim13,090460,skip,theme_momentum_weak,1b83dd60446d
14927171,2026-10-06 13:23:34,actions-trading,Sim13,005690,skip,adx_weak,3843c619dc57
14927171,2026-10-06 13:23:34,actions-trading,Sim13,298020,skip,theme_momentum_weak,334de4b23557
14927171,2026-10-06 13:23:34,actions-trading,Sim13,353200,skip,amount_not_surprised,2b38d5e9a2fa
14927171,2026-10-06 13:23:34,actions-trading,Sim13,063160,skip,theme_momentum_weak,8b1129ad03b9
14927171,2026-10-06 13:23:34,actions-trading,Sim13,006405,skip,theme_momentum_weak,f2d2f1307c7c
14927171,2026-10-06 13:23:34,actions-trading,Sim13,008730,skip,theme_momentum_weak,ada89286964c
14927171,2026-10-06 13:23:34,actions-trading,Sim13,373220,skip,theme_momentum_weak,c39ebbec092a
14927171,2026-10-06 13:23:34,actions-trading,Sim14,_gate,skip,regime_blocked,e3b0c44298fc
14927171,2026-10-06 13:23:34,actions-trading,Sim15,_gate,skip,already_rebalanced,e3b0c44298fc
14927171,2026-10-06 13:23:34,actions-trading,Sim15,069500,seen,,a401a213ba12
14927171,2026-10-06 13:23:34,actions-trading,Sim15,133690,seen,,80df387421a0
14927171,2026-10-06 13:23:34,actions-trading,Sim15,148070,seen,,2ecf1d48b5e0
14927171,2026-10-06 13:23:34,actions-trading,Sim16,_gate,skip,already_rebalanced,e3b0c44298fc
14927171,2026-10-06 13:23:34,actions-trading,Sim16,122630,seen,,b0d6d2041677
14927171,2026-10-06 13:23:34,actions-trading,Sim16,418660,seen,,d71a6ace1e93
14927171,2026-10-06 13:23:34,actions-trading,Sim16,148070,seen,,2ecf1d48b5e0
14927172,2026-10-06 13:25:01,actions-trading,Sim3,402340,skip,qty_zero,b3f78145fdff
14927172,2026-10-06 13:25:01,actions-trading,Sim3,383800,skip,amount,6bdf01f763cf
14927172,2026-10-06 13:25:01,actions-trading,Sim3,462870,skip,amount,f0bdbaa3a0e0
14927172,2026-10-06 13:25:01,actions-trading,Sim3,000660,skip,qty_zero,5b8910eeaa4f
14927172,2026-10-06 13:25:01,actions-trading,Sim3,071970,skip,cooldown,54769e4962f1
14927172,2026-10-06 13:25:01,actions-trading,Sim3,042700,skip,not_cheap,939c8706a05e
14927172,2026-10-06 13:25:01,actions-trading,Sim3,326030,skip,cooldown,e76e543aa20a
14927172,2026-10-06 13:25:01,actions-trading,Sim3,207940,skip,not_cheap,03df673d78cd
14927172,2026-10-06 13:25:01,actions-trading,Sim3,033920,skip,amount,7c3b38beda0f
14927172,2026-10-06 13:25:01,actions-trading,Sim3,004770,skip,amount,fc0a314aa149
14927172,2026-10-06 13:25:01,actions-trading,Sim3,0126Z0,skip,not_cheap,d785458a47d1
14927172,2026-10-06 13:25:01,actions-trading,Sim3,062040,skip,not_cheap,686b4fcc8662
14927172,2026-10-06 13:25:01,actions-trading,Sim3,317450,skip,amount,71bcafd90924
14927172,2026-10-06 13:25:01,actions-trading,Sim3,026960,skip,amount,c5a2de352a68
14927172,2026-10-06 13:25:01,actions-trading,Sim3,021820,skip,amount,4eca82215890
14927172,2026-10-06 13:25:01,actions-trading,Sim3,192080,skip,amount,5b9ff0dd7881
14927172,2026-10-06 13:25:01,actions-trading,Sim3,068270,skip,cooldown,fb4226702795
14927172,2026-10-06 13:25:01,actions-trading,Sim3,123890,skip,amount,1a283b6603ba
14927172,2026-10-06 13:25:01,actions-trading,Sim3,000240,skip,amount,8e9cb0658496
14927172,2026-10-06 13:25:01,actions-trading,Sim3,002380,skip,amount,fa8043e1e3b3
14927172,2026-10-06 13:25:01,actions-trading,Sim3,009770,skip,amount,01a28af7b427
14927172,2026-10-06 13:25:01,actions-trading,Sim3,259960,skip,cooldown,68bf7d49d685
14927172,2026-10-06 13:25:01,actions-trading,Sim3,035250,skip,amount,4e76474fcbbe
14927172,2026-10-06 13:25:01,actions-trading,Sim3,383220,skip,amount,bdac8c7833d5
14927172,2026-10-06 13:25:01,actions-trading,Sim3,226320,skip,amount,fd20b78309c0
14927172,2026-10-06 13:25:01,actions-trading,Sim3,439260,skip,amount,22633382df77
14927172,2026-10-06 13:25:01,actions-trading,Sim3,025560,skip,cooldown,eae58f2e10f1
14927172,2026-10-06 13:25:01,actions-trading,Sim3,007700,skip,amount,34da42f3afa3
14927172,2026-10-06 13:25:01,actions-trading,Sim3,278470,skip,not_cheap,ecb3eb2b6770
14927172,2026-10-06 13:25:01,actions-trading,Sim3,000990,skip,not_cheap,355c3854aa0a
14927172,2026-10-06 13:25:42,actions-trading,MFHS2,018880,skip,max_holdings,03ab84a57f43
14927172,2026-10-06 13:25:42,actions-trading,MFHS2,047040,seen,,90396cadf2b2
14927172,2026-10-06 13:25:42,actions-trading,MFHS2,007660,seen,,7c391d0e6489
14927172,2026-10-06 13:25:42,actions-trading,MFHS2,066570,seen,,0e37879e010e
14927172,2026-10-06 13:25:42,actions-trading,MFHS2,009190,seen,,2b5043eb7672
14927172,2026-10-06 13:25:42,actions-trading,MFHS2,002710,seen,,a8741f8a561e
14927172,2026-10-06 13:25:42,actions-trading,MFHS2,005690,seen,,0935fe8f9423
14927172,2026-10-06 13:25:42,actions-trading,MFHS2,025560,seen,,ab55731f8399
14927172,2026-10-06 13:25:42,actions-trading,MFHS2,005360,seen,,9fd9fcda83d3
14927172,2026-10-06 13:25:42,actions-trading,MFHS2,009830,seen,,35ccd71bc779
14927172,2026-10-06 13:25:42,actions-trading,MFHS2,006400,seen,,cca1c383c773
14927172,2026-10-06 13:25:42,actions-trading,MFHS2,002700,seen,,9a9138b8dbce
14927172,2026-10-06 13:25:42,actions-trading,MFHS2,279570,seen,,5c23237f0dcc
14927172,2026-10-06 13:25:42,actions-trading,MFHS2,138930,seen,,4a66864f49c8
14927172,2026-10-06 13:25:42,actions-trading,MFHS2,090460,seen,,6e7e410bb739
14927172,2026-10-06 13:25:42,actions-trading,MFHS2,009150,seen,,66dcf6ba8b63
14927172,2026-10-06 13:25:42,actions-trading,MFHS2,317400,seen,,35bcdcf7d04a
14927172,2026-10-06 13:25:42,actions-trading,MFHS2,460860,seen,,44836f889c7c
14927172,2026-10-06 13:25:42,actions-trading,MFHS2,006800,seen,,afcd1b79f88e
14927172,2026-10-06 13:25:42,actions-trading,MFHS2,010120,seen,,cff71fe3e19c
14927172,2026-10-06 13:25:42,actions-trading,MFHS2,011070,seen,,39e5fd6a124f
14927172,2026-10-06 13:25:42,actions-trading,MFHS2,022100,seen,,fcb78a5784ff
14927172,2026-10-06 13:25:42,actions-trading,MFHS2,003620,seen,,cd21014803a1
14927172,2026-10-06 13:25:42,actions-trading,MFHS2,015260,seen,,a58344cbf89f
14927172,2026-10-06 13:25:42,actions-trading,MFHS2,452260,seen,,aad904cb5520
14927172,2026-10-06 13:25:42,actions-trading,MFHS2,001230,seen,,7ee8795eab8f
14927172,2026-10-06 13:25:42,actions-trading,MFHS2,066970,seen,,b33c3beb42f5
14927172,2026-10-06 13:25:42,actions-trading,MFHS2,066575,seen,,01562254193f
14927172,2026-10-06 13:25:42,actions-trading,MFHS2,004020,seen,,8eb826e6c0f2
14927172,2026-10-06 13:25:42,actions-trading,MFHS2,002990,seen,,effc9f39734f
14927172,2026-10-06 13:25:44,actions-trading,상승모멘텀,003580,skip,adx_high,4955f2e1722c
14927172,2026-10-06 13:25:44,actions-trading,상승모멘텀,480370,skip,adx_high,f1605e39235a
14927172,2026-10-06 13:25:44,actions-trading,상승모멘텀,281820,skip,adx_high,92e5b7da2d42
14927172,2026-10-06 13:25:44,actions-trading,상승모멘텀,006110,skip,adx_high,db27385ac551
14927172,2026-10-06 13:25:44,actions-trading,상승모멘텀,002710,skip,tick,a8741f8a561e
14927172,2026-10-06 13:25:44,actions-trading,상승모멘텀,066970,skip,adx_low,b33c3beb42f5
14927172,2026-10-06 13:25:44,actions-trading,상승모멘텀,011070,skip,adx_low,39e5fd6a124f
14927172,2026-10-06 13:25:44,actions-trading,상승모멘텀,000150,skip,adx_high,d1153e2f9bce
14927172,2026-10-06 13:25:44,actions-trading,상승모멘텀,007660,skip,held_or_sold_today,7c391d0e6489
14927172,2026-10-06 13:25:44,actions-trading,상승모멘텀,008970,skip,tick,f1e4ad36bea3
14927172,2026-10-06 13:25:44,actions-trading,상승모멘텀,006400,skip,adx_low,cca1c383c773
14927172,2026-10-06 13:25:44,actions-trading,상승모멘텀,336370,skip,adx_high,923e6488f2c8
14927172,2026-10-06 13:25:44,actions-trading,상승모멘텀,002820,skip,amount,28e4ff9cd7a8
14927172,2026-10-06 13:25:44,actions-trading,상승모멘텀,005030,skip,amount,8cf8942b4e96
14927172,2026-10-06 13:25:44,actions-trading,상승모멘텀,066570,skip,adx_low,0e37879e010e
14927172,2026-10-06 13:25:44,actions-trading,상승모멘텀,007810,skip,adx_high,8cba5a8abe5e
14927172,2026-10-06 13:25:44,actions-trading,상승모멘텀,066575,skip,adx_high,01562254193f
14927172,2026-10-06 13:25:44,actions-trading,상승모멘텀,018670,skip,period,354e692b58dc
14927172,2026-10-06 13:25:44,actions-trading,상승모멘텀,000157,skip,amount,73f2f69476b5
14927172,2026-10-06 13:25:44,actions-trading,상승모멘텀,020150,skip,held_or_sold_today,8ea0bdbdd347
14927172,2026-10-06 13:25:44,actions-trading,상승모멘텀,000020,skip,adx_low,96e392396c8e
14927172,2026-10-06 13:25:44,actions-trading,상승모멘텀,000155,skip,adx_high,b6b8cf631b69
14927172,2026-10-06 13:25:44,actions-trading,상승모멘텀,298020,skip,adx_high,3dc13e7c36be
14927172,2026-10-06 13:25:44,actions-trading,상승모멘텀,090460,skip,period,6e7e410bb739
14927172,2026-10-06 13:25:44,actions-trading,상승모멘텀,005690,skip,period,0935fe8f9423
14927172,2026-10-06 13:25:44,actions-trading,상승모멘텀,353200,skip,adx_high,22f3c0a8003a
14927172,2026-10-06 13:25:44,actions-trading,상승모멘텀,006405,skip,amount,2d085a25d901
14927172,2026-10-06 13:25:44,actions-trading,상승모멘텀,063160,skip,amount,d996d2d9a29d
14927172,2026-10-06 13:25:44,actions-trading,상승모멘텀,009150,skip,qty_zero,66dcf6ba8b63
14927172,2026-10-06 13:25:44,actions-trading,상승모멘텀,008730,skip,amount,d83ca43d8eff
14927172,2026-10-06 13:25:44,actions-trading,Sim6,_gate,skip,already_rebalanced,e3b0c44298fc
14927172,2026-10-06 13:25:44,actions-trading,Sim6,069500,seen,,4d0e92ed713e
14927172,2026-10-06 13:25:44,actions-trading,Sim6,360750,seen,,a69bfc827772
14927172,2026-10-06 13:25:44,actions-trading,Sim6,148070,seen,,0bb591a71007
14927172,2026-10-06 13:25:44,actions-trading,Sim6,411060,seen,,8bbb746b870c
14927172,2026-10-06 13:25:44,actions-trading,Sim6,305080,seen,,51a32a5143be
14927172,2026-10-06 13:25:44,actions-trading,Sim6,357870,seen,,744a5dfebe05
14927172,2026-10-06 13:25:45,actions-trading,Sim4-1,003580,skip,adx_high,4955f2e1722c
14927172,2026-10-06 13:25:45,actions-trading,Sim4-1,480370,skip,adx_high,f1605e39235a
14927172,2026-10-06 13:25:45,actions-trading,Sim4-1,281820,skip,adx_high,92e5b7da2d42
14927172,2026-10-06 13:25:45,actions-trading,Sim4-1,006110,skip,adx_high,db27385ac551
14927172,2026-10-06 13:25:45,actions-trading,Sim4-1,002710,skip,held_or_cooldown,a8741f8a561e
14927172,2026-10-06 13:25:45,actions-trading,Sim4-1,066970,skip,adx_low,b33c3beb42f5
14927172,2026-10-06 13:25:45,actions-trading,Sim4-1,011070,skip,adx_low,39e5fd6a124f
14927172,2026-10-06 13:25:45,actions-trading,Sim4-1,000150,skip,adx_high,d1153e2f9bce
14927172,2026-10-06 13:25:45,actions-trading,Sim4-1,007660,skip,held_or_cooldown,7c391d0e6489
14927172,2026-10-06 13:25:45,actions-trading,Sim4-1,008970,skip,held_or_cooldown,f1e4ad36bea3
14927172,2026-10-06 13:25:45,actions-trading,Sim4-1,006400,skip,adx_low,cca1c383c773
14927172,2026-10-06 13:25:45,actions-trading,Sim4-1,336370,skip,adx_high,923e6488f2c8
14927172,2026-10-06 13:25:45,actions-trading,Sim4-1,002820,skip,amount,28e4ff9cd7a8
14927172,2026-10-06 13:25:45,actions-trading,Sim4-1,005030,skip,amount,8cf8942b4e96
14927172,2026-10-06 13:25:45,actions-trading,Sim4-1,066570,skip,adx_low,0e37879e010e
14927172,2026-10-06 13:25:45,actions-trading,Sim4-1,007810,skip,adx_high,8cba5a8abe5e
14927172,2026-10-06 13:25:45,actions-trading,Sim4-1,066575,skip,adx_high,01562254193f
14927172,2026-10-06 13:25:45,actions-trading,Sim4-1,018670,skip,period,354e692b58dc
14927172,2026-10-06 13:25:45,actions-trading,Sim4-1,000157,skip,amount,73f2f69476b5
14927172,2026-10-06 13:25:45,actions-trading,Sim4-1,020150,skip,held_or_cooldown,8ea0bdbdd347
14927172,2026-10-06 13:25:45,actions-trading,Sim4-1,000020,skip,adx_low,96e392396c8e
14927172,2026-10-06 13:25:45,actions-trading,Sim4-1,000155,skip,adx_high,b6b8cf631b69
14927172,2026-10-06 13:25:45,actions-trading,Sim4-1,298020,skip,adx_high,3dc13e7c36be
14927172,2026-10-06 13:25:45,actions-trading,Sim4-1,090460,skip,period,6e7e410bb739
14927172,2026-10-06 13:25:45,actions-trading,Sim4-1,005690,skip,period,0935fe8f9423
14927172,2026-10-06 13:25:45,actions-trading,Sim4-1,353200,skip,adx_high,22f3c0a8003a
14927172,2026-10-06 13:25:45,actions-trading,Sim4-1,006405,skip,amount,2d085a25d901
14927172,2026-10-06 13:25:45,actions-trading,Sim4-1,063160,skip,amount,d996d2d9a29d
14927172,2026-10-06 13:25:45,actions-trading,Sim4-1,009150,skip,qty_zero,66dcf6ba8b63
14927172,2026-10-06 13:25:45,actions-trading,Sim4-1,008730,skip,amount,d83ca43d8eff
14927172,2026-10-06 13:25:47,actions-trading,선행매집,018880,skip,below_anchor,03ab84a57f43
14927172,2026-10-06 13:25:47,actions-trading,선행매집,047040,skip,below_anchor,90396cadf2b2
14927172,2026-10-06 13:25:47,actions-trading,선행매집,007660,skip,below_anchor,7c391d0e6489
14927172,2026-10-06 13:25:47,actions-trading,선행매집,066570,skip,below_anchor,0e37879e010e
14927172,2026-10-06 13:25:47,actions-trading,선행매집,002710,skip,below_anchor,a8741f8a561e
14927172,2026-10-06 13:25:47,actions-trading,선행매집,006800,skip,below_anchor,afcd1b79f88e
14927172,2026-10-06 13:25:47,actions-trading,선행매집,001250,skip,below_anchor,cf1dd78b6bad
14927172,2026-10-06 13:25:47,actions-trading,선행매집,009190,skip,below_anchor,2b5043eb7672
14927172,2026-10-06 13:25:47,actions-trading,선행매집,005320,skip,amount,f6daf5144b33
14927172,2026-10-06 13:25:47,actions-trading,선행매집,009830,skip,below_anchor,35ccd71bc779
14927172,2026-10-06 13:25:47,actions-trading,선행매집,006400,skip,below_anchor,cca1c383c773
14927172,2026-10-06 13:25:47,actions-trading,선행매집,005690,skip,below_anchor,0935fe8f9423
14927172,2026-10-06 13:25:47,actions-trading,선행매집,025560,skip,below_anchor,ab55731f8399
14927172,2026-10-06 13:25:47,actions-trading,선행매집,336370,skip,below_anchor,923e6488f2c8
14927172,2026-10-06 13:25:47,actions-trading,선행매집,009150,skip,below_anchor,66dcf6ba8b63
14927172,2026-10-06 13:25:47,actions-trading,선행매집,005360,skip,amount,9fd9fcda83d3
14927172,2026-10-06 13:25:47,actions-trading,선행매집,279570,skip,below_anchor,5c23237f0dcc
14927172,2026-10-06 13:25:47,actions-trading,선행매집,002700,skip,amount,9a9138b8dbce
14927172,2026-10-06 13:25:47,actions-trading,선행매집,090460,skip,below_anchor,6e7e410bb739
14927172,2026-10-06 13:25:47,actions-trading,선행매집,011070,skip,below_anchor,39e5fd6a124f
14927172,2026-10-06 13:25:47,actions-trading,선행매집,022100,skip,below_anchor,fcb78a5784ff
14927172,2026-10-06 13:25:47,actions-trading,선행매집,010120,skip,below_anchor,cff71fe3e19c
14927172,2026-10-06 13:25:47,actions-trading,선행매집,192650,skip,sold_or_cooldown,59fc0efde865
14927172,2026-10-06 13:25:47,actions-trading,선행매집,138930,skip,below_anchor,4a66864f49c8
14927172,2026-10-06 13:25:47,actions-trading,선행매집,066970,skip,below_anchor,b33c3beb42f5
14927172,2026-10-06 13:25:47,actions-trading,선행매집,015760,skip,below_anchor,0462f390a85a
14927172,2026-10-06 13:25:47,actions-trading,선행매집,003620,skip,below_anchor,cd21014803a1
14927172,2026-10-06 13:25:47,actions-trading,선행매집,460860,skip,below_anchor,44836f889c7c
14927172,2026-10-06 13:25:47,actions-trading,선행매집,015260,skip,amount,a58344cbf89f
14927172,2026-10-06 13:25:47,actions-trading,선행매집,452260,skip,below_anchor,aad904cb5520
14927172,2026-10-06 13:25:47,actions-trading,Sim9,_gate,skip,outside_entry_window,e3b0c44298fc
14927172,2026-10-06 13:25:47,actions-trading,Sim9,003580,seen,,4955f2e1722c
14927172,2026-10-06 13:25:47,actions-trading,Sim9,480370,seen,,f1605e39235a
14927172,2026-10-06 13:25:47,actions-trading,Sim9,281820,seen,,92e5b7da2d42
14927172,2026-10-06 13:25:47,actions-trading,Sim9,006110,seen,,db27385ac551
14927172,2026-10-06 13:25:47,actions-trading,Sim9,002710,seen,,a8741f8a561e
14927172,2026-10-06 13:25:47,actions-trading,Sim9,066970,seen,,b33c3beb42f5
14927172,2026-10-06 13:25:47,actions-trading,Sim9,011070,seen,,39e5fd6a124f
14927172,2026-10-06 13:25:47,actions-trading,Sim9,000150,seen,,d1153e2f9bce
14927172,2026-10-06 13:25:47,actions-trading,Sim9,007660,seen,,7c391d0e6489
14927172,2026-10-06 13:25:47,actions-trading,Sim9,008970,seen,,f1e4ad36bea3
14927172,2026-10-06 13:25:47,actions-trading,Sim9,006400,seen,,cca1c383c773
14927172,2026-10-06 13:25:47,actions-trading,Sim9,336370,seen,,923e6488f2c8
14927172,2026-10-06 13:25:47,actions-trading,Sim9,002820,seen,,28e4ff9cd7a8
14927172,2026-10-06 13:25:47,actions-trading,Sim9,005030,seen,,8cf8942b4e96
14927172,2026-10-06 13:25:47,actions-trading,Sim9,066570,seen,,0e37879e010e
14927172,2026-10-06 13:25:47,actions-trading,Sim9,007810,seen,,8cba5a8abe5e
14927172,2026-10-06 13:25:47,actions-trading,Sim9,066575,seen,,01562254193f
14927172,2026-10-06 13:25:47,actions-trading,Sim9,018670,seen,,354e692b58dc
14927172,2026-10-06 13:25:47,actions-trading,Sim9,000157,seen,,73f2f69476b5
14927172,2026-10-06 13:25:47,actions-trading,Sim9,020150,seen,,8ea0bdbdd347
14927172,2026-10-06 13:25:47,actions-trading,Sim9,000020,seen,,96e392396c8e
14927172,2026-10-06 13:25:47,actions-trading,Sim9,000155,seen,,b6b8cf631b69
14927172,2026-10-06 13:25:47,actions-trading,Sim9,298020,seen,,3dc13e7c36be
14927172,2026-10-06 13:25:47,actions-trading,Sim9,090460,seen,,6e7e410bb739
14927172,2026-10-06 13:25:47,actions-trading,Sim9,005690,seen,,0935fe8f9423
14927172,2026-10-06 13:25:47,actions-trading,Sim9,353200,seen,,22f3c0a8003a
14927172,2026-10-06 13:25:47,actions-trading,Sim9,006405,seen,,2d085a25d901
14927172,2026-10-06 13:25:47,actions-trading,Sim9,063160,seen,,d996d2d9a29d
14927172,2026-10-06 13:25:47,actions-trading,Sim9,009150,seen,,66dcf6ba8b63
14927172,2026-10-06 13:25:47,actions-trading,Sim9,008730,seen,,d83ca43d8eff
14927172,2026-10-06 13:25:47,actions-trading,미너비니,192820,skip,below_pivot,d023afc29bc5
14927172,2026-10-06 13:25:47,actions-trading,미너비니,443060,skip,below_pivot,ab0910ceea53
14927172,2026-10-06 13:25:47,actions-trading,Sim12,003580,skip,pb2_not_crashed,4955f2e1722c
14927172,2026-10-06 13:25:47,actions-trading,Sim12,480370,skip,pb2_not_crashed,f1605e39235a
14927172,2026-10-06 13:25:47,actions-trading,Sim12,281820,skip,pb2_not_crashed,92e5b7da2d42
14927172,2026-10-06 13:25:47,actions-trading,Sim12,006110,skip,pb2_not_crashed,db27385ac551
14927172,2026-10-06 13:25:47,actions-trading,Sim12,002710,skip,avoid_frgn_sell_20d,a8741f8a561e
14927172,2026-10-06 13:25:47,actions-trading,Sim12,066970,skip,pb2_not_crashed,b33c3beb42f5
14927172,2026-10-06 13:25:47,actions-trading,Sim12,011070,skip,avoid_orgn_sell_high_per,39e5fd6a124f
14927172,2026-10-06 13:25:47,actions-trading,Sim12,000150,skip,avoid_frgn_sell_20d,d1153e2f9bce
14927172,2026-10-06 13:25:47,actions-trading,Sim12,007660,skip,pb2_not_crashed,7c391d0e6489
14927172,2026-10-06 13:25:47,actions-trading,Sim12,008970,skip,pb2_not_crashed,f1e4ad36bea3
14927172,2026-10-06 13:25:47,actions-trading,Sim12,006400,skip,pb2_not_crashed,cca1c383c773
14927172,2026-10-06 13:25:47,actions-trading,Sim12,336370,skip,avoid_frgn_sell_20d,923e6488f2c8
14927172,2026-10-06 13:25:47,actions-trading,Sim12,002820,skip,avoid_deadcat,28e4ff9cd7a8
14927172,2026-10-06 13:25:47,actions-trading,Sim12,005030,skip,avoid_amount_dry,8cf8942b4e96
14927172,2026-10-06 13:25:47,actions-trading,Sim12,066570,skip,pb2_not_crashed,0e37879e010e
14927172,2026-10-06 13:25:47,actions-trading,Sim12,007810,skip,pb2_not_crashed,8cba5a8abe5e
14927172,2026-10-06 13:25:47,actions-trading,Sim12,066575,skip,pb2_not_crashed,01562254193f
14927172,2026-10-06 13:25:47,actions-trading,Sim12,018670,skip,avoid_frgn_sell_20d,354e692b58dc
14927172,2026-10-06 13:25:47,actions-trading,Sim12,000157,skip,pb2_thin_liquidity,73f2f69476b5
14927172,2026-10-06 13:25:47,actions-trading,Sim12,020150,skip,avoid_frgn_sell_20d,8ea0bdbdd347
14927172,2026-10-06 13:25:47,actions-trading,Sim12,000020,skip,pb2_not_crashed,96e392396c8e
14927172,2026-10-06 13:25:47,actions-trading,Sim12,000155,skip,pb2_thin_liquidity,b6b8cf631b69
14927172,2026-10-06 13:25:47,actions-trading,Sim12,298020,skip,avoid_orgn_sell_high_per,3dc13e7c36be
14927172,2026-10-06 13:25:47,actions-trading,Sim12,090460,skip,pb2_not_crashed,6e7e410bb739
14927172,2026-10-06 13:25:47,actions-trading,Sim12,005690,skip,pb2_not_crashed,0935fe8f9423
14927172,2026-10-06 13:25:47,actions-trading,Sim12,353200,skip,avoid_orgn_sell_high_per,22f3c0a8003a
14927172,2026-10-06 13:25:47,actions-trading,Sim12,006405,skip,pb2_not_crashed,2d085a25d901
14927172,2026-10-06 13:25:47,actions-trading,Sim12,063160,skip,avoid_frgn_sell_20d,d996d2d9a29d
14927172,2026-10-06 13:25:47,actions-trading,Sim12,009150,skip,pb2_not_crashed,66dcf6ba8b63
14927172,2026-10-06 13:25:47,actions-trading,Sim12,008730,skip,pb2_not_crashed,d83ca43d8eff
14927172,2026-10-06 13:25:47,actions-trading,Sim12,005110,skip,avoid_amount_dry,914b6555b8ba
14927172,2026-10-06 13:25:47,actions-trading,Sim12,015260,skip,pb2_no_inst_buying,a58344cbf89f
14927172,2026-10-06 13:25:47,actions-trading,Sim12,020120,skip,pb2_not_crashed,730ceaf73a0b
14927172,2026-10-06 13:25:47,actions-trading,Sim12,004920,skip,pb2_not_crashed,0838f76f33e8
14927172,2026-10-06 13:25:47,actions-trading,Sim12,001525,skip,avoid_amount_dry,65967eaa8037
14927172,2026-10-06 13:25:47,actions-trading,Sim12,003010,skip,pb2_not_crashed,b50eaf04feb8
14927172,2026-10-06 13:25:47,actions-trading,Sim12,014915,skip,pb2_not_crashed,349afb6fc194
14927172,2026-10-06 13:25:47,actions-trading,Sim12,079550,skip,pb2_not_crashed,e80c714a1e20
14927172,2026-10-06 13:25:47,actions-trading,Sim12,003350,skip,avoid_amount_dry,a3de0d135448
14927172,2026-10-06 13:25:47,actions-trading,Sim12,001380,skip,avoid_frgn_sell_20d,efc131b60ab1
14927172,2026-10-06 13:25:47,actions-trading,Sim12,044820,skip,avoid_frgn_sell_20d,ccb434ccedeb
14927172,2026-10-06 13:25:47,actions-trading,Sim12,084680,skip,avoid_frgn_sell_20d,157074e5a954
14927172,2026-10-06 13:25:47,actions-trading,Sim12,002870,skip,avoid_frgn_sell_20d,9f6710b4ad38
14927172,2026-10-06 13:25:47,actions-trading,Sim12,465770,skip,avoid_amount_dry,7b5b7cc1bfaa
14927172,2026-10-06 13:25:47,actions-trading,Sim12,002787,skip,avoid_amount_dry,edd7a384e62b
14927172,2026-10-06 13:25:47,actions-trading,Sim12,002785,skip,pb2_no_inst_buying,e4fdd2ca22c5
14927172,2026-10-06 13:25:47,actions-trading,Sim12,051630,skip,avoid_amount_dry,163a0f4f5a2c
14927172,2026-10-06 13:25:47,actions-trading,Sim12,003570,skip,avoid_frgn_sell_20d,8805d9b7ecf5
14927172,2026-10-06 13:25:47,actions-trading,Sim12,036570,skip,pb2_not_crashed,f7c67aa55c01
14927172,2026-10-06 13:25:47,actions-trading,Sim12,443060,skip,avoid_amount_dry,ab0910ceea53
14927172,2026-10-06 13:25:47,actions-trading,Sim12,071950,skip,pb2_no_inst_buying,dc710d349dc6
14927172,2026-10-06 13:25:47,actions-trading,Sim12,100840,skip,avoid_amount_dry,3aaa6b8df7d2
14927172,2026-10-06 13:25:47,actions-trading,Sim12,109070,skip,pb2_not_crashed,fef58846ef33
14927172,2026-10-06 13:25:47,actions-trading,Sim12,005880,skip,pb2_not_crashed,0c9868333e0f
14927172,2026-10-06 13:25:47,actions-trading,Sim12,027740,skip,avoid_frgn_sell_20d,e5e9d53a71e0
14927172,2026-10-06 13:25:47,actions-trading,Sim12,088790,skip,avoid_amount_dry,c66d9584eb6b
14927172,2026-10-06 13:25:47,actions-trading,Sim12,011300,skip,avoid_amount_dry,3c7603c68a00
14927172,2026-10-06 13:25:47,actions-trading,Sim12,010640,skip,avoid_amount_dry,24bea0b0ef1b
14927172,2026-10-06 13:25:47,actions-trading,Sim12,064350,skip,avoid_frgn_sell_20d,9b304d51532a
14927172,2026-10-06 13:25:47,actions-trading,Sim12,026960,skip,pb2_not_crashed,d88cf92962c0
14927172,2026-10-06 13:25:47,actions-trading,Sim13,003580,skip,theme_momentum_weak,4955f2e1722c
14927172,2026-10-06 13:25:47,actions-trading,Sim13,480370,skip,no_frgn_support,f1605e39235a
14927172,2026-10-06 13:25:47,actions-trading,Sim13,281820,skip,no_frgn_support,92e5b7da2d42
14927172,2026-10-06 13:25:47,actions-trading,Sim13,006110,skip,theme_momentum_weak,db27385ac551
14927172,2026-10-06 13:25:47,actions-trading,Sim13,002710,skip,adx_weak,a8741f8a561e
14927172,2026-10-06 13:25:47,actions-trading,Sim13,066970,skip,theme_momentum_weak,b33c3beb42f5
14927172,2026-10-06 13:25:47,actions-trading,Sim13,011070,skip,theme_momentum_weak,39e5fd6a124f
14927172,2026-10-06 13:25:47,actions-trading,Sim13,000150,skip,adx_weak,d1153e2f9bce
14927172,2026-10-06 13:25:47,actions-trading,Sim13,007660,skip,adx_weak,7c391d0e6489
14927172,2026-10-06 13:25:47,actions-trading,Sim13,008970,skip,adx_weak,f1e4ad36bea3
14927172,2026-10-06 13:25:47,actions-trading,Sim13,006400,skip,theme_momentum_weak,cca1c383c773
14927172,2026-10-06 13:25:47,actions-trading,Sim13,336370,skip,adx_weak,923e6488f2c8
14927172,2026-10-06 13:25:47,actions-trading,Sim13,002820,skip,theme_momentum_weak,28e4ff9cd7a8
14927172,2026-10-06 13:25:47,actions-trading,Sim13,005030,skip,theme_momentum_weak,8cf8942b4e96
14927172,2026-10-06 13:25:47,actions-trading,Sim13,066570,skip,theme_momentum_weak,0e37879e010e
14927172,2026-10-06 13:25:47,actions-trading,Sim13,007810,skip,amount_not_surprised,8cba5a8abe5e
14927172,2026-10-06 13:25:47,actions-trading,Sim13,066575,skip,theme_momentum_weak,01562254193f
14927172,2026-10-06 13:25:47,actions-trading,Sim13,018670,skip,theme_momentum_weak,354e692b58dc
14927172,2026-10-06 13:25:47,actions-trading,Sim13,000157,skip,theme_momentum_weak,73f2f69476b5
14927172,2026-10-06 13:25:47,actions-trading,Sim13,020150,skip,no_frgn_support,8ea0bdbdd347
14927172,2026-10-06 13:25:47,actions-trading,Sim13,000020,skip,theme_momentum_weak,96e392396c8e
14927172,2026-10-06 13:25:47,actions-trading,Sim13,000155,skip,theme_momentum_weak,b6b8cf631b69
14927172,2026-10-06 13:25:47,actions-trading,Sim13,298020,skip,theme_momentum_weak,3dc13e7c36be
14927172,2026-10-06 13:25:47,actions-trading,Sim13,090460,skip,theme_momentum_weak,6e7e410bb739
14927172,2026-10-06 13:25:47,actions-trading,Sim13,005690,skip,adx_weak,0935fe8f9423
14927172,2026-10-06 13:25:47,actions-trading,Sim13,353200,skip,amount_not_surprised,22f3c0a8003a
14927172,2026-10-06 13:25:47,actions-trading,Sim13,006405,skip,theme_momentum_weak,2d085a25d901
14927172,2026-10-06 13:25:47,actions-trading,Sim13,063160,skip,theme_momentum_weak,d996d2d9a29d
14927172,2026-10-06 13:25:47,actions-trading,Sim13,009150,skip,adx_weak,66dcf6ba8b63
14927172,2026-10-06 13:25:47,actions-trading,Sim13,008730,skip,theme_momentum_weak,d83ca43d8eff
14927172,2026-10-06 13:25:47,actions-trading,Sim14,_gate,skip,regime_blocked,e3b0c44298fc
14927172,2026-10-06 13:25:47,actions-trading,Sim15,_gate,skip,already_rebalanced,e3b0c44298fc
14927172,2026-10-06 13:25:47,actions-trading,Sim15,069500,seen,,4d0e92ed713e
14927172,2026-10-06 13:25:47,actions-trading,Sim15,133690,seen,,25561e1e77f2
14927172,2026-10-06 13:25:47,actions-trading,Sim15,148070,seen,,0bb591a71007
14927172,2026-10-06 13:25:47,actions-trading,Sim16,_gate,skip,already_rebalanced,e3b0c44298fc
14927172,2026-10-06 13:25:47,actions-trading,Sim16,122630,seen,,9e10d3c79ba2
14927172,2026-10-06 13:25:47,actions-trading,Sim16,418660,seen,,541a82a3ffb0
14927172,2026-10-06 13:25:47,actions-trading,Sim16,148070,seen,,0bb591a71007
14927173,2026-10-06 13:26:50,actions-trading,Sim3,402340,skip,qty_zero,86ba6f792b21
14927173,2026-10-06 13:26:50,actions-trading,Sim3,383800,skip,amount,5b5e657e68b9
14927173,2026-10-06 13:26:50,actions-trading,Sim3,462870,skip,amount,23fd7ea64605
14927173,2026-10-06 13:26:50,actions-trading,Sim3,000660,skip,qty_zero,bf54991fa5f3
14927173,2026-10-06 13:26:50,actions-trading,Sim3,071970,skip,cooldown,106dc4105cdc
14927173,2026-10-06 13:26:50,actions-trading,Sim3,042700,skip,not_cheap,1c6f76f0a2da
14927173,2026-10-06 13:26:50,actions-trading,Sim3,326030,skip,cooldown,7e51317e5de2
14927173,2026-10-06 13:26:50,actions-trading,Sim3,207940,skip,not_cheap,eac351d75b6d
14927173,2026-10-06 13:26:50,actions-trading,Sim3,033920,skip,amount,e9939b66ad81
14927173,2026-10-06 13:26:50,actions-trading,Sim3,004770,skip,amount,0dbfe2664352
14927173,2026-10-06 13:26:50,actions-trading,Sim3,0126Z0,skip,not_cheap,256c421bc3e8
14927173,2026-10-06 13:26:50,actions-trading,Sim3,062040,skip,not_cheap,28a2c29f256e
14927173,2026-10-06 13:26:50,actions-trading,Sim3,317450,skip,amount,71bcafd90924
14927173,2026-10-06 13:26:50,actions-trading,Sim3,026960,skip,amount,e51dc64d26c8
14927173,2026-10-06 13:26:50,actions-trading,Sim3,021820,skip,amount,4eca82215890
14927173,2026-10-06 13:26:50,actions-trading,Sim3,192080,skip,amount,1c4a7d83f1f3
14927173,2026-10-06 13:26:50,actions-trading,Sim3,068270,skip,cooldown,a5e06f4c5553
14927173,2026-10-06 13:26:50,actions-trading,Sim3,123890,skip,amount,1a283b6603ba
14927173,2026-10-06 13:26:50,actions-trading,Sim3,000240,skip,amount,566aec71cf82
14927173,2026-10-06 13:26:50,actions-trading,Sim3,002380,skip,amount,365831a857d5
14927173,2026-10-06 13:26:50,actions-trading,Sim3,009770,skip,amount,01a28af7b427
14927173,2026-10-06 13:26:50,actions-trading,Sim3,259960,skip,cooldown,3da0e5206c8d
14927173,2026-10-06 13:26:50,actions-trading,Sim3,035250,skip,amount,f47242ae9a46
14927173,2026-10-06 13:26:50,actions-trading,Sim3,383220,skip,amount,a37695851620
14927173,2026-10-06 13:26:50,actions-trading,Sim3,226320,skip,amount,fd20b78309c0
14927173,2026-10-06 13:26:50,actions-trading,Sim3,439260,skip,amount,736ea43a42ba
14927173,2026-10-06 13:26:50,actions-trading,Sim3,025560,skip,cooldown,5ab0e32834f8
14927173,2026-10-06 13:26:50,actions-trading,Sim3,007700,skip,amount,34da42f3afa3
14927173,2026-10-06 13:26:50,actions-trading,Sim3,278470,skip,not_cheap,8517e896bc92
14927173,2026-10-06 13:26:50,actions-trading,Sim3,000990,skip,not_cheap,1c785cad8456
14927173,2026-10-06 13:27:27,actions-trading,MFHS2,018880,skip,max_holdings,73b71db20c28
14927173,2026-10-06 13:27:27,actions-trading,MFHS2,047040,seen,,890667e3c741
14927173,2026-10-06 13:27:27,actions-trading,MFHS2,007660,seen,,3ed1be970f5e
14927173,2026-10-06 13:27:27,actions-trading,MFHS2,066570,seen,,f8eef54c488d
14927173,2026-10-06 13:27:27,actions-trading,MFHS2,009190,seen,,54ac49ac3eaa
14927173,2026-10-06 13:27:27,actions-trading,MFHS2,002710,seen,,6cf0b06abfdf
14927173,2026-10-06 13:27:27,actions-trading,MFHS2,005690,seen,,bf2c3a5058d4
14927173,2026-10-06 13:27:27,actions-trading,MFHS2,025560,seen,,fac8b11b18c7
14927173,2026-10-06 13:27:27,actions-trading,MFHS2,005360,seen,,14eada5a9e24
14927173,2026-10-06 13:27:27,actions-trading,MFHS2,009830,seen,,d1330f697c7f
14927173,2026-10-06 13:27:27,actions-trading,MFHS2,006400,seen,,d220475ea212
14927173,2026-10-06 13:27:27,actions-trading,MFHS2,002700,seen,,59248e63233f
14927173,2026-10-06 13:27:27,actions-trading,MFHS2,279570,seen,,7d45cc3a6c8d
14927173,2026-10-06 13:27:27,actions-trading,MFHS2,138930,seen,,0c9f00dd246f
14927173,2026-10-06 13:27:27,actions-trading,MFHS2,090460,seen,,c3f0626fc867
14927173,2026-10-06 13:27:27,actions-trading,MFHS2,009150,seen,,2d3dd2b7c005
14927173,2026-10-06 13:27:27,actions-trading,MFHS2,317400,seen,,e42685d73de9
14927173,2026-10-06 13:27:27,actions-trading,MFHS2,460860,seen,,7bc49a99f683
14927173,2026-10-06 13:27:27,actions-trading,MFHS2,006800,seen,,12f8ed54b2e2
14927173,2026-10-06 13:27:27,actions-trading,MFHS2,010120,seen,,9d919275c4a9
14927173,2026-10-06 13:27:27,actions-trading,MFHS2,011070,seen,,e63fd5fd1364
14927173,2026-10-06 13:27:27,actions-trading,MFHS2,022100,seen,,2cd4f5ccc226
14927173,2026-10-06 13:27:27,actions-trading,MFHS2,003620,seen,,c34dad3269aa
14927173,2026-10-06 13:27:27,actions-trading,MFHS2,015260,seen,,57ccb4f62d7b
14927173,2026-10-06 13:27:27,actions-trading,MFHS2,452260,seen,,1d44949810e9
14927173,2026-10-06 13:27:27,actions-trading,MFHS2,001230,seen,,141037a5a24b
14927173,2026-10-06 13:27:27,actions-trading,MFHS2,066970,seen,,0dce28991d78
14927173,2026-10-06 13:27:27,actions-trading,MFHS2,066575,seen,,eb48d63530fc
14927173,2026-10-06 13:27:27,actions-trading,MFHS2,004020,seen,,516dde0c4a24
14927173,2026-10-06 13:27:27,actions-trading,MFHS2,002990,seen,,98fbf2b21020
14927173,2026-10-06 13:27:28,actions-trading,상승모멘텀,003580,skip,adx_high,c106855f8a2c
14927173,2026-10-06 13:27:28,actions-trading,상승모멘텀,480370,skip,adx_high,aa01369b78d9
14927173,2026-10-06 13:27:28,actions-trading,상승모멘텀,281820,skip,adx_high,b4ceee5c10c0
14927173,2026-10-06 13:27:28,actions-trading,상승모멘텀,006110,skip,adx_high,168477a27440
14927173,2026-10-06 13:27:28,actions-trading,상승모멘텀,011070,skip,adx_low,e63fd5fd1364
14927173,2026-10-06 13:27:28,actions-trading,상승모멘텀,002710,skip,tick,6cf0b06abfdf
14927173,2026-10-06 13:27:28,actions-trading,상승모멘텀,066970,skip,adx_low,0dce28991d78
14927173,2026-10-06 13:27:28,actions-trading,상승모멘텀,000150,skip,adx_high,a2691c7e2958
14927173,2026-10-06 13:27:28,actions-trading,상승모멘텀,007660,skip,held_or_sold_today,3ed1be970f5e
14927173,2026-10-06 13:27:28,actions-trading,상승모멘텀,006400,skip,adx_low,d220475ea212
14927173,2026-10-06 13:27:28,actions-trading,상승모멘텀,008970,skip,tick,2ab14aee8a79
14927173,2026-10-06 13:27:28,actions-trading,상승모멘텀,336370,skip,adx_high,c49627d64eec
14927173,2026-10-06 13:27:28,actions-trading,상승모멘텀,002820,skip,amount,28e4ff9cd7a8
14927173,2026-10-06 13:27:28,actions-trading,상승모멘텀,005030,skip,amount,8cf8942b4e96
14927173,2026-10-06 13:27:28,actions-trading,상승모멘텀,066570,skip,adx_low,f8eef54c488d
14927173,2026-10-06 13:27:28,actions-trading,상승모멘텀,007810,skip,adx_high,dfb0fe87ff97
14927173,2026-10-06 13:27:28,actions-trading,상승모멘텀,018670,skip,period,a8e8c952ca75
14927173,2026-10-06 13:27:28,actions-trading,상승모멘텀,066575,skip,adx_high,eb48d63530fc
14927173,2026-10-06 13:27:28,actions-trading,상승모멘텀,000157,skip,amount,73f2f69476b5
14927173,2026-10-06 13:27:28,actions-trading,상승모멘텀,020150,skip,held_or_sold_today,ec76f0b9c42d
14927173,2026-10-06 13:27:28,actions-trading,상승모멘텀,000155,skip,adx_high,36fd9e4b3a22
14927173,2026-10-06 13:27:28,actions-trading,상승모멘텀,000020,skip,adx_low,c78164190223
14927173,2026-10-06 13:27:28,actions-trading,상승모멘텀,005690,skip,period,bf2c3a5058d4
14927173,2026-10-06 13:27:28,actions-trading,상승모멘텀,006405,skip,amount,a2662764e6fd
14927173,2026-10-06 13:27:28,actions-trading,상승모멘텀,353200,skip,adx_high,5252411d4def
14927173,2026-10-06 13:27:28,actions-trading,상승모멘텀,090460,skip,period,c3f0626fc867
14927173,2026-10-06 13:27:28,actions-trading,상승모멘텀,063160,skip,amount,d996d2d9a29d
14927173,2026-10-06 13:27:28,actions-trading,상승모멘텀,009150,skip,qty_zero,2d3dd2b7c005
14927173,2026-10-06 13:27:28,actions-trading,상승모멘텀,298020,skip,adx_high,aec6a952c3aa
14927173,2026-10-06 13:27:28,actions-trading,상승모멘텀,003670,skip,period,0f211f83b550
14927173,2026-10-06 13:27:28,actions-trading,Sim6,_gate,skip,already_rebalanced,e3b0c44298fc
14927173,2026-10-06 13:27:28,actions-trading,Sim6,069500,seen,,467e829c06db
14927173,2026-10-06 13:27:28,actions-trading,Sim6,360750,seen,,d0f349459304
14927173,2026-10-06 13:27:28,actions-trading,Sim6,148070,seen,,0bb591a71007
14927173,2026-10-06 13:27:28,actions-trading,Sim6,411060,seen,,de5759dbc625
14927173,2026-10-06 13:27:28,actions-trading,Sim6,305080,seen,,5d3a0ce496a3
14927173,2026-10-06 13:27:28,actions-trading,Sim6,357870,seen,,cd7260349d04
14927173,2026-10-06 13:27:28,actions-trading,Sim4-1,003580,skip,adx_high,c106855f8a2c
14927173,2026-10-06 13:27:28,actions-trading,Sim4-1,480370,skip,adx_high,aa01369b78d9
14927173,2026-10-06 13:27:28,actions-trading,Sim4-1,281820,skip,adx_high,b4ceee5c10c0
14927173,2026-10-06 13:27:28,actions-trading,Sim4-1,006110,skip,adx_high,168477a27440
14927173,2026-10-06 13:27:28,actions-trading,Sim4-1,011070,skip,adx_low,e63fd5fd1364
14927173,2026-10-06 13:27:28,actions-trading,Sim4-1,002710,skip,held_or_cooldown,6cf0b06abfdf
14927173,2026-10-06 13:27:28,actions-trading,Sim4-1,066970,skip,adx_low,0dce28991d78
14927173,2026-10-06 13:27:28,actions-trading,Sim4-1,000150,skip,adx_high,a2691c7e2958
14927173,2026-10-06 13:27:28,actions-trading,Sim4-1,007660,skip,held_or_cooldown,3ed1be970f5e
14927173,2026-10-06 13:27:28,actions-trading,Sim4-1,006400,skip,adx_low,d220475ea212
14927173,2026-10-06 13:27:28,actions-trading,Sim4-1,008970,skip,held_or_cooldown,2ab14aee8a79
14927173,2026-10-06 13:27:28,actions-trading,Sim4-1,336370,skip,adx_high,c49627d64eec
14927173,2026-10-06 13:27:28,actions-trading,Sim4-1,002820,skip,amount,28e4ff9cd7a8
14927173,2026-10-06 13:27:28,actions-trading,Sim4-1,005030,skip,amount,8cf8942b4e96
14927173,2026-10-06 13:27:28,actions-trading,Sim4-1,066570,skip,adx_low,f8eef54c488d
14927173,2026-10-06 13:27:28,actions-trading,Sim4-1,007810,skip,adx_high,dfb0fe87ff97
14927173,2026-10-06 13:27:28,actions-trading,Sim4-1,018670,skip,period,a8e8c952ca75
14927173,2026-10-06 13:27:28,actions-trading,Sim4-1,066575,skip,adx_high,eb48d63530fc
14927173,2026-10-06 13:27:28,actions-trading,Sim4-1,000157,skip,amount,73f2f69476b5
14927173,2026-10-06 13:27:28,actions-trading,Sim4-1,020150,skip,held_or_cooldown,ec76f0b9c42d
14927173,2026-10-06 13:27:28,actions-trading,Sim4-1,000155,skip,adx_high,36fd9e4b3a22
14927173,2026-10-06 13:27:28,actions-trading,Sim4-1,000020,skip,adx_low,c78164190223
14927173,2026-10-06 13:27:28,actions-trading,Sim4-1,005690,skip,period,bf2c3a5058d4
14927173,2026-10-06 13:27:28,actions-trading,Sim4-1,006405,skip,amount,a2662764e6fd
14927173,2026-10-06 13:27:28,actions-trading,Sim4-1,353200,skip,adx_high,5252411d4def
14927173,2026-10-06 13:27:28,actions-trading,Sim4-1,090460,skip,period,c3f0626fc867
14927173,2026-10-06 13:27:28,actions-trading,Sim4-1,063160,skip,amount,d996d2d9a29d
14927173,2026-10-06 13:27:28,actions-trading,Sim4-1,009150,skip,qty_zero,2d3dd2b7c005
14927173,2026-10-06 13:27:28,actions-trading,Sim4-1,298020,skip,adx_high,aec6a952c3aa
14927173,2026-10-06 13:27:28,actions-trading,Sim4-1,003670,skip,period,0f211f83b550
14927173,2026-10-06 13:27:32,actions-trading,선행매집,018880,skip,below_anchor,73b71db20c28
14927173,2026-10-06 13:27:32,actions-trading,선행매집,047040,skip,below_anchor,890667e3c741
14927173,2026-10-06 13:27:32,actions-trading,선행매집,007660,skip,below_anchor,3ed1be970f5e
14927173,2026-10-06 13:27:32,actions-trading,선행매집,066570,skip,below_anchor,f8eef54c488d
14927173,2026-10-06 13:27:32,actions-trading,선행매집,002710,skip,below_anchor,6cf0b06abfdf
14927173,2026-10-06 13:27:32,actions-trading,선행매집,006800,skip,below_anchor,12f8ed54b2e2
14927173,2026-10-06 13:27:32,actions-trading,선행매집,001250,skip,below_anchor,7cb5f3c65b4c
14927173,2026-10-06 13:27:32,actions-trading,선행매집,009190,skip,below_anchor,54ac49ac3eaa
14927173,2026-10-06 13:27:32,actions-trading,선행매집,005320,skip,amount,f6daf5144b33
14927173,2026-10-06 13:27:32,actions-trading,선행매집,009830,skip,below_anchor,d1330f697c7f
14927173,2026-10-06 13:27:32,actions-trading,선행매집,006400,skip,below_anchor,d220475ea212
14927173,2026-10-06 13:27:32,actions-trading,선행매집,005690,skip,below_anchor,bf2c3a5058d4
14927173,2026-10-06 13:27:32,actions-trading,선행매집,025560,skip,below_anchor,fac8b11b18c7
14927173,2026-10-06 13:27:32,actions-trading,선행매집,336370,skip,below_anchor,c49627d64eec
14927173,2026-10-06 13:27:32,actions-trading,선행매집,009150,skip,below_anchor,2d3dd2b7c005
14927173,2026-10-06 13:27:32,actions-trading,선행매집,005360,skip,amount,14eada5a9e24
14927173,2026-10-06 13:27:32,actions-trading,선행매집,279570,skip,below_anchor,7d45cc3a6c8d
14927173,2026-10-06 13:27:32,actions-trading,선행매집,002700,skip,amount,59248e63233f
14927173,2026-10-06 13:27:32,actions-trading,선행매집,090460,skip,below_anchor,c3f0626fc867
14927173,2026-10-06 13:27:32,actions-trading,선행매집,011070,skip,below_anchor,e63fd5fd1364
14927173,2026-10-06 13:27:32,actions-trading,선행매집,022100,skip,below_anchor,2cd4f5ccc226
14927173,2026-10-06 13:27:32,actions-trading,선행매집,010120,skip,below_anchor,9d919275c4a9
14927173,2026-10-06 13:27:32,actions-trading,선행매집,192650,skip,sold_or_cooldown,44b81f55d3e0
14927173,2026-10-06 13:27:32,actions-trading,선행매집,138930,skip,below_anchor,0c9f00dd246f
14927173,2026-10-06 13:27:32,actions-trading,선행매집,066970,skip,below_anchor,0dce28991d78
14927173,2026-10-06 13:27:32,actions-trading,선행매집,015760,skip,below_anchor,92c791bd3851
14927173,2026-10-06 13:27:32,actions-trading,선행매집,003620,skip,below_anchor,c34dad3269aa
14927173,2026-10-06 13:27:32,actions-trading,선행매집,460860,skip,below_anchor,7bc49a99f683
14927173,2026-10-06 13:27:32,actions-trading,선행매집,015260,skip,amount,57ccb4f62d7b
14927173,2026-10-06 13:27:32,actions-trading,선행매집,452260,skip,below_anchor,1d44949810e9
14927173,2026-10-06 13:27:32,actions-trading,Sim9,_gate,skip,outside_entry_window,e3b0c44298fc
14927173,2026-10-06 13:27:32,actions-trading,Sim9,003580,seen,,c106855f8a2c
14927173,2026-10-06 13:27:32,actions-trading,Sim9,480370,seen,,aa01369b78d9
14927173,2026-10-06 13:27:32,actions-trading,Sim9,281820,seen,,b4ceee5c10c0
14927173,2026-10-06 13:27:32,actions-trading,Sim9,006110,seen,,168477a27440
14927173,2026-10-06 13:27:32,actions-trading,Sim9,011070,seen,,e63fd5fd1364
14927173,2026-10-06 13:27:32,actions-trading,Sim9,002710,seen,,6cf0b06abfdf
14927173,2026-10-06 13:27:32,actions-trading,Sim9,066970,seen,,0dce28991d78
14927173,2026-10-06 13:27:32,actions-trading,Sim9,000150,seen,,a2691c7e2958
14927173,2026-10-06 13:27:32,actions-trading,Sim9,007660,seen,,3ed1be970f5e
14927173,2026-10-06 13:27:32,actions-trading,Sim9,006400,seen,,d220475ea212
14927173,2026-10-06 13:27:32,actions-trading,Sim9,008970,seen,,2ab14aee8a79
14927173,2026-10-06 13:27:32,actions-trading,Sim9,336370,seen,,c49627d64eec
14927173,2026-10-06 13:27:32,actions-trading,Sim9,002820,seen,,28e4ff9cd7a8
14927173,2026-10-06 13:27:32,actions-trading,Sim9,005030,seen,,8cf8942b4e96
14927173,2026-10-06 13:27:32,actions-trading,Sim9,066570,seen,,f8eef54c488d
14927173,2026-10-06 13:27:32,actions-trading,Sim9,007810,seen,,dfb0fe87ff97
14927173,2026-10-06 13:27:32,actions-trading,Sim9,018670,seen,,a8e8c952ca75
14927173,2026-10-06 13:27:32,actions-trading,Sim9,066575,seen,,eb48d63530fc
14927173,2026-10-06 13:27:32,actions-trading,Sim9,000157,seen,,73f2f69476b5
14927173,2026-10-06 13:27:32,actions-trading,Sim9,020150,seen,,ec76f0b9c42d
14927173,2026-10-06 13:27:32,actions-trading,Sim9,000155,seen,,36fd9e4b3a22
14927173,2026-10-06 13:27:32,actions-trading,Sim9,000020,seen,,c78164190223
14927173,2026-10-06 13:27:32,actions-trading,Sim9,005690,seen,,bf2c3a5058d4
14927173,2026-10-06 13:27:32,actions-trading,Sim9,006405,seen,,a2662764e6fd
14927173,2026-10-06 13:27:32,actions-trading,Sim9,353200,seen,,5252411d4def
14927173,2026-10-06 13:27:32,actions-trading,Sim9,090460,seen,,c3f0626fc867
14927173,2026-10-06 13:27:32,actions-trading,Sim9,063160,seen,,d996d2d9a29d
14927173,2026-10-06 13:27:32,actions-trading,Sim9,009150,seen,,2d3dd2b7c005
14927173,2026-10-06 13:27:32,actions-trading,Sim9,298020,seen,,aec6a952c3aa
14927173,2026-10-06 13:27:32,actions-trading,Sim9,003670,seen,,0f211f83b550
14927173,2026-10-06 13:27:32,actions-trading,미너비니,192820,skip,below_pivot,1c0186d460c4
14927173,2026-10-06 13:27:32,actions-trading,미너비니,443060,skip,below_pivot,e3ef767a9ee6
14927173,2026-10-06 13:27:32,actions-trading,Sim12,003580,skip,pb2_not_crashed,c106855f8a2c
14927173,2026-10-06 13:27:32,actions-trading,Sim12,480370,skip,pb2_not_crashed,aa01369b78d9
14927173,2026-10-06 13:27:32,actions-trading,Sim12,281820,skip,pb2_not_crashed,b4ceee5c10c0
14927173,2026-10-06 13:27:32,actions-trading,Sim12,006110,skip,pb2_not_crashed,168477a27440
14927173,2026-10-06 13:27:32,actions-trading,Sim12,011070,skip,avoid_orgn_sell_high_per,e63fd5fd1364
14927173,2026-10-06 13:27:32,actions-trading,Sim12,002710,skip,avoid_frgn_sell_20d,6cf0b06abfdf
14927173,2026-10-06 13:27:32,actions-trading,Sim12,066970,skip,pb2_not_crashed,0dce28991d78
14927173,2026-10-06 13:27:32,actions-trading,Sim12,000150,skip,avoid_frgn_sell_20d,a2691c7e2958
14927173,2026-10-06 13:27:32,actions-trading,Sim12,007660,skip,pb2_not_crashed,3ed1be970f5e
14927173,2026-10-06 13:27:32,actions-trading,Sim12,006400,skip,pb2_not_crashed,d220475ea212
14927173,2026-10-06 13:27:32,actions-trading,Sim12,008970,skip,pb2_not_crashed,2ab14aee8a79
14927173,2026-10-06 13:27:32,actions-trading,Sim12,336370,skip,avoid_frgn_sell_20d,c49627d64eec
14927173,2026-10-06 13:27:32,actions-trading,Sim12,002820,skip,avoid_deadcat,28e4ff9cd7a8
14927173,2026-10-06 13:27:32,actions-trading,Sim12,005030,skip,avoid_amount_dry,8cf8942b4e96
14927173,2026-10-06 13:27:32,actions-trading,Sim12,066570,skip,pb2_not_crashed,f8eef54c488d
14927173,2026-10-06 13:27:32,actions-trading,Sim12,007810,skip,pb2_not_crashed,dfb0fe87ff97
14927173,2026-10-06 13:27:32,actions-trading,Sim12,018670,skip,avoid_frgn_sell_20d,a8e8c952ca75
14927173,2026-10-06 13:27:32,actions-trading,Sim12,066575,skip,pb2_not_crashed,eb48d63530fc
14927173,2026-10-06 13:27:32,actions-trading,Sim12,000157,skip,pb2_thin_liquidity,73f2f69476b5
14927173,2026-10-06 13:27:32,actions-trading,Sim12,020150,skip,avoid_frgn_sell_20d,ec76f0b9c42d
14927173,2026-10-06 13:27:32,actions-trading,Sim12,000155,skip,pb2_thin_liquidity,36fd9e4b3a22
14927173,2026-10-06 13:27:32,actions-trading,Sim12,000020,skip,pb2_not_crashed,c78164190223
14927173,2026-10-06 13:27:32,actions-trading,Sim12,005690,skip,pb2_not_crashed,bf2c3a5058d4
14927173,2026-10-06 13:27:32,actions-trading,Sim12,006405,skip,pb2_not_crashed,a2662764e6fd
14927173,2026-10-06 13:27:32,actions-trading,Sim12,353200,skip,avoid_orgn_sell_high_per,5252411d4def
14927173,2026-10-06 13:27:32,actions-trading,Sim12,090460,skip,pb2_not_crashed,c3f0626fc867
14927173,2026-10-06 13:27:32,actions-trading,Sim12,063160,skip,avoid_frgn_sell_20d,d996d2d9a29d
14927173,2026-10-06 13:27:32,actions-trading,Sim12,009150,skip,pb2_not_crashed,2d3dd2b7c005
14927173,2026-10-06 13:27:32,actions-trading,Sim12,298020,skip,avoid_orgn_sell_high_per,aec6a952c3aa
14927173,2026-10-06 13:27:32,actions-trading,Sim12,003670,skip,avoid_frgn_sell_20d,0f211f83b550
14927173,2026-10-06 13:27:32,actions-trading,Sim12,005110,skip,avoid_amount_dry,914b6555b8ba
14927173,2026-10-06 13:27:32,actions-trading,Sim12,015260,skip,pb2_no_inst_buying,57ccb4f62d7b
14927173,2026-10-06 13:27:32,actions-trading,Sim12,020120,skip,pb2_not_crashed,132169d9a309
14927173,2026-10-06 13:27:32,actions-trading,Sim12,004920,skip,pb2_not_crashed,0838f76f33e8
14927173,2026-10-06 13:27:32,actions-trading,Sim12,001525,skip,avoid_amount_dry,65967eaa8037
14927173,2026-10-06 13:27:32,actions-trading,Sim12,003010,skip,pb2_not_crashed,f8b162293470
14927173,2026-10-06 13:27:32,actions-trading,Sim12,079550,skip,pb2_not_crashed,e1273c65570b
14927173,2026-10-06 13:27:32,actions-trading,Sim12,014915,skip,pb2_not_crashed,349afb6fc194
14927173,2026-10-06 13:27:32,actions-trading,Sim12,044820,skip,avoid_frgn_sell_20d,9bcb7e92d78b
14927173,2026-10-06 13:27:32,actions-trading,Sim12,001380,skip,avoid_frgn_sell_20d,4a694aed1bc8
14927173,2026-10-06 13:27:32,actions-trading,Sim12,003350,skip,avoid_amount_dry,3abeafcf33f3
14927173,2026-10-06 13:27:32,actions-trading,Sim12,002870,skip,avoid_frgn_sell_20d,5030eccca5d8
14927173,2026-10-06 13:27:32,actions-trading,Sim12,465770,skip,avoid_amount_dry,b83e5c0412b4
14927173,2026-10-06 13:27:32,actions-trading,Sim12,084680,skip,avoid_frgn_sell_20d,e4f30aedd3c1
14927173,2026-10-06 13:27:32,actions-trading,Sim12,002787,skip,avoid_amount_dry,edd7a384e62b
14927173,2026-10-06 13:27:32,actions-trading,Sim12,002785,skip,pb2_no_inst_buying,e4fdd2ca22c5
14927173,2026-10-06 13:27:32,actions-trading,Sim12,051630,skip,avoid_amount_dry,dcbca38a600b
14927173,2026-10-06 13:27:32,actions-trading,Sim12,036570,skip,pb2_not_crashed,d2686b6cdb0a
14927173,2026-10-06 13:27:32,actions-trading,Sim12,003570,skip,avoid_frgn_sell_20d,86d2d77b8920
14927173,2026-10-06 13:27:32,actions-trading,Sim12,071950,skip,pb2_no_inst_buying,685506c0a4e4
14927173,2026-10-06 13:27:32,actions-trading,Sim12,443060,skip,avoid_amount_dry,e3ef767a9ee6
14927173,2026-10-06 13:27:32,actions-trading,Sim12,109070,skip,pb2_not_crashed,84d2f5d1bc18
14927173,2026-10-06 13:27:32,actions-trading,Sim12,005880,skip,pb2_not_crashed,6ca51a64e8a0
14927173,2026-10-06 13:27:32,actions-trading,Sim12,100840,skip,avoid_amount_dry,3d3ef88039b3
14927173,2026-10-06 13:27:32,actions-trading,Sim12,027740,skip,avoid_frgn_sell_20d,03ba8cf00266
14927173,2026-10-06 13:27:32,actions-trading,Sim12,088790,skip,avoid_amount_dry,8fb0f575cf17
14927173,2026-10-06 13:27:32,actions-trading,Sim12,011300,skip,avoid_amount_dry,3c7603c68a00
14927173,2026-10-06 13:27:32,actions-trading,Sim12,010640,skip,avoid_amount_dry,24bea0b0ef1b
14927173,2026-10-06 13:27:32,actions-trading,Sim12,064350,skip,avoid_frgn_sell_20d,b1214f9f9b29
14927173,2026-10-06 13:27:32,actions-trading,Sim12,026960,skip,pb2_not_crashed,40a8e71495f8
14927173,2026-10-06 13:27:32,actions-trading,Sim13,003580,skip,theme_momentum_weak,c106855f8a2c
14927173,2026-10-06 13:27:32,actions-trading,Sim13,480370,skip,no_frgn_support,aa01369b78d9
14927173,2026-10-06 13:27:32,actions-trading,Sim13,281820,skip,no_frgn_support,b4ceee5c10c0
14927173,2026-10-06 13:27:32,actions-trading,Sim13,006110,skip,theme_momentum_weak,168477a27440
14927173,2026-10-06 13:27:32,actions-trading,Sim13,011070,skip,theme_momentum_weak,e63fd5fd1364
14927173,2026-10-06 13:27:32,actions-trading,Sim13,002710,skip,adx_weak,6cf0b06abfdf
14927173,2026-10-06 13:27:32,actions-trading,Sim13,066970,skip,theme_momentum_weak,0dce28991d78
14927173,2026-10-06 13:27:32,actions-trading,Sim13,000150,skip,adx_weak,a2691c7e2958
14927173,2026-10-06 13:27:32,actions-trading,Sim13,007660,skip,adx_weak,3ed1be970f5e
14927173,2026-10-06 13:27:32,actions-trading,Sim13,006400,skip,theme_momentum_weak,d220475ea212
14927173,2026-10-06 13:27:32,actions-trading,Sim13,008970,skip,adx_weak,2ab14aee8a79
14927173,2026-10-06 13:27:32,actions-trading,Sim13,336370,skip,adx_weak,c49627d64eec
14927173,2026-10-06 13:27:32,actions-trading,Sim13,002820,skip,theme_momentum_weak,28e4ff9cd7a8
14927173,2026-10-06 13:27:32,actions-trading,Sim13,005030,skip,theme_momentum_weak,8cf8942b4e96
14927173,2026-10-06 13:27:32,actions-trading,Sim13,066570,skip,theme_momentum_weak,f8eef54c488d
14927173,2026-10-06 13:27:32,actions-trading,Sim13,007810,skip,amount_not_surprised,dfb0fe87ff97
14927173,2026-10-06 13:27:32,actions-trading,Sim13,018670,skip,theme_momentum_weak,a8e8c952ca75
14927173,2026-10-06 13:27:32,actions-trading,Sim13,066575,skip,theme_momentum_weak,eb48d63530fc
14927173,2026-10-06 13:27:32,actions-trading,Sim13,000157,skip,theme_momentum_weak,73f2f69476b5
14927173,2026-10-06 13:27:32,actions-trading,Sim13,020150,skip,no_frgn_support,ec76f0b9c42d
14927173,2026-10-06 13:27:32,actions-trading,Sim13,000155,skip,theme_momentum_weak,36fd9e4b3a22
14927173,2026-10-06 13:27:32,actions-trading,Sim13,000020,skip,theme_momentum_weak,c78164190223
14927173,2026-10-06 13:27:32,actions-trading,Sim13,005690,skip,adx_weak,bf2c3a5058d4
14927173,2026-10-06 13:27:32,actions-trading,Sim13,006405,skip,theme_momentum_weak,a2662764e6fd
14927173,2026-10-06 13:27:32,actions-trading,Sim13,353200,skip,amount_not_surprised,5252411d4def
14927173,2026-10-06 13:27:32,actions-trading,Sim13,090460,skip,theme_momentum_weak,c3f0626fc867
14927173,2026-10-06 13:27:32,actions-trading,Sim13,063160,skip,theme_momentum_weak,d996d2d9a29d
14927173,2026-10-06 13:27:32,actions-trading,Sim13,009150,skip,adx_weak,2d3dd2b7c005
14927173,2026-10-06 13:27:32,actions-trading,Sim13,298020,skip,theme_momentum_weak,aec6a952c3aa
14927173,2026-10-06 13:27:32,actions-trading,Sim13,003670,skip,theme_momentum_weak,0f211f83b550
14927173,2026-10-06 13:27:32,actions-trading,Sim14,_gate,skip,regime_blocked,e3b0c44298fc
14927173,2026-10-06 13:27:32,actions-trading,Sim15,_gate,skip,already_rebalanced,e3b0c44298fc
14927173,2026-10-06 13:27:32,actions-trading,Sim15,069500,seen,,467e829c06db
14927173,2026-10-06 13:27:32,actions-trading,Sim15,133690,seen,,0e2a332769ef
14927173,2026-10-06 13:27:32,actions-trading,Sim15,148070,seen,,0bb591a71007
14927173,2026-10-06 13:27:32,actions-trading,Sim16,_gate,skip,already_rebalanced,e3b0c44298fc
14927173,2026-10-06 13:27:32,actions-trading,Sim16,122630,seen,,fc01b89299e3
14927173,2026-10-06 13:27:32,actions-trading,Sim16,418660,seen,,794c4408b435
14927173,2026-10-06 13:27:32,actions-trading,Sim16,148070,seen,,0bb591a71007
14927174,2026-10-06 13:29:01,actions-trading,Sim3,402340,skip,qty_zero,ea0172806f03
14927174,2026-10-06 13:29:01,actions-trading,Sim3,383800,skip,amount,0fb2b3c55521
14927174,2026-10-06 13:29:01,actions-trading,Sim3,462870,skip,amount,decae3ff422a
14927174,2026-10-06 13:29:01,actions-trading,Sim3,000660,skip,qty_zero,9d7ecd494d6d
14927174,2026-10-06 13:29:01,actions-trading,Sim3,071970,skip,cooldown,1c27adb8bedb
14927174,2026-10-06 13:29:01,actions-trading,Sim3,042700,skip,not_cheap,1004db5f4cb4
14927174,2026-10-06 13:29:01,actions-trading,Sim3,326030,skip,cooldown,2432cf00b595
14927174,2026-10-06 13:29:01,actions-trading,Sim3,207940,skip,not_cheap,8e6c5da657d1
14927174,2026-10-06 13:29:01,actions-trading,Sim3,033920,skip,amount,e9939b66ad81
14927174,2026-10-06 13:29:01,actions-trading,Sim3,004770,skip,amount,52bf52244f5f
14927174,2026-10-06 13:29:01,actions-trading,Sim3,0126Z0,skip,not_cheap,00c9d2cd3e44
14927174,2026-10-06 13:29:01,actions-trading,Sim3,062040,skip,not_cheap,d31c46f5a7fe
14927174,2026-10-06 13:29:01,actions-trading,Sim3,317450,skip,amount,fefbe93d3599
14927174,2026-10-06 13:29:01,actions-trading,Sim3,026960,skip,amount,af48a6bc188f
14927174,2026-10-06 13:29:01,actions-trading,Sim3,021820,skip,amount,4eca82215890
14927174,2026-10-06 13:29:01,actions-trading,Sim3,192080,skip,amount,3fc271c98d30
14927174,2026-10-06 13:29:01,actions-trading,Sim3,068270,skip,cooldown,9a4c33de8875
14927174,2026-10-06 13:29:01,actions-trading,Sim3,123890,skip,amount,41f077a824b9
14927174,2026-10-06 13:29:01,actions-trading,Sim3,000240,skip,amount,eeab83e19ac7
14927174,2026-10-06 13:29:01,actions-trading,Sim3,002380,skip,amount,2492821f1f45
14927174,2026-10-06 13:29:01,actions-trading,Sim3,009770,skip,amount,01a28af7b427
14927174,2026-10-06 13:29:01,actions-trading,Sim3,259960,skip,cooldown,532f5dde8b45
14927174,2026-10-06 13:29:01,actions-trading,Sim3,035250,skip,amount,dfb93dade52b
14927174,2026-10-06 13:29:01,actions-trading,Sim3,383220,skip,amount,1abedce24a9d
14927174,2026-10-06 13:29:01,actions-trading,Sim3,226320,skip,amount,0b0699e075ea
14927174,2026-10-06 13:29:01,actions-trading,Sim3,439260,skip,amount,6b361e99357d
14927174,2026-10-06 13:29:01,actions-trading,Sim3,025560,skip,cooldown,5edf2d85ef84
14927174,2026-10-06 13:29:01,actions-trading,Sim3,007700,skip,amount,34da42f3afa3
14927174,2026-10-06 13:29:01,actions-trading,Sim3,278470,skip,not_cheap,880a25eb3174
14927174,2026-10-06 13:29:01,actions-trading,Sim3,000990,skip,not_cheap,35313eae037c
14927174,2026-10-06 13:29:42,actions-trading,MFHS2,018880,skip,max_holdings,99ac5bd9095d
14927174,2026-10-06 13:29:42,actions-trading,MFHS2,047040,seen,,9490f00861ac
14927174,2026-10-06 13:29:42,actions-trading,MFHS2,007660,seen,,00328663c9b0
14927174,2026-10-06 13:29:42,actions-trading,MFHS2,066570,seen,,7a7d1dc2e1b1
14927174,2026-10-06 13:29:42,actions-trading,MFHS2,009190,seen,,55e25984db0e
14927174,2026-10-06 13:29:42,actions-trading,MFHS2,002710,seen,,342cb8bdc46d
14927174,2026-10-06 13:29:42,actions-trading,MFHS2,005690,seen,,e6fe807b62de
14927174,2026-10-06 13:29:42,actions-trading,MFHS2,025560,seen,,58d24da81b5b
14927174,2026-10-06 13:29:42,actions-trading,MFHS2,005360,seen,,107a4691962f
14927174,2026-10-06 13:29:42,actions-trading,MFHS2,009830,seen,,7aab44770971
14927174,2026-10-06 13:29:42,actions-trading,MFHS2,006400,seen,,559d79fb0fde
14927174,2026-10-06 13:29:42,actions-trading,MFHS2,002700,seen,,5777c77c58d2
14927174,2026-10-06 13:29:42,actions-trading,MFHS2,279570,seen,,ac7bfee4c3ac
14927174,2026-10-06 13:29:42,actions-trading,MFHS2,138930,seen,,d7ba9268f93e
14927174,2026-10-06 13:29:42,actions-trading,MFHS2,090460,seen,,f2d4ff1115e5
14927174,2026-10-06 13:29:42,actions-trading,MFHS2,009150,seen,,aba583e0f5e3
14927174,2026-10-06 13:29:42,actions-trading,MFHS2,317400,seen,,50ad330fef64
14927174,2026-10-06 13:29:42,actions-trading,MFHS2,460860,seen,,b1280be4960d
14927174,2026-10-06 13:29:42,actions-trading,MFHS2,006800,seen,,933a31273649
14927174,2026-10-06 13:29:42,actions-trading,MFHS2,010120,seen,,83dd73e989b3
14927174,2026-10-06 13:29:42,actions-trading,MFHS2,011070,seen,,c6b1665480fa
14927174,2026-10-06 13:29:42,actions-trading,MFHS2,022100,seen,,1803eebdab1b
14927174,2026-10-06 13:29:42,actions-trading,MFHS2,003620,seen,,ae69b0067c24
14927174,2026-10-06 13:29:42,actions-trading,MFHS2,015260,seen,,c2e4809e974e
14927174,2026-10-06 13:29:42,actions-trading,MFHS2,452260,seen,,66047c5b6a62
14927174,2026-10-06 13:29:42,actions-trading,MFHS2,001230,seen,,141037a5a24b
14927174,2026-10-06 13:29:42,actions-trading,MFHS2,066970,seen,,51f51538a68f
14927174,2026-10-06 13:29:42,actions-trading,MFHS2,066575,seen,,c20d34d56542
14927174,2026-10-06 13:29:42,actions-trading,MFHS2,004020,seen,,d93ea6f71280
14927174,2026-10-06 13:29:42,actions-trading,MFHS2,002990,seen,,730221754aa3
14927174,2026-10-06 13:29:43,actions-trading,상승모멘텀,003580,skip,adx_high,7fd2264fb625
14927174,2026-10-06 13:29:43,actions-trading,상승모멘텀,480370,skip,adx_high,0fcbfa21bafa
14927174,2026-10-06 13:29:43,actions-trading,상승모멘텀,281820,skip,adx_high,4d1d3f373689
14927174,2026-10-06 13:29:43,actions-trading,상승모멘텀,006110,skip,adx_high,ed9eaeb49621
14927174,2026-10-06 13:29:43,actions-trading,상승모멘텀,011070,skip,adx_low,c6b1665480fa
14927174,2026-10-06 13:29:43,actions-trading,상승모멘텀,002710,skip,tick,342cb8bdc46d
14927174,2026-10-06 13:29:43,actions-trading,상승모멘텀,066970,skip,adx_low,51f51538a68f
14927174,2026-10-06 13:29:43,actions-trading,상승모멘텀,000150,skip,adx_high,45d0ba9b4bcb
14927174,2026-10-06 13:29:43,actions-trading,상승모멘텀,007660,skip,held_or_sold_today,00328663c9b0
14927174,2026-10-06 13:29:43,actions-trading,상승모멘텀,006400,skip,adx_low,559d79fb0fde
14927174,2026-10-06 13:29:43,actions-trading,상승모멘텀,008970,skip,tick,5cdb5739e1a3
14927174,2026-10-06 13:29:43,actions-trading,상승모멘텀,336370,skip,adx_high,4080ee0593cb
14927174,2026-10-06 13:29:43,actions-trading,상승모멘텀,007810,skip,adx_high,66e243f4da0c
14927174,2026-10-06 13:29:43,actions-trading,상승모멘텀,005030,skip,amount,8cf8942b4e96
14927174,2026-10-06 13:29:43,actions-trading,상승모멘텀,066570,skip,adx_low,7a7d1dc2e1b1
14927174,2026-10-06 13:29:43,actions-trading,상승모멘텀,002820,skip,amount,cb60d9bd302e
14927174,2026-10-06 13:29:43,actions-trading,상승모멘텀,000020,skip,adx_low,451931cb27e7
14927174,2026-10-06 13:29:43,actions-trading,상승모멘텀,066575,skip,adx_high,c20d34d56542
14927174,2026-10-06 13:29:43,actions-trading,상승모멘텀,018670,skip,period,5e7f75721592
14927174,2026-10-06 13:29:43,actions-trading,상승모멘텀,000157,skip,amount,73f2f69476b5
14927174,2026-10-06 13:29:43,actions-trading,상승모멘텀,090460,skip,period,f2d4ff1115e5
14927174,2026-10-06 13:29:43,actions-trading,상승모멘텀,020150,skip,held_or_sold_today,ce032de2923b
14927174,2026-10-06 13:29:43,actions-trading,상승모멘텀,353200,skip,adx_high,5c136296b67f
14927174,2026-10-06 13:29:43,actions-trading,상승모멘텀,006405,skip,amount,337cd726ab39
14927174,2026-10-06 13:29:43,actions-trading,상승모멘텀,005690,skip,period,e6fe807b62de
14927174,2026-10-06 13:29:43,actions-trading,상승모멘텀,298020,skip,adx_high,a63cc97d2143
14927174,2026-10-06 13:29:43,actions-trading,상승모멘텀,009150,skip,qty_zero,aba583e0f5e3
14927174,2026-10-06 13:29:43,actions-trading,상승모멘텀,000155,skip,adx_high,14f89606ff9a
14927174,2026-10-06 13:29:43,actions-trading,상승모멘텀,003670,skip,period,b41f72428180
14927174,2026-10-06 13:29:43,actions-trading,상승모멘텀,063160,skip,amount,a9485e66aba5
14927174,2026-10-06 13:29:43,actions-trading,Sim6,_gate,skip,already_rebalanced,e3b0c44298fc
14927174,2026-10-06 13:29:43,actions-trading,Sim6,069500,seen,,9d432ec796c3
14927174,2026-10-06 13:29:43,actions-trading,Sim6,360750,seen,,52c03020fd05
14927174,2026-10-06 13:29:43,actions-trading,Sim6,148070,seen,,36bb13c4c181
14927174,2026-10-06 13:29:43,actions-trading,Sim6,411060,seen,,5e4a711d5467
14927174,2026-10-06 13:29:43,actions-trading,Sim6,305080,seen,,7acaaa0ae434
14927174,2026-10-06 13:29:43,actions-trading,Sim6,357870,seen,,911a13351035
14927174,2026-10-06 13:29:43,actions-trading,Sim4-1,003580,skip,adx_high,7fd2264fb625
14927174,2026-10-06 13:29:43,actions-trading,Sim4-1,480370,skip,adx_high,0fcbfa21bafa
14927174,2026-10-06 13:29:43,actions-trading,Sim4-1,281820,skip,adx_high,4d1d3f373689
14927174,2026-10-06 13:29:43,actions-trading,Sim4-1,006110,skip,adx_high,ed9eaeb49621
14927174,2026-10-06 13:29:43,actions-trading,Sim4-1,011070,skip,adx_low,c6b1665480fa
14927174,2026-10-06 13:29:43,actions-trading,Sim4-1,002710,skip,held_or_cooldown,342cb8bdc46d
14927174,2026-10-06 13:29:43,actions-trading,Sim4-1,066970,skip,adx_low,51f51538a68f
14927174,2026-10-06 13:29:43,actions-trading,Sim4-1,000150,skip,adx_high,45d0ba9b4bcb
14927174,2026-10-06 13:29:43,actions-trading,Sim4-1,007660,skip,held_or_cooldown,00328663c9b0
14927174,2026-10-06 13:29:43,actions-trading,Sim4-1,006400,skip,adx_low,559d79fb0fde
14927174,2026-10-06 13:29:43,actions-trading,Sim4-1,008970,skip,held_or_cooldown,5cdb5739e1a3
14927174,2026-10-06 13:29:43,actions-trading,Sim4-1,336370,skip,adx_high,4080ee0593cb
14927174,2026-10-06 13:29:43,actions-trading,Sim4-1,007810,skip,adx_high,66e243f4da0c
14927174,2026-10-06 13:29:43,actions-trading,Sim4-1,005030,skip,amount,8cf8942b4e96
14927174,2026-10-06 13:29:43,actions-trading,Sim4-1,066570,skip,adx_low,7a7d1dc2e1b1
14927174,2026-10-06 13:29:43,actions-trading,Sim4-1,002820,skip,amount,cb60d9bd302e
14927174,2026-10-06 13:29:43,actions-trading,Sim4-1,000020,skip,adx_low,451931cb27e7
14927174,2026-10-06 13:29:43,actions-trading,Sim4-1,066575,skip,adx_high,c20d34d56542
14927174,2026-10-06 13:29:43,actions-trading,Sim4-1,018670,skip,period,5e7f75721592
14927174,2026-10-06 13:29:43,actions-trading,Sim4-1,000157,skip,amount,73f2f69476b5
14927174,2026-10-06 13:29:43,actions-trading,Sim4-1,090460,skip,period,f2d4ff1115e5
14927174,2026-10-06 13:29:43,actions-trading,Sim4-1,020150,skip,held_or_cooldown,ce032de2923b
14927174,2026-10-06 13:29:43,actions-trading,Sim4-1,353200,skip,adx_high,5c136296b67f
14927174,2026-10-06 13:29:43,actions-trading,Sim4-1,006405,skip,amount,337cd726ab39
14927174,2026-10-06 13:29:43,actions-trading,Sim4-1,005690,skip,period,e6fe807b62de
14927174,2026-10-06 13:29:43,actions-trading,Sim4-1,298020,skip,adx_high,a63cc97d2143
14927174,2026-10-06 13:29:43,actions-trading,Sim4-1,009150,skip,qty_zero,aba583e0f5e3
14927174,2026-10-06 13:29:43,actions-trading,Sim4-1,000155,skip,adx_high,14f89606ff9a
14927174,2026-10-06 13:29:43,actions-trading,Sim4-1,003670,skip,period,b41f72428180
14927174,2026-10-06 13:29:43,actions-trading,Sim4-1,063160,skip,amount,a9485e66aba5
14927174,2026-10-06 13:29:46,actions-trading,선행매집,018880,skip,below_anchor,99ac5bd9095d
14927174,2026-10-06 13:29:46,actions-trading,선행매집,047040,skip,below_anchor,9490f00861ac
14927174,2026-10-06 13:29:46,actions-trading,선행매집,007660,skip,below_anchor,00328663c9b0
14927174,2026-10-06 13:29:46,actions-trading,선행매집,066570,skip,below_anchor,7a7d1dc2e1b1
14927174,2026-10-06 13:29:46,actions-trading,선행매집,002710,skip,below_anchor,342cb8bdc46d
14927174,2026-10-06 13:29:46,actions-trading,선행매집,006800,skip,below_anchor,933a31273649
14927174,2026-10-06 13:29:46,actions-trading,선행매집,001250,skip,below_anchor,6a380b20ee71
14927174,2026-10-06 13:29:46,actions-trading,선행매집,009190,skip,below_anchor,55e25984db0e
14927174,2026-10-06 13:29:46,actions-trading,선행매집,005320,skip,amount,f6daf5144b33
14927174,2026-10-06 13:29:46,actions-trading,선행매집,009830,skip,below_anchor,7aab44770971
14927174,2026-10-06 13:29:46,actions-trading,선행매집,006400,skip,below_anchor,559d79fb0fde
14927174,2026-10-06 13:29:46,actions-trading,선행매집,005690,skip,below_anchor,e6fe807b62de
14927174,2026-10-06 13:29:46,actions-trading,선행매집,025560,skip,below_anchor,58d24da81b5b
14927174,2026-10-06 13:29:46,actions-trading,선행매집,336370,skip,below_anchor,4080ee0593cb
14927174,2026-10-06 13:29:46,actions-trading,선행매집,009150,skip,below_anchor,aba583e0f5e3
14927174,2026-10-06 13:29:46,actions-trading,선행매집,005360,skip,amount,107a4691962f
14927174,2026-10-06 13:29:46,actions-trading,선행매집,279570,skip,below_anchor,ac7bfee4c3ac
14927174,2026-10-06 13:29:46,actions-trading,선행매집,002700,skip,amount,5777c77c58d2
14927174,2026-10-06 13:29:46,actions-trading,선행매집,090460,skip,below_anchor,f2d4ff1115e5
14927174,2026-10-06 13:29:46,actions-trading,선행매집,011070,skip,below_anchor,c6b1665480fa
14927174,2026-10-06 13:29:46,actions-trading,선행매집,022100,skip,below_anchor,1803eebdab1b
14927174,2026-10-06 13:29:46,actions-trading,선행매집,010120,skip,below_anchor,83dd73e989b3
14927174,2026-10-06 13:29:46,actions-trading,선행매집,192650,skip,sold_or_cooldown,6c35ff3c6602
14927174,2026-10-06 13:29:46,actions-trading,선행매집,138930,skip,below_anchor,d7ba9268f93e
14927174,2026-10-06 13:29:46,actions-trading,선행매집,066970,skip,below_anchor,51f51538a68f
14927174,2026-10-06 13:29:46,actions-trading,선행매집,015760,skip,below_anchor,110a9a791cfe
14927174,2026-10-06 13:29:46,actions-trading,선행매집,003620,skip,below_anchor,ae69b0067c24
14927174,2026-10-06 13:29:46,actions-trading,선행매집,460860,skip,below_anchor,b1280be4960d
14927174,2026-10-06 13:29:46,actions-trading,선행매집,015260,skip,amount,c2e4809e974e
14927174,2026-10-06 13:29:46,actions-trading,선행매집,452260,skip,below_anchor,66047c5b6a62
14927174,2026-10-06 13:29:46,actions-trading,Sim9,_gate,skip,outside_entry_window,e3b0c44298fc
14927174,2026-10-06 13:29:46,actions-trading,Sim9,003580,seen,,7fd2264fb625
14927174,2026-10-06 13:29:46,actions-trading,Sim9,480370,seen,,0fcbfa21bafa
14927174,2026-10-06 13:29:46,actions-trading,Sim9,281820,seen,,4d1d3f373689
14927174,2026-10-06 13:29:46,actions-trading,Sim9,006110,seen,,ed9eaeb49621
14927174,2026-10-06 13:29:46,actions-trading,Sim9,011070,seen,,c6b1665480fa
14927174,2026-10-06 13:29:46,actions-trading,Sim9,002710,seen,,342cb8bdc46d
14927174,2026-10-06 13:29:46,actions-trading,Sim9,066970,seen,,51f51538a68f
14927174,2026-10-06 13:29:46,actions-trading,Sim9,000150,seen,,45d0ba9b4bcb
14927174,2026-10-06 13:29:46,actions-trading,Sim9,007660,seen,,00328663c9b0
14927174,2026-10-06 13:29:46,actions-trading,Sim9,006400,seen,,559d79fb0fde
14927174,2026-10-06 13:29:46,actions-trading,Sim9,008970,seen,,5cdb5739e1a3
14927174,2026-10-06 13:29:46,actions-trading,Sim9,336370,seen,,4080ee0593cb
14927174,2026-10-06 13:29:46,actions-trading,Sim9,007810,seen,,66e243f4da0c
14927174,2026-10-06 13:29:46,actions-trading,Sim9,005030,seen,,8cf8942b4e96
14927174,2026-10-06 13:29:46,actions-trading,Sim9,066570,seen,,7a7d1dc2e1b1
14927174,2026-10-06 13:29:46,actions-trading,Sim9,002820,seen,,cb60d9bd302e
14927174,2026-10-06 13:29:46,actions-trading,Sim9,000020,seen,,451931cb27e7
14927174,2026-10-06 13:29:46,actions-trading,Sim9,066575,seen,,c20d34d56542
14927174,2026-10-06 13:29:46,actions-trading,Sim9,018670,seen,,5e7f75721592
14927174,2026-10-06 13:29:46,actions-trading,Sim9,000157,seen,,73f2f69476b5
14927174,2026-10-06 13:29:46,actions-trading,Sim9,090460,seen,,f2d4ff1115e5
14927174,2026-10-06 13:29:46,actions-trading,Sim9,020150,seen,,ce032de2923b
14927174,2026-10-06 13:29:46,actions-trading,Sim9,353200,seen,,5c136296b67f
14927174,2026-10-06 13:29:46,actions-trading,Sim9,006405,seen,,337cd726ab39
14927174,2026-10-06 13:29:46,actions-trading,Sim9,005690,seen,,e6fe807b62de
14927174,2026-10-06 13:29:46,actions-trading,Sim9,298020,seen,,a63cc97d2143
14927174,2026-10-06 13:29:46,actions-trading,Sim9,009150,seen,,aba583e0f5e3
14927174,2026-10-06 13:29:46,actions-trading,Sim9,000155,seen,,14f89606ff9a
14927174,2026-10-06 13:29:46,actions-trading,Sim9,003670,seen,,b41f72428180
14927174,2026-10-06 13:29:46,actions-trading,Sim9,063160,seen,,a9485e66aba5
14927174,2026-10-06 13:29:46,actions-trading,미너비니,192820,skip,below_pivot,1566cfce6e52
14927174,2026-10-06 13:29:46,actions-trading,미너비니,443060,skip,below_pivot,84b4bfe8982c
14927174,2026-10-06 13:29:46,actions-trading,Sim12,003580,skip,pb2_not_crashed,7fd2264fb625
14927174,2026-10-06 13:29:46,actions-trading,Sim12,480370,skip,pb2_not_crashed,0fcbfa21bafa
14927174,2026-10-06 13:29:46,actions-trading,Sim12,281820,skip,pb2_not_crashed,4d1d3f373689
14927174,2026-10-06 13:29:46,actions-trading,Sim12,006110,skip,pb2_not_crashed,ed9eaeb49621
14927174,2026-10-06 13:29:46,actions-trading,Sim12,011070,skip,avoid_orgn_sell_high_per,c6b1665480fa
14927174,2026-10-06 13:29:46,actions-trading,Sim12,002710,skip,avoid_frgn_sell_20d,342cb8bdc46d
14927174,2026-10-06 13:29:46,actions-trading,Sim12,066970,skip,pb2_not_crashed,51f51538a68f
14927174,2026-10-06 13:29:46,actions-trading,Sim12,000150,skip,avoid_frgn_sell_20d,45d0ba9b4bcb
14927174,2026-10-06 13:29:46,actions-trading,Sim12,007660,skip,pb2_not_crashed,00328663c9b0
14927174,2026-10-06 13:29:46,actions-trading,Sim12,006400,skip,pb2_not_crashed,559d79fb0fde
14927174,2026-10-06 13:29:46,actions-trading,Sim12,008970,skip,pb2_not_crashed,5cdb5739e1a3
14927174,2026-10-06 13:29:46,actions-trading,Sim12,336370,skip,avoid_frgn_sell_20d,4080ee0593cb
14927174,2026-10-06 13:29:46,actions-trading,Sim12,007810,skip,pb2_not_crashed,66e243f4da0c
14927174,2026-10-06 13:29:46,actions-trading,Sim12,005030,skip,avoid_amount_dry,8cf8942b4e96
14927174,2026-10-06 13:29:46,actions-trading,Sim12,066570,skip,pb2_not_crashed,7a7d1dc2e1b1
14927174,2026-10-06 13:29:46,actions-trading,Sim12,002820,skip,avoid_deadcat,cb60d9bd302e
14927174,2026-10-06 13:29:46,actions-trading,Sim12,000020,skip,pb2_not_crashed,451931cb27e7
14927174,2026-10-06 13:29:46,actions-trading,Sim12,066575,skip,pb2_not_crashed,c20d34d56542
14927174,2026-10-06 13:29:46,actions-trading,Sim12,018670,skip,avoid_frgn_sell_20d,5e7f75721592
14927174,2026-10-06 13:29:46,actions-trading,Sim12,000157,skip,pb2_thin_liquidity,73f2f69476b5
14927174,2026-10-06 13:29:46,actions-trading,Sim12,090460,skip,pb2_not_crashed,f2d4ff1115e5
14927174,2026-10-06 13:29:46,actions-trading,Sim12,020150,skip,avoid_frgn_sell_20d,ce032de2923b
14927174,2026-10-06 13:29:46,actions-trading,Sim12,353200,skip,avoid_orgn_sell_high_per,5c136296b67f
14927174,2026-10-06 13:29:46,actions-trading,Sim12,006405,skip,pb2_not_crashed,337cd726ab39
14927174,2026-10-06 13:29:46,actions-trading,Sim12,005690,skip,pb2_not_crashed,e6fe807b62de
14927174,2026-10-06 13:29:46,actions-trading,Sim12,298020,skip,avoid_orgn_sell_high_per,a63cc97d2143
14927174,2026-10-06 13:29:46,actions-trading,Sim12,009150,skip,pb2_not_crashed,aba583e0f5e3
14927174,2026-10-06 13:29:46,actions-trading,Sim12,000155,skip,pb2_thin_liquidity,14f89606ff9a
14927174,2026-10-06 13:29:46,actions-trading,Sim12,003670,skip,avoid_frgn_sell_20d,b41f72428180
14927174,2026-10-06 13:29:46,actions-trading,Sim12,063160,skip,avoid_frgn_sell_20d,a9485e66aba5
14927174,2026-10-06 13:29:46,actions-trading,Sim12,005110,skip,avoid_amount_dry,914b6555b8ba
14927174,2026-10-06 13:29:46,actions-trading,Sim12,015260,skip,pb2_no_inst_buying,c2e4809e974e
14927174,2026-10-06 13:29:46,actions-trading,Sim12,020120,skip,pb2_not_crashed,6261f8d74124
14927174,2026-10-06 13:29:46,actions-trading,Sim12,004920,skip,pb2_not_crashed,0838f76f33e8
14927174,2026-10-06 13:29:46,actions-trading,Sim12,001525,skip,avoid_amount_dry,65967eaa8037
14927174,2026-10-06 13:29:46,actions-trading,Sim12,003010,skip,pb2_not_crashed,a84db0767c6a
14927174,2026-10-06 13:29:46,actions-trading,Sim12,079550,skip,pb2_not_crashed,00b768de007e
14927174,2026-10-06 13:29:46,actions-trading,Sim12,014915,skip,pb2_not_crashed,349afb6fc194
14927174,2026-10-06 13:29:46,actions-trading,Sim12,044820,skip,avoid_frgn_sell_20d,9bcb7e92d78b
14927174,2026-10-06 13:29:46,actions-trading,Sim12,001380,skip,avoid_frgn_sell_20d,121b22e58241
14927174,2026-10-06 13:29:46,actions-trading,Sim12,003350,skip,avoid_amount_dry,936183815d15
14927174,2026-10-06 13:29:46,actions-trading,Sim12,002870,skip,avoid_frgn_sell_20d,1dd46c4325a4
14927174,2026-10-06 13:29:46,actions-trading,Sim12,002787,skip,avoid_amount_dry,edd7a384e62b
14927174,2026-10-06 13:29:46,actions-trading,Sim12,465770,skip,avoid_amount_dry,52fb2500e369
14927174,2026-10-06 13:29:46,actions-trading,Sim12,036570,skip,pb2_not_crashed,419689a70616
14927174,2026-10-06 13:29:46,actions-trading,Sim12,002785,skip,pb2_no_inst_buying,e4fdd2ca22c5
14927174,2026-10-06 13:29:46,actions-trading,Sim12,084680,skip,avoid_frgn_sell_20d,cd4667360cbf
14927174,2026-10-06 13:29:46,actions-trading,Sim12,051630,skip,avoid_amount_dry,155b7b9e3d91
14927174,2026-10-06 13:29:46,actions-trading,Sim12,003570,skip,avoid_frgn_sell_20d,b65f834a428d
14927174,2026-10-06 13:29:46,actions-trading,Sim12,443060,skip,avoid_amount_dry,84b4bfe8982c
14927174,2026-10-06 13:29:46,actions-trading,Sim12,071950,skip,pb2_no_inst_buying,685506c0a4e4
14927174,2026-10-06 13:29:46,actions-trading,Sim12,005880,skip,pb2_not_crashed,5ae8d6840dd6
14927174,2026-10-06 13:29:46,actions-trading,Sim12,109070,skip,pb2_not_crashed,84d2f5d1bc18
14927174,2026-10-06 13:29:46,actions-trading,Sim12,027740,skip,avoid_frgn_sell_20d,ffc39d50ffa5
14927174,2026-10-06 13:29:46,actions-trading,Sim12,026960,skip,pb2_not_crashed,436a18314e9b
14927174,2026-10-06 13:29:46,actions-trading,Sim12,100840,skip,avoid_amount_dry,912d7e07c517
14927174,2026-10-06 13:29:46,actions-trading,Sim12,088790,skip,avoid_amount_dry,00f9a4ba2d79
14927174,2026-10-06 13:29:46,actions-trading,Sim12,011300,skip,avoid_amount_dry,3c7603c68a00
14927174,2026-10-06 13:29:46,actions-trading,Sim12,064350,skip,avoid_frgn_sell_20d,8d413d2924d0
14927174,2026-10-06 13:29:46,actions-trading,Sim12,010640,skip,avoid_amount_dry,34a8581a4e11
14927174,2026-10-06 13:29:46,actions-trading,Sim13,003580,skip,theme_momentum_weak,7fd2264fb625
14927174,2026-10-06 13:29:46,actions-trading,Sim13,480370,skip,no_frgn_support,0fcbfa21bafa
14927174,2026-10-06 13:29:46,actions-trading,Sim13,281820,skip,no_frgn_support,4d1d3f373689
14927174,2026-10-06 13:29:46,actions-trading,Sim13,006110,skip,theme_momentum_weak,ed9eaeb49621
14927174,2026-10-06 13:29:46,actions-trading,Sim13,011070,skip,theme_momentum_weak,c6b1665480fa
14927174,2026-10-06 13:29:46,actions-trading,Sim13,002710,skip,adx_weak,342cb8bdc46d
14927174,2026-10-06 13:29:46,actions-trading,Sim13,066970,skip,theme_momentum_weak,51f51538a68f
14927174,2026-10-06 13:29:46,actions-trading,Sim13,000150,skip,adx_weak,45d0ba9b4bcb
14927174,2026-10-06 13:29:46,actions-trading,Sim13,007660,skip,adx_weak,00328663c9b0
14927174,2026-10-06 13:29:46,actions-trading,Sim13,006400,skip,theme_momentum_weak,559d79fb0fde
14927174,2026-10-06 13:29:46,actions-trading,Sim13,008970,skip,adx_weak,5cdb5739e1a3
14927174,2026-10-06 13:29:46,actions-trading,Sim13,336370,skip,adx_weak,4080ee0593cb
14927174,2026-10-06 13:29:46,actions-trading,Sim13,007810,skip,amount_not_surprised,66e243f4da0c
14927174,2026-10-06 13:29:46,actions-trading,Sim13,005030,skip,theme_momentum_weak,8cf8942b4e96
14927174,2026-10-06 13:29:46,actions-trading,Sim13,066570,skip,theme_momentum_weak,7a7d1dc2e1b1
14927174,2026-10-06 13:29:46,actions-trading,Sim13,002820,skip,theme_momentum_weak,cb60d9bd302e
14927174,2026-10-06 13:29:46,actions-trading,Sim13,000020,skip,theme_momentum_weak,451931cb27e7
14927174,2026-10-06 13:29:46,actions-trading,Sim13,066575,skip,theme_momentum_weak,c20d34d56542
14927174,2026-10-06 13:29:46,actions-trading,Sim13,018670,skip,theme_momentum_weak,5e7f75721592
14927174,2026-10-06 13:29:46,actions-trading,Sim13,000157,skip,theme_momentum_weak,73f2f69476b5
14927174,2026-10-06 13:29:46,actions-trading,Sim13,090460,skip,theme_momentum_weak,f2d4ff1115e5
14927174,2026-10-06 13:29:46,actions-trading,Sim13,020150,skip,no_frgn_support,ce032de2923b
14927174,2026-10-06 13:29:46,actions-trading,Sim13,353200,skip,amount_not_surprised,5c136296b67f
14927174,2026-10-06 13:29:46,actions-trading,Sim13,006405,skip,theme_momentum_weak,337cd726ab39
14927174,2026-10-06 13:29:46,actions-trading,Sim13,005690,skip,adx_weak,e6fe807b62de
14927174,2026-10-06 13:29:46,actions-trading,Sim13,298020,skip,theme_momentum_weak,a63cc97d2143
14927174,2026-10-06 13:29:46,actions-trading,Sim13,009150,skip,adx_weak,aba583e0f5e3
14927174,2026-10-06 13:29:46,actions-trading,Sim13,000155,skip,theme_momentum_weak,14f89606ff9a
14927174,2026-10-06 13:29:46,actions-trading,Sim13,003670,skip,theme_momentum_weak,b41f72428180
14927174,2026-10-06 13:29:46,actions-trading,Sim13,063160,skip,theme_momentum_weak,a9485e66aba5
14927174,2026-10-06 13:29:46,actions-trading,Sim14,_gate,skip,regime_blocked,e3b0c44298fc
14927174,2026-10-06 13:29:46,actions-trading,Sim15,_gate,skip,already_rebalanced,e3b0c44298fc
14927174,2026-10-06 13:29:46,actions-trading,Sim15,069500,seen,,9d432ec796c3
14927174,2026-10-06 13:29:46,actions-trading,Sim15,133690,seen,,84d48a38f93a
14927174,2026-10-06 13:29:46,actions-trading,Sim15,148070,seen,,36bb13c4c181
14927174,2026-10-06 13:29:46,actions-trading,Sim16,_gate,skip,already_rebalanced,e3b0c44298fc
14927174,2026-10-06 13:29:46,actions-trading,Sim16,122630,seen,,247b0fb45cf4
14927174,2026-10-06 13:29:46,actions-trading,Sim16,418660,seen,,3d0ec8da48fa
14927174,2026-10-06 13:29:46,actions-trading,Sim16,148070,seen,,36bb13c4c181
14927175,2026-10-06 13:31:09,actions-trading,Sim3,402340,skip,qty_zero,57283ef0b9e5
14927175,2026-10-06 13:31:09,actions-trading,Sim3,383800,skip,amount,f143c0f6fabb
14927175,2026-10-06 13:31:09,actions-trading,Sim3,462870,skip,amount,013159a4da75
14927175,2026-10-06 13:31:09,actions-trading,Sim3,000660,skip,qty_zero,0f5b1dfd90d0
14927175,2026-10-06 13:31:09,actions-trading,Sim3,071970,skip,cooldown,39723605c328
14927175,2026-10-06 13:31:09,actions-trading,Sim3,042700,skip,not_cheap,7b827845e164
14927175,2026-10-06 13:31:09,actions-trading,Sim3,326030,skip,cooldown,a37fc7df00ec
14927175,2026-10-06 13:31:09,actions-trading,Sim3,207940,skip,not_cheap,94fba058d2c9
14927175,2026-10-06 13:31:09,actions-trading,Sim3,033920,skip,amount,27bc3de62045
14927175,2026-10-06 13:31:09,actions-trading,Sim3,004770,skip,amount,7ae24022fcfc
14927175,2026-10-06 13:31:09,actions-trading,Sim3,0126Z0,skip,not_cheap,3d70b87264c0
14927175,2026-10-06 13:31:09,actions-trading,Sim3,062040,skip,not_cheap,609a216d3d84
14927175,2026-10-06 13:31:09,actions-trading,Sim3,317450,skip,amount,e6d4df4136f1
14927175,2026-10-06 13:31:09,actions-trading,Sim3,026960,skip,amount,20ef4ab8107a
14927175,2026-10-06 13:31:09,actions-trading,Sim3,021820,skip,amount,4eca82215890
14927175,2026-10-06 13:31:09,actions-trading,Sim3,192080,skip,amount,2b382bf6ddaa
14927175,2026-10-06 13:31:09,actions-trading,Sim3,068270,skip,cooldown,af44b43184f5
14927175,2026-10-06 13:31:09,actions-trading,Sim3,123890,skip,amount,41f077a824b9
14927175,2026-10-06 13:31:09,actions-trading,Sim3,000240,skip,amount,a8909c0caef6
14927175,2026-10-06 13:31:09,actions-trading,Sim3,002380,skip,amount,f1dfb927198c
14927175,2026-10-06 13:31:09,actions-trading,Sim3,009770,skip,amount,01a28af7b427
14927175,2026-10-06 13:31:09,actions-trading,Sim3,259960,skip,cooldown,92d8bde23af4
14927175,2026-10-06 13:31:09,actions-trading,Sim3,035250,skip,amount,c0638be5aa12
14927175,2026-10-06 13:31:09,actions-trading,Sim3,383220,skip,amount,7c1031bb28e9
14927175,2026-10-06 13:31:09,actions-trading,Sim3,226320,skip,amount,4264bad4219d
14927175,2026-10-06 13:31:09,actions-trading,Sim3,439260,skip,amount,56765483a74f
14927175,2026-10-06 13:31:09,actions-trading,Sim3,025560,skip,cooldown,834e2e4d968a
14927175,2026-10-06 13:31:09,actions-trading,Sim3,007700,skip,amount,ef165a431f21
14927175,2026-10-06 13:31:09,actions-trading,Sim3,278470,skip,not_cheap,7997c9bcecb7
14927175,2026-10-06 13:31:09,actions-trading,Sim3,000990,skip,not_cheap,6b43654f47d2
14927175,2026-10-06 13:31:49,actions-trading,MFHS2,018880,skip,max_holdings,044bd05bf1f2
14927175,2026-10-06 13:31:49,actions-trading,MFHS2,047040,seen,,d9dc45bb73c3
14927175,2026-10-06 13:31:49,actions-trading,MFHS2,007660,seen,,76377bd73308
14927175,2026-10-06 13:31:49,actions-trading,MFHS2,066570,seen,,76faf1034c26
14927175,2026-10-06 13:31:49,actions-trading,MFHS2,009190,seen,,8a7ae7c69e02
14927175,2026-10-06 13:31:49,actions-trading,MFHS2,002710,seen,,a1586ed93f10
14927175,2026-10-06 13:31:49,actions-trading,MFHS2,005690,seen,,4296ea5b8b2d
14927175,2026-10-06 13:31:49,actions-trading,MFHS2,025560,seen,,74a5ec99cf4c
14927175,2026-10-06 13:31:49,actions-trading,MFHS2,005360,seen,,4deff0bfa3f5
14927175,2026-10-06 13:31:49,actions-trading,MFHS2,009830,seen,,011964757d72
14927175,2026-10-06 13:31:49,actions-trading,MFHS2,006400,seen,,5cbda12a213d
14927175,2026-10-06 13:31:49,actions-trading,MFHS2,002700,seen,,b70840cd9c15
14927175,2026-10-06 13:31:49,actions-trading,MFHS2,279570,seen,,8acd555addda
14927175,2026-10-06 13:31:49,actions-trading,MFHS2,138930,seen,,6033174a1b16
14927175,2026-10-06 13:31:49,actions-trading,MFHS2,090460,seen,,be6840f8b4b5
14927175,2026-10-06 13:31:49,actions-trading,MFHS2,009150,seen,,7a3303de4c23
14927175,2026-10-06 13:31:49,actions-trading,MFHS2,317400,seen,,71826d8a883b
14927175,2026-10-06 13:31:49,actions-trading,MFHS2,460860,seen,,35a44e260978
14927175,2026-10-06 13:31:49,actions-trading,MFHS2,006800,seen,,ea16882435cb
14927175,2026-10-06 13:31:49,actions-trading,MFHS2,010120,seen,,6d01a11f80ad
14927175,2026-10-06 13:31:49,actions-trading,MFHS2,011070,seen,,b32b82bbc5ae
14927175,2026-10-06 13:31:49,actions-trading,MFHS2,022100,seen,,6fdbeb0ece62
14927175,2026-10-06 13:31:49,actions-trading,MFHS2,003620,seen,,10a466202483
14927175,2026-10-06 13:31:49,actions-trading,MFHS2,015260,seen,,23a23c6ef910
14927175,2026-10-06 13:31:49,actions-trading,MFHS2,452260,seen,,d2f1b7d79b83
14927175,2026-10-06 13:31:49,actions-trading,MFHS2,001230,seen,,c5052284a545
14927175,2026-10-06 13:31:49,actions-trading,MFHS2,066970,seen,,f0016ec58177
14927175,2026-10-06 13:31:49,actions-trading,MFHS2,066575,seen,,18366a703c88
14927175,2026-10-06 13:31:49,actions-trading,MFHS2,004020,seen,,829d98bef976
14927175,2026-10-06 13:31:49,actions-trading,MFHS2,002990,seen,,4ec20dd31281
14927175,2026-10-06 13:31:51,actions-trading,상승모멘텀,480370,skip,adx_high,a603cac29067
14927175,2026-10-06 13:31:51,actions-trading,상승모멘텀,003580,skip,adx_high,912ccd5601fb
14927175,2026-10-06 13:31:51,actions-trading,상승모멘텀,281820,skip,adx_high,04402edc19f0
14927175,2026-10-06 13:31:51,actions-trading,상승모멘텀,006110,skip,adx_high,d8def95202db
14927175,2026-10-06 13:31:51,actions-trading,상승모멘텀,011070,skip,adx_low,b32b82bbc5ae
14927175,2026-10-06 13:31:51,actions-trading,상승모멘텀,002710,skip,tick,a1586ed93f10
14927175,2026-10-06 13:31:51,actions-trading,상승모멘텀,066970,skip,adx_low,f0016ec58177
14927175,2026-10-06 13:31:51,actions-trading,상승모멘텀,000150,skip,adx_high,eb429620bcf8
14927175,2026-10-06 13:31:51,actions-trading,상승모멘텀,007660,skip,held_or_sold_today,76377bd73308
14927175,2026-10-06 13:31:51,actions-trading,상승모멘텀,006400,skip,adx_low,5cbda12a213d
14927175,2026-10-06 13:31:51,actions-trading,상승모멘텀,008970,skip,tick,06991713955f
14927175,2026-10-06 13:31:51,actions-trading,상승모멘텀,336370,skip,adx_high,81be2328e125
14927175,2026-10-06 13:31:51,actions-trading,상승모멘텀,007810,skip,adx_high,4f40f3390aa6
14927175,2026-10-06 13:31:51,actions-trading,상승모멘텀,005030,skip,amount,f386437b9c5b
14927175,2026-10-06 13:31:51,actions-trading,상승모멘텀,066570,skip,adx_low,76faf1034c26
14927175,2026-10-06 13:31:51,actions-trading,상승모멘텀,002820,skip,amount,8b16b409cf02
14927175,2026-10-06 13:31:51,actions-trading,상승모멘텀,000020,skip,adx_low,24f9d3789775
14927175,2026-10-06 13:31:51,actions-trading,상승모멘텀,066575,skip,adx_high,18366a703c88
14927175,2026-10-06 13:31:51,actions-trading,상승모멘텀,090460,skip,period,be6840f8b4b5
14927175,2026-10-06 13:31:51,actions-trading,상승모멘텀,018670,skip,period,87dfc7031525
14927175,2026-10-06 13:31:51,actions-trading,상승모멘텀,000157,skip,amount,d5fb1f89ea62
14927175,2026-10-06 13:31:51,actions-trading,상승모멘텀,000155,skip,adx_high,4bb363090bd1
14927175,2026-10-06 13:31:51,actions-trading,상승모멘텀,020150,skip,held_or_sold_today,af89fe804323
14927175,2026-10-06 13:31:51,actions-trading,상승모멘텀,353200,skip,adx_high,a8ac0836234f
14927175,2026-10-06 13:31:51,actions-trading,상승모멘텀,006405,skip,amount,666ff3f70691
14927175,2026-10-06 13:31:51,actions-trading,상승모멘텀,005690,skip,period,4296ea5b8b2d
14927175,2026-10-06 13:31:51,actions-trading,상승모멘텀,298020,skip,adx_high,2bdf9b537f99
14927175,2026-10-06 13:31:51,actions-trading,상승모멘텀,009150,skip,qty_zero,7a3303de4c23
14927175,2026-10-06 13:31:51,actions-trading,상승모멘텀,063160,skip,amount,a9485e66aba5
14927175,2026-10-06 13:31:51,actions-trading,상승모멘텀,003670,skip,period,aadbfe853623
14927175,2026-10-06 13:31:51,actions-trading,Sim6,_gate,skip,already_rebalanced,e3b0c44298fc
14927175,2026-10-06 13:31:51,actions-trading,Sim6,069500,seen,,3b7d23c85d01
14927175,2026-10-06 13:31:51,actions-trading,Sim6,360750,seen,,9d7bbffe69ae
14927175,2026-10-06 13:31:51,actions-trading,Sim6,148070,seen,,05d57fb24857
14927175,2026-10-06 13:31:51,actions-trading,Sim6,411060,seen,,526e1f6a8f6b
14927175,2026-10-06 13:31:51,actions-trading,Sim6,305080,seen,,5b09e765adf0
14927175,2026-10-06 13:31:51,actions-trading,Sim6,357870,seen,,06187ebbddb4
14927175,2026-10-06 13:31:51,actions-trading,Sim4-1,480370,skip,adx_high,a603cac29067
14927175,2026-10-06 13:31:51,actions-trading,Sim4-1,003580,skip,adx_high,912ccd5601fb
14927175,2026-10-06 13:31:51,actions-trading,Sim4-1,281820,skip,adx_high,04402edc19f0
14927175,2026-10-06 13:31:51,actions-trading,Sim4-1,006110,skip,adx_high,d8def95202db
14927175,2026-10-06 13:31:51,actions-trading,Sim4-1,011070,skip,adx_low,b32b82bbc5ae
14927175,2026-10-06 13:31:51,actions-trading,Sim4-1,002710,skip,held_or_cooldown,a1586ed93f10
14927175,2026-10-06 13:31:51,actions-trading,Sim4-1,066970,skip,adx_low,f0016ec58177
14927175,2026-10-06 13:31:51,actions-trading,Sim4-1,000150,skip,adx_high,eb429620bcf8
14927175,2026-10-06 13:31:51,actions-trading,Sim4-1,007660,skip,held_or_cooldown,76377bd73308
14927175,2026-10-06 13:31:51,actions-trading,Sim4-1,006400,skip,adx_low,5cbda12a213d
14927175,2026-10-06 13:31:51,actions-trading,Sim4-1,008970,skip,held_or_cooldown,06991713955f
14927175,2026-10-06 13:31:51,actions-trading,Sim4-1,336370,skip,adx_high,81be2328e125
14927175,2026-10-06 13:31:51,actions-trading,Sim4-1,007810,skip,adx_high,4f40f3390aa6
14927175,2026-10-06 13:31:51,actions-trading,Sim4-1,005030,skip,amount,f386437b9c5b
14927175,2026-10-06 13:31:51,actions-trading,Sim4-1,066570,skip,adx_low,76faf1034c26
14927175,2026-10-06 13:31:51,actions-trading,Sim4-1,002820,skip,amount,8b16b409cf02
14927175,2026-10-06 13:31:51,actions-trading,Sim4-1,000020,skip,adx_low,24f9d3789775
14927175,2026-10-06 13:31:51,actions-trading,Sim4-1,066575,skip,adx_high,18366a703c88
14927175,2026-10-06 13:31:51,actions-trading,Sim4-1,090460,skip,period,be6840f8b4b5
14927175,2026-10-06 13:31:51,actions-trading,Sim4-1,018670,skip,period,87dfc7031525
14927175,2026-10-06 13:31:51,actions-trading,Sim4-1,000157,skip,amount,d5fb1f89ea62
14927175,2026-10-06 13:31:51,actions-trading,Sim4-1,000155,skip,adx_high,4bb363090bd1
14927175,2026-10-06 13:31:51,actions-trading,Sim4-1,020150,skip,held_or_cooldown,af89fe804323
14927175,2026-10-06 13:31:51,actions-trading,Sim4-1,353200,skip,adx_high,a8ac0836234f
14927175,2026-10-06 13:31:51,actions-trading,Sim4-1,006405,skip,amount,666ff3f70691
14927175,2026-10-06 13:31:51,actions-trading,Sim4-1,005690,skip,period,4296ea5b8b2d
14927175,2026-10-06 13:31:51,actions-trading,Sim4-1,298020,skip,adx_high,2bdf9b537f99
14927175,2026-10-06 13:31:51,actions-trading,Sim4-1,009150,skip,qty_zero,7a3303de4c23
14927175,2026-10-06 13:31:51,actions-trading,Sim4-1,063160,skip,amount,a9485e66aba5
14927175,2026-10-06 13:31:51,actions-trading,Sim4-1,003670,skip,period,aadbfe853623
14927175,2026-10-06 13:31:54,actions-trading,선행매집,018880,skip,below_anchor,044bd05bf1f2
14927175,2026-10-06 13:31:54,actions-trading,선행매집,047040,skip,below_anchor,d9dc45bb73c3
14927175,2026-10-06 13:31:54,actions-trading,선행매집,007660,skip,below_anchor,76377bd73308
14927175,2026-10-06 13:31:54,actions-trading,선행매집,066570,skip,below_anchor,76faf1034c26
14927175,2026-10-06 13:31:54,actions-trading,선행매집,002710,skip,below_anchor,a1586ed93f10
14927175,2026-10-06 13:31:54,actions-trading,선행매집,006800,skip,below_anchor,ea16882435cb
14927175,2026-10-06 13:31:54,actions-trading,선행매집,001250,skip,below_anchor,7f071280833f
14927175,2026-10-06 13:31:54,actions-trading,선행매집,009190,skip,below_anchor,8a7ae7c69e02
14927175,2026-10-06 13:31:54,actions-trading,선행매집,005320,skip,amount,f6daf5144b33
14927175,2026-10-06 13:31:54,actions-trading,선행매집,009830,skip,below_anchor,011964757d72
14927175,2026-10-06 13:31:54,actions-trading,선행매집,006400,skip,below_anchor,5cbda12a213d
14927175,2026-10-06 13:31:54,actions-trading,선행매집,005690,skip,below_anchor,4296ea5b8b2d
14927175,2026-10-06 13:31:54,actions-trading,선행매집,025560,skip,below_anchor,74a5ec99cf4c
14927175,2026-10-06 13:31:54,actions-trading,선행매집,336370,skip,below_anchor,81be2328e125
14927175,2026-10-06 13:31:54,actions-trading,선행매집,009150,skip,below_anchor,7a3303de4c23
14927175,2026-10-06 13:31:54,actions-trading,선행매집,005360,skip,amount,4deff0bfa3f5
14927175,2026-10-06 13:31:54,actions-trading,선행매집,279570,skip,below_anchor,8acd555addda
14927175,2026-10-06 13:31:54,actions-trading,선행매집,002700,skip,amount,b70840cd9c15
14927175,2026-10-06 13:31:54,actions-trading,선행매집,090460,skip,below_anchor,be6840f8b4b5
14927175,2026-10-06 13:31:54,actions-trading,선행매집,011070,skip,below_anchor,b32b82bbc5ae
14927175,2026-10-06 13:31:54,actions-trading,선행매집,022100,skip,below_anchor,6fdbeb0ece62
14927175,2026-10-06 13:31:54,actions-trading,선행매집,010120,skip,below_anchor,6d01a11f80ad
14927175,2026-10-06 13:31:54,actions-trading,선행매집,192650,skip,sold_or_cooldown,48bdf1829ff9
14927175,2026-10-06 13:31:54,actions-trading,선행매집,138930,skip,below_anchor,6033174a1b16
14927175,2026-10-06 13:31:54,actions-trading,선행매집,066970,skip,below_anchor,f0016ec58177
14927175,2026-10-06 13:31:54,actions-trading,선행매집,015760,skip,below_anchor,210c4b54beaa
14927175,2026-10-06 13:31:54,actions-trading,선행매집,003620,skip,below_anchor,10a466202483
14927175,2026-10-06 13:31:54,actions-trading,선행매집,460860,skip,below_anchor,35a44e260978
14927175,2026-10-06 13:31:54,actions-trading,선행매집,015260,skip,amount,23a23c6ef910
14927175,2026-10-06 13:31:54,actions-trading,선행매집,452260,skip,below_anchor,d2f1b7d79b83
14927175,2026-10-06 13:31:54,actions-trading,Sim9,_gate,skip,outside_entry_window,e3b0c44298fc
14927175,2026-10-06 13:31:54,actions-trading,Sim9,480370,seen,,a603cac29067
14927175,2026-10-06 13:31:54,actions-trading,Sim9,003580,seen,,912ccd5601fb
14927175,2026-10-06 13:31:54,actions-trading,Sim9,281820,seen,,04402edc19f0
14927175,2026-10-06 13:31:54,actions-trading,Sim9,006110,seen,,d8def95202db
14927175,2026-10-06 13:31:54,actions-trading,Sim9,011070,seen,,b32b82bbc5ae
14927175,2026-10-06 13:31:54,actions-trading,Sim9,002710,seen,,a1586ed93f10
14927175,2026-10-06 13:31:54,actions-trading,Sim9,066970,seen,,f0016ec58177
14927175,2026-10-06 13:31:54,actions-trading,Sim9,000150,seen,,eb429620bcf8
14927175,2026-10-06 13:31:54,actions-trading,Sim9,007660,seen,,76377bd73308
14927175,2026-10-06 13:31:54,actions-trading,Sim9,006400,seen,,5cbda12a213d
14927175,2026-10-06 13:31:54,actions-trading,Sim9,008970,seen,,06991713955f
14927175,2026-10-06 13:31:54,actions-trading,Sim9,336370,seen,,81be2328e125
14927175,2026-10-06 13:31:54,actions-trading,Sim9,007810,seen,,4f40f3390aa6
14927175,2026-10-06 13:31:54,actions-trading,Sim9,005030,seen,,f386437b9c5b
14927175,2026-10-06 13:31:54,actions-trading,Sim9,066570,seen,,76faf1034c26
14927175,2026-10-06 13:31:54,actions-trading,Sim9,002820,seen,,8b16b409cf02
14927175,2026-10-06 13:31:54,actions-trading,Sim9,000020,seen,,24f9d3789775
14927175,2026-10-06 13:31:54,actions-trading,Sim9,066575,seen,,18366a703c88
14927175,2026-10-06 13:31:54,actions-trading,Sim9,090460,seen,,be6840f8b4b5
14927175,2026-10-06 13:31:54,actions-trading,Sim9,018670,seen,,87dfc7031525
14927175,2026-10-06 13:31:54,actions-trading,Sim9,000157,seen,,d5fb1f89ea62
14927175,2026-10-06 13:31:54,actions-trading,Sim9,000155,seen,,4bb363090bd1
14927175,2026-10-06 13:31:54,actions-trading,Sim9,020150,seen,,af89fe804323
14927175,2026-10-06 13:31:54,actions-trading,Sim9,353200,seen,,a8ac0836234f
14927175,2026-10-06 13:31:54,actions-trading,Sim9,006405,seen,,666ff3f70691
14927175,2026-10-06 13:31:54,actions-trading,Sim9,005690,seen,,4296ea5b8b2d
14927175,2026-10-06 13:31:54,actions-trading,Sim9,298020,seen,,2bdf9b537f99
14927175,2026-10-06 13:31:54,actions-trading,Sim9,009150,seen,,7a3303de4c23
14927175,2026-10-06 13:31:54,actions-trading,Sim9,063160,seen,,a9485e66aba5
14927175,2026-10-06 13:31:54,actions-trading,Sim9,003670,seen,,aadbfe853623
14927175,2026-10-06 13:31:54,actions-trading,미너비니,192820,skip,below_pivot,dbeac67a60b6
14927175,2026-10-06 13:31:54,actions-trading,미너비니,443060,skip,below_pivot,86872ba2b2a4
14927175,2026-10-06 13:31:54,actions-trading,Sim12,480370,skip,pb2_not_crashed,a603cac29067
14927175,2026-10-06 13:31:54,actions-trading,Sim12,003580,skip,pb2_not_crashed,912ccd5601fb
14927175,2026-10-06 13:31:54,actions-trading,Sim12,281820,skip,pb2_not_crashed,04402edc19f0
14927175,2026-10-06 13:31:54,actions-trading,Sim12,006110,skip,pb2_not_crashed,d8def95202db
14927175,2026-10-06 13:31:54,actions-trading,Sim12,011070,skip,avoid_orgn_sell_high_per,b32b82bbc5ae
14927175,2026-10-06 13:31:54,actions-trading,Sim12,002710,skip,avoid_frgn_sell_20d,a1586ed93f10
14927175,2026-10-06 13:31:54,actions-trading,Sim12,066970,skip,pb2_not_crashed,f0016ec58177
14927175,2026-10-06 13:31:54,actions-trading,Sim12,000150,skip,avoid_frgn_sell_20d,eb429620bcf8
14927175,2026-10-06 13:31:54,actions-trading,Sim12,007660,skip,pb2_not_crashed,76377bd73308
14927175,2026-10-06 13:31:54,actions-trading,Sim12,006400,skip,pb2_not_crashed,5cbda12a213d
14927175,2026-10-06 13:31:54,actions-trading,Sim12,008970,skip,pb2_not_crashed,06991713955f
14927175,2026-10-06 13:31:54,actions-trading,Sim12,336370,skip,avoid_frgn_sell_20d,81be2328e125
14927175,2026-10-06 13:31:54,actions-trading,Sim12,007810,skip,pb2_not_crashed,4f40f3390aa6
14927175,2026-10-06 13:31:54,actions-trading,Sim12,005030,skip,avoid_amount_dry,f386437b9c5b
14927175,2026-10-06 13:31:54,actions-trading,Sim12,066570,skip,pb2_not_crashed,76faf1034c26
14927175,2026-10-06 13:31:54,actions-trading,Sim12,002820,skip,avoid_deadcat,8b16b409cf02
14927175,2026-10-06 13:31:54,actions-trading,Sim12,000020,skip,pb2_not_crashed,24f9d3789775
14927175,2026-10-06 13:31:54,actions-trading,Sim12,066575,skip,pb2_not_crashed,18366a703c88
14927175,2026-10-06 13:31:54,actions-trading,Sim12,090460,skip,pb2_not_crashed,be6840f8b4b5
14927175,2026-10-06 13:31:54,actions-trading,Sim12,018670,skip,avoid_frgn_sell_20d,87dfc7031525
14927175,2026-10-06 13:31:54,actions-trading,Sim12,000157,skip,pb2_thin_liquidity,d5fb1f89ea62
14927175,2026-10-06 13:31:54,actions-trading,Sim12,000155,skip,pb2_thin_liquidity,4bb363090bd1
14927175,2026-10-06 13:31:54,actions-trading,Sim12,020150,skip,avoid_frgn_sell_20d,af89fe804323
14927175,2026-10-06 13:31:54,actions-trading,Sim12,353200,skip,avoid_orgn_sell_high_per,a8ac0836234f
14927175,2026-10-06 13:31:54,actions-trading,Sim12,006405,skip,pb2_not_crashed,666ff3f70691
14927175,2026-10-06 13:31:54,actions-trading,Sim12,005690,skip,pb2_not_crashed,4296ea5b8b2d
14927175,2026-10-06 13:31:54,actions-trading,Sim12,298020,skip,avoid_orgn_sell_high_per,2bdf9b537f99
14927175,2026-10-06 13:31:54,actions-trading,Sim12,009150,skip,pb2_not_crashed,7a3303de4c23
14927175,2026-10-06 13:31:54,actions-trading,Sim12,063160,skip,avoid_frgn_sell_20d,a9485e66aba5
14927175,2026-10-06 13:31:54,actions-trading,Sim12,003670,skip,avoid_frgn_sell_20d,aadbfe853623
14927175,2026-10-06 13:31:54,actions-trading,Sim12,005110,skip,avoid_amount_dry,c47d7f451b4b
14927175,2026-10-06 13:31:54,actions-trading,Sim12,015260,skip,pb2_no_inst_buying,23a23c6ef910
14927175,2026-10-06 13:31:54,actions-trading,Sim12,020120,skip,pb2_not_crashed,a368d9f35dd6
14927175,2026-10-06 13:31:54,actions-trading,Sim12,004920,skip,pb2_not_crashed,0838f76f33e8
14927175,2026-10-06 13:31:54,actions-trading,Sim12,001525,skip,avoid_amount_dry,81205546f5c2
14927175,2026-10-06 13:31:54,actions-trading,Sim12,003010,skip,pb2_not_crashed,cfed29c9d30b
14927175,2026-10-06 13:31:54,actions-trading,Sim12,002870,skip,avoid_frgn_sell_20d,5c0b590f1161
14927175,2026-10-06 13:31:54,actions-trading,Sim12,002785,skip,pb2_no_inst_buying,8f393f53ef85
14927175,2026-10-06 13:31:54,actions-trading,Sim12,079550,skip,pb2_not_crashed,ead0af6bbd51
14927175,2026-10-06 13:31:54,actions-trading,Sim12,014915,skip,pb2_not_crashed,6a49f6f7ba1f
14927175,2026-10-06 13:31:54,actions-trading,Sim12,003350,skip,avoid_amount_dry,23f33973ce48
14927175,2026-10-06 13:31:54,actions-trading,Sim12,001380,skip,avoid_frgn_sell_20d,5993ebac35a8
14927175,2026-10-06 13:31:54,actions-trading,Sim12,044820,skip,avoid_frgn_sell_20d,65b3d917c28a
14927175,2026-10-06 13:31:54,actions-trading,Sim12,002787,skip,avoid_amount_dry,06a1b559f51b
14927175,2026-10-06 13:31:54,actions-trading,Sim12,051630,skip,avoid_amount_dry,a7e5238f3724
14927175,2026-10-06 13:31:54,actions-trading,Sim12,036570,skip,pb2_not_crashed,7a3bce1d1c85
14927175,2026-10-06 13:31:54,actions-trading,Sim12,465770,skip,avoid_amount_dry,52fb2500e369
14927175,2026-10-06 13:31:54,actions-trading,Sim12,003570,skip,avoid_frgn_sell_20d,fdf8a2e83e83
14927175,2026-10-06 13:31:54,actions-trading,Sim12,084680,skip,avoid_frgn_sell_20d,db59b23648aa
14927175,2026-10-06 13:31:54,actions-trading,Sim12,443060,skip,avoid_amount_dry,86872ba2b2a4
14927175,2026-10-06 13:31:54,actions-trading,Sim12,071950,skip,pb2_no_inst_buying,c32d6f2e0210
14927175,2026-10-06 13:31:54,actions-trading,Sim12,109070,skip,pb2_not_crashed,84d2f5d1bc18
14927175,2026-10-06 13:31:54,actions-trading,Sim12,005880,skip,pb2_not_crashed,de98717fb750
14927175,2026-10-06 13:31:54,actions-trading,Sim12,100840,skip,avoid_amount_dry,f2f77d300514
14927175,2026-10-06 13:31:54,actions-trading,Sim12,026960,skip,pb2_not_crashed,dd69ed326841
14927175,2026-10-06 13:31:54,actions-trading,Sim12,088790,skip,avoid_amount_dry,d1a50a2764ba
14927175,2026-10-06 13:31:54,actions-trading,Sim12,027740,skip,avoid_frgn_sell_20d,1231dc2efe11
14927175,2026-10-06 13:31:54,actions-trading,Sim12,011300,skip,avoid_amount_dry,3c7603c68a00
14927175,2026-10-06 13:31:54,actions-trading,Sim12,001527,skip,avoid_amount_dry,0a62090de076
14927175,2026-10-06 13:31:54,actions-trading,Sim12,064350,skip,avoid_frgn_sell_20d,96413631c829
14927175,2026-10-06 13:31:54,actions-trading,Sim13,480370,skip,no_frgn_support,a603cac29067
14927175,2026-10-06 13:31:54,actions-trading,Sim13,003580,skip,theme_momentum_weak,912ccd5601fb
14927175,2026-10-06 13:31:54,actions-trading,Sim13,281820,skip,no_frgn_support,04402edc19f0
14927175,2026-10-06 13:31:54,actions-trading,Sim13,006110,skip,theme_momentum_weak,d8def95202db
14927175,2026-10-06 13:31:54,actions-trading,Sim13,011070,skip,theme_momentum_weak,b32b82bbc5ae
14927175,2026-10-06 13:31:54,actions-trading,Sim13,002710,skip,adx_weak,a1586ed93f10
14927175,2026-10-06 13:31:54,actions-trading,Sim13,066970,skip,theme_momentum_weak,f0016ec58177
14927175,2026-10-06 13:31:54,actions-trading,Sim13,000150,skip,adx_weak,eb429620bcf8
14927175,2026-10-06 13:31:54,actions-trading,Sim13,007660,skip,adx_weak,76377bd73308
14927175,2026-10-06 13:31:54,actions-trading,Sim13,006400,skip,theme_momentum_weak,5cbda12a213d
14927175,2026-10-06 13:31:54,actions-trading,Sim13,008970,skip,adx_weak,06991713955f
14927175,2026-10-06 13:31:54,actions-trading,Sim13,336370,skip,adx_weak,81be2328e125
14927175,2026-10-06 13:31:54,actions-trading,Sim13,007810,skip,amount_not_surprised,4f40f3390aa6
14927175,2026-10-06 13:31:54,actions-trading,Sim13,005030,skip,theme_momentum_weak,f386437b9c5b
14927175,2026-10-06 13:31:54,actions-trading,Sim13,066570,skip,theme_momentum_weak,76faf1034c26
14927175,2026-10-06 13:31:54,actions-trading,Sim13,002820,skip,theme_momentum_weak,8b16b409cf02
14927175,2026-10-06 13:31:54,actions-trading,Sim13,000020,skip,theme_momentum_weak,24f9d3789775
14927175,2026-10-06 13:31:54,actions-trading,Sim13,066575,skip,theme_momentum_weak,18366a703c88
14927175,2026-10-06 13:31:54,actions-trading,Sim13,090460,skip,theme_momentum_weak,be6840f8b4b5
14927175,2026-10-06 13:31:54,actions-trading,Sim13,018670,skip,theme_momentum_weak,87dfc7031525
14927175,2026-10-06 13:31:54,actions-trading,Sim13,000157,skip,theme_momentum_weak,d5fb1f89ea62
14927175,2026-10-06 13:31:54,actions-trading,Sim13,000155,skip,theme_momentum_weak,4bb363090bd1
14927175,2026-10-06 13:31:54,actions-trading,Sim13,020150,skip,no_frgn_support,af89fe804323
14927175,2026-10-06 13:31:54,actions-trading,Sim13,353200,skip,amount_not_surprised,a8ac0836234f
14927175,2026-10-06 13:31:54,actions-trading,Sim13,006405,skip,theme_momentum_weak,666ff3f70691
14927175,2026-10-06 13:31:54,actions-trading,Sim13,005690,skip,adx_weak,4296ea5b8b2d
14927175,2026-10-06 13:31:54,actions-trading,Sim13,298020,skip,theme_momentum_weak,2bdf9b537f99
14927175,2026-10-06 13:31:54,actions-trading,Sim13,009150,skip,adx_weak,7a3303de4c23
14927175,2026-10-06 13:31:54,actions-trading,Sim13,063160,skip,theme_momentum_weak,a9485e66aba5
14927175,2026-10-06 13:31:54,actions-trading,Sim13,003670,skip,theme_momentum_weak,aadbfe853623
14927175,2026-10-06 13:31:54,actions-trading,Sim14,_gate,skip,regime_blocked,e3b0c44298fc
14927175,2026-10-06 13:31:54,actions-trading,Sim15,_gate,skip,already_rebalanced,e3b0c44298fc
14927175,2026-10-06 13:31:54,actions-trading,Sim15,069500,seen,,3b7d23c85d01
14927175,2026-10-06 13:31:54,actions-trading,Sim15,133690,seen,,95ba73db6ddf
14927175,2026-10-06 13:31:54,actions-trading,Sim15,148070,seen,,05d57fb24857
14927175,2026-10-06 13:31:54,actions-trading,Sim16,_gate,skip,already_rebalanced,e3b0c44298fc
14927175,2026-10-06 13:31:54,actions-trading,Sim16,122630,seen,,9dfd1479230e
14927175,2026-10-06 13:31:54,actions-trading,Sim16,418660,seen,,06ee49572884
14927175,2026-10-06 13:31:54,actions-trading,Sim16,148070,seen,,05d57fb24857
14927176,2026-10-06 13:33:12,actions-trading,Sim3,402340,skip,qty_zero,8545f756d25d
14927176,2026-10-06 13:33:12,actions-trading,Sim3,383800,skip,amount,730f58916f73
14927176,2026-10-06 13:33:12,actions-trading,Sim3,462870,skip,amount,006d2571b0cf
14927176,2026-10-06 13:33:12,actions-trading,Sim3,000660,skip,qty_zero,1911f3f54f66
14927176,2026-10-06 13:33:12,actions-trading,Sim3,071970,skip,cooldown,45cf8dc77b3d
14927176,2026-10-06 13:33:12,actions-trading,Sim3,042700,skip,not_cheap,1d91ef3d91a3
14927176,2026-10-06 13:33:12,actions-trading,Sim3,326030,skip,cooldown,5b6816255288
14927176,2026-10-06 13:33:12,actions-trading,Sim3,207940,skip,not_cheap,e4bec04f1df3
14927176,2026-10-06 13:33:12,actions-trading,Sim3,033920,skip,amount,98d9e8959ee7
14927176,2026-10-06 13:33:12,actions-trading,Sim3,004770,skip,amount,dbf0ac0786b7
14927176,2026-10-06 13:33:12,actions-trading,Sim3,0126Z0,skip,not_cheap,e9473056cda4
14927176,2026-10-06 13:33:12,actions-trading,Sim3,062040,skip,not_cheap,8afe18129e63
14927176,2026-10-06 13:33:12,actions-trading,Sim3,317450,skip,amount,e6d4df4136f1
14927176,2026-10-06 13:33:12,actions-trading,Sim3,026960,skip,amount,7f72851b42f9
14927176,2026-10-06 13:33:12,actions-trading,Sim3,021820,skip,amount,618bb5beada0
14927176,2026-10-06 13:33:12,actions-trading,Sim3,192080,skip,amount,8525fff2f125
14927176,2026-10-06 13:33:12,actions-trading,Sim3,068270,skip,cooldown,87ce7a2018a5
14927176,2026-10-06 13:33:12,actions-trading,Sim3,123890,skip,amount,33d7a23439af
14927176,2026-10-06 13:33:12,actions-trading,Sim3,000240,skip,amount,60673ee63fa9
14927176,2026-10-06 13:33:12,actions-trading,Sim3,002380,skip,amount,904e3ff81f7a
14927176,2026-10-06 13:33:12,actions-trading,Sim3,009770,skip,amount,01a28af7b427
14927176,2026-10-06 13:33:12,actions-trading,Sim3,259960,skip,cooldown,6a7c5c435482
14927176,2026-10-06 13:33:12,actions-trading,Sim3,035250,skip,amount,fcd60d9fa7f9
14927176,2026-10-06 13:33:12,actions-trading,Sim3,383220,skip,amount,819bb8913ac4
14927176,2026-10-06 13:33:12,actions-trading,Sim3,226320,skip,amount,f675ba0caf7b
14927176,2026-10-06 13:33:12,actions-trading,Sim3,439260,skip,amount,05805e80a0ec
14927176,2026-10-06 13:33:12,actions-trading,Sim3,025560,skip,cooldown,d792c32f1ff3
14927176,2026-10-06 13:33:12,actions-trading,Sim3,007700,skip,amount,46f1f8aaa595
14927176,2026-10-06 13:33:12,actions-trading,Sim3,278470,skip,not_cheap,d27e34e77837
14927176,2026-10-06 13:33:12,actions-trading,Sim3,000990,skip,not_cheap,7ae04b13b9a9
14927176,2026-10-06 13:33:53,actions-trading,MFHS2,018880,skip,max_holdings,e6e642430d1b
14927176,2026-10-06 13:33:53,actions-trading,MFHS2,047040,seen,,aa214231983e
14927176,2026-10-06 13:33:53,actions-trading,MFHS2,007660,seen,,3ef3284c92c8
14927176,2026-10-06 13:33:53,actions-trading,MFHS2,066570,seen,,db14b8e63208
14927176,2026-10-06 13:33:53,actions-trading,MFHS2,009190,seen,,d043d712c220
14927176,2026-10-06 13:33:53,actions-trading,MFHS2,002710,seen,,68707bcb7df6
14927176,2026-10-06 13:33:53,actions-trading,MFHS2,005690,seen,,8c49e6f56b64
14927176,2026-10-06 13:33:53,actions-trading,MFHS2,025560,seen,,15aa6becd2f2
14927176,2026-10-06 13:33:53,actions-trading,MFHS2,005360,seen,,a0804dc17a49
14927176,2026-10-06 13:33:53,actions-trading,MFHS2,009830,seen,,c61baecda8be
14927176,2026-10-06 13:33:53,actions-trading,MFHS2,006400,seen,,b8ae61561f54
14927176,2026-10-06 13:33:53,actions-trading,MFHS2,002700,seen,,cf8f55661ea1
14927176,2026-10-06 13:33:53,actions-trading,MFHS2,279570,seen,,ee523eb1f3df
14927176,2026-10-06 13:33:53,actions-trading,MFHS2,138930,seen,,d7560edfef39
14927176,2026-10-06 13:33:53,actions-trading,MFHS2,090460,seen,,840e977a5707
14927176,2026-10-06 13:33:53,actions-trading,MFHS2,009150,seen,,1cc02ec3ca78
14927176,2026-10-06 13:33:53,actions-trading,MFHS2,317400,seen,,93b256d48aa7
14927176,2026-10-06 13:33:53,actions-trading,MFHS2,460860,seen,,ac0567ad14ac
14927176,2026-10-06 13:33:53,actions-trading,MFHS2,006800,seen,,6f59f9552000
14927176,2026-10-06 13:33:53,actions-trading,MFHS2,010120,seen,,003940fa0820
14927176,2026-10-06 13:33:53,actions-trading,MFHS2,011070,seen,,4e216289d8f4
14927176,2026-10-06 13:33:53,actions-trading,MFHS2,022100,seen,,68089203f337
14927176,2026-10-06 13:33:53,actions-trading,MFHS2,003620,seen,,eb9e30dc3da4
14927176,2026-10-06 13:33:53,actions-trading,MFHS2,015260,seen,,23a23c6ef910
14927176,2026-10-06 13:33:53,actions-trading,MFHS2,452260,seen,,629446841521
14927176,2026-10-06 13:33:53,actions-trading,MFHS2,001230,seen,,c5052284a545
14927176,2026-10-06 13:33:53,actions-trading,MFHS2,066970,seen,,b82dc4cc7212
14927176,2026-10-06 13:33:53,actions-trading,MFHS2,066575,seen,,9b2f1fc33699
14927176,2026-10-06 13:33:53,actions-trading,MFHS2,004020,seen,,86867b3a157c
14927176,2026-10-06 13:33:53,actions-trading,MFHS2,002990,seen,,d940267602f0
14927176,2026-10-06 13:33:55,actions-trading,상승모멘텀,480370,skip,adx_high,2f64d13ae251
14927176,2026-10-06 13:33:55,actions-trading,상승모멘텀,003580,skip,adx_high,50dff9863d56
14927176,2026-10-06 13:33:55,actions-trading,상승모멘텀,281820,skip,adx_high,95fa00f4e3dc
14927176,2026-10-06 13:33:55,actions-trading,상승모멘텀,006110,skip,adx_high,951ed422bf15
14927176,2026-10-06 13:33:55,actions-trading,상승모멘텀,011070,skip,adx_low,4e216289d8f4
14927176,2026-10-06 13:33:55,actions-trading,상승모멘텀,002710,skip,tick,68707bcb7df6
14927176,2026-10-06 13:33:55,actions-trading,상승모멘텀,066970,skip,adx_low,b82dc4cc7212
14927176,2026-10-06 13:33:55,actions-trading,상승모멘텀,000150,skip,adx_high,07e37b03f99d
14927176,2026-10-06 13:33:55,actions-trading,상승모멘텀,007660,skip,held_or_sold_today,3ef3284c92c8
14927176,2026-10-06 13:33:55,actions-trading,상승모멘텀,008970,skip,tick,067b35bdd20e
14927176,2026-10-06 13:33:55,actions-trading,상승모멘텀,006400,skip,adx_low,b8ae61561f54
14927176,2026-10-06 13:33:55,actions-trading,상승모멘텀,336370,skip,adx_high,d6c64b732f37
14927176,2026-10-06 13:33:55,actions-trading,상승모멘텀,000020,skip,adx_low,181d1299b1dc
14927176,2026-10-06 13:33:55,actions-trading,상승모멘텀,007810,skip,adx_high,6c0c9f42c251
14927176,2026-10-06 13:33:55,actions-trading,상승모멘텀,005030,skip,amount,f386437b9c5b
14927176,2026-10-06 13:33:55,actions-trading,상승모멘텀,066570,skip,adx_low,db14b8e63208
14927176,2026-10-06 13:33:55,actions-trading,상승모멘텀,002820,skip,amount,658d546aa4e2
14927176,2026-10-06 13:33:55,actions-trading,상승모멘텀,000157,skip,amount,65451c39d63a
14927176,2026-10-06 13:33:55,actions-trading,상승모멘텀,066575,skip,adx_high,9b2f1fc33699
14927176,2026-10-06 13:33:55,actions-trading,상승모멘텀,090460,skip,period,840e977a5707
14927176,2026-10-06 13:33:55,actions-trading,상승모멘텀,018670,skip,period,50621a55316c
14927176,2026-10-06 13:33:55,actions-trading,상승모멘텀,000155,skip,adx_high,4bb363090bd1
14927176,2026-10-06 13:33:55,actions-trading,상승모멘텀,020150,skip,held_or_sold_today,042a192416b3
14927176,2026-10-06 13:33:55,actions-trading,상승모멘텀,353200,skip,adx_high,aa33cd91e347
14927176,2026-10-06 13:33:55,actions-trading,상승모멘텀,006405,skip,amount,f8ae8541ca9c
14927176,2026-10-06 13:33:55,actions-trading,상승모멘텀,000760,skip,amount,034cbbe64529
14927176,2026-10-06 13:33:55,actions-trading,상승모멘텀,005690,skip,period,8c49e6f56b64
14927176,2026-10-06 13:33:55,actions-trading,상승모멘텀,009150,skip,qty_zero,1cc02ec3ca78
14927176,2026-10-06 13:33:55,actions-trading,상승모멘텀,298020,skip,adx_high,269a71ebd8db
14927176,2026-10-06 13:33:55,actions-trading,상승모멘텀,003670,skip,period,6cf8239e048e
14927176,2026-10-06 13:33:55,actions-trading,Sim6,_gate,skip,already_rebalanced,e3b0c44298fc
14927176,2026-10-06 13:33:55,actions-trading,Sim6,069500,seen,,b901f7a137d5
14927176,2026-10-06 13:33:55,actions-trading,Sim6,360750,seen,,945e2bfe62d5
14927176,2026-10-06 13:33:55,actions-trading,Sim6,148070,seen,,7c5302b2aef0
14927176,2026-10-06 13:33:55,actions-trading,Sim6,411060,seen,,aa1131ddc28d
14927176,2026-10-06 13:33:55,actions-trading,Sim6,305080,seen,,d34f9a2e8ea4
14927176,2026-10-06 13:33:55,actions-trading,Sim6,357870,seen,,c431cf8cd60b
14927176,2026-10-06 13:33:55,actions-trading,Sim4-1,480370,skip,adx_high,2f64d13ae251
14927176,2026-10-06 13:33:55,actions-trading,Sim4-1,003580,skip,adx_high,50dff9863d56
14927176,2026-10-06 13:33:55,actions-trading,Sim4-1,281820,skip,adx_high,95fa00f4e3dc
14927176,2026-10-06 13:33:55,actions-trading,Sim4-1,006110,skip,adx_high,951ed422bf15
14927176,2026-10-06 13:33:55,actions-trading,Sim4-1,011070,skip,adx_low,4e216289d8f4
14927176,2026-10-06 13:33:55,actions-trading,Sim4-1,002710,skip,held_or_cooldown,68707bcb7df6
14927176,2026-10-06 13:33:55,actions-trading,Sim4-1,066970,skip,adx_low,b82dc4cc7212
14927176,2026-10-06 13:33:55,actions-trading,Sim4-1,000150,skip,adx_high,07e37b03f99d
14927176,2026-10-06 13:33:55,actions-trading,Sim4-1,007660,skip,held_or_cooldown,3ef3284c92c8
14927176,2026-10-06 13:33:55,actions-trading,Sim4-1,008970,skip,held_or_cooldown,067b35bdd20e
14927176,2026-10-06 13:33:55,actions-trading,Sim4-1,006400,skip,adx_low,b8ae61561f54
14927176,2026-10-06 13:33:55,actions-trading,Sim4-1,336370,skip,adx_high,d6c64b732f37
14927176,2026-10-06 13:33:55,actions-trading,Sim4-1,000020,skip,adx_low,181d1299b1dc
14927176,2026-10-06 13:33:55,actions-trading,Sim4-1,007810,skip,adx_high,6c0c9f42c251
14927176,2026-10-06 13:33:55,actions-trading,Sim4-1,005030,skip,amount,f386437b9c5b
14927176,2026-10-06 13:33:55,actions-trading,Sim4-1,066570,skip,adx_low,db14b8e63208
14927176,2026-10-06 13:33:55,actions-trading,Sim4-1,002820,skip,amount,658d546aa4e2
14927176,2026-10-06 13:33:55,actions-trading,Sim4-1,000157,skip,amount,65451c39d63a
14927176,2026-10-06 13:33:55,actions-trading,Sim4-1,066575,skip,adx_high,9b2f1fc33699
14927176,2026-10-06 13:33:55,actions-trading,Sim4-1,090460,skip,period,840e977a5707
14927176,2026-10-06 13:33:55,actions-trading,Sim4-1,018670,skip,period,50621a55316c
14927176,2026-10-06 13:33:55,actions-trading,Sim4-1,000155,skip,adx_high,4bb363090bd1
14927176,2026-10-06 13:33:55,actions-trading,Sim4-1,020150,skip,held_or_cooldown,042a192416b3
14927176,2026-10-06 13:33:55,actions-trading,Sim4-1,353200,skip,adx_high,aa33cd91e347
14927176,2026-10-06 13:33:55,actions-trading,Sim4-1,006405,skip,amount,f8ae8541ca9c
14927176,2026-10-06 13:33:55,actions-trading,Sim4-1,000760,skip,amount,034cbbe64529
14927176,2026-10-06 13:33:55,actions-trading,Sim4-1,005690,skip,period,8c49e6f56b64
14927176,2026-10-06 13:33:55,actions-trading,Sim4-1,009150,skip,qty_zero,1cc02ec3ca78
14927176,2026-10-06 13:33:55,actions-trading,Sim4-1,298020,skip,adx_high,269a71ebd8db
14927176,2026-10-06 13:33:55,actions-trading,Sim4-1,003670,skip,period,6cf8239e048e
14927176,2026-10-06 13:33:57,actions-trading,선행매집,018880,skip,below_anchor,e6e642430d1b
14927176,2026-10-06 13:33:57,actions-trading,선행매집,047040,skip,below_anchor,aa214231983e
14927176,2026-10-06 13:33:57,actions-trading,선행매집,007660,skip,below_anchor,3ef3284c92c8
14927176,2026-10-06 13:33:57,actions-trading,선행매집,066570,skip,below_anchor,db14b8e63208
14927176,2026-10-06 13:33:57,actions-trading,선행매집,002710,skip,below_anchor,68707bcb7df6
14927176,2026-10-06 13:33:57,actions-trading,선행매집,006800,skip,below_anchor,6f59f9552000
14927176,2026-10-06 13:33:57,actions-trading,선행매집,001250,skip,below_anchor,45f4bf240137
14927176,2026-10-06 13:33:57,actions-trading,선행매집,009190,skip,below_anchor,d043d712c220
14927176,2026-10-06 13:33:57,actions-trading,선행매집,005320,skip,amount,f6daf5144b33
14927176,2026-10-06 13:33:57,actions-trading,선행매집,009830,skip,below_anchor,c61baecda8be
14927176,2026-10-06 13:33:57,actions-trading,선행매집,006400,skip,below_anchor,b8ae61561f54
14927176,2026-10-06 13:33:57,actions-trading,선행매집,005690,skip,below_anchor,8c49e6f56b64
14927176,2026-10-06 13:33:57,actions-trading,선행매집,025560,skip,below_anchor,15aa6becd2f2
14927176,2026-10-06 13:33:57,actions-trading,선행매집,336370,skip,below_anchor,d6c64b732f37
14927176,2026-10-06 13:33:57,actions-trading,선행매집,009150,skip,below_anchor,1cc02ec3ca78
14927176,2026-10-06 13:33:57,actions-trading,선행매집,005360,skip,amount,a0804dc17a49
14927176,2026-10-06 13:33:57,actions-trading,선행매집,279570,skip,below_anchor,ee523eb1f3df
14927176,2026-10-06 13:33:57,actions-trading,선행매집,002700,skip,amount,cf8f55661ea1
14927176,2026-10-06 13:33:57,actions-trading,선행매집,090460,skip,below_anchor,840e977a5707
14927176,2026-10-06 13:33:57,actions-trading,선행매집,011070,skip,below_anchor,4e216289d8f4
14927176,2026-10-06 13:33:57,actions-trading,선행매집,022100,skip,below_anchor,68089203f337
14927176,2026-10-06 13:33:57,actions-trading,선행매집,010120,skip,below_anchor,003940fa0820
14927176,2026-10-06 13:33:57,actions-trading,선행매집,192650,skip,sold_or_cooldown,a51e932eb6ef
14927176,2026-10-06 13:33:57,actions-trading,선행매집,138930,skip,below_anchor,d7560edfef39
14927176,2026-10-06 13:33:57,actions-trading,선행매집,066970,skip,below_anchor,b82dc4cc7212
14927176,2026-10-06 13:33:57,actions-trading,선행매집,015760,skip,below_anchor,f4c3c1f6b04b
14927176,2026-10-06 13:33:57,actions-trading,선행매집,003620,skip,below_anchor,eb9e30dc3da4
14927176,2026-10-06 13:33:57,actions-trading,선행매집,460860,skip,below_anchor,ac0567ad14ac
14927176,2026-10-06 13:33:57,actions-trading,선행매집,015260,skip,amount,23a23c6ef910
14927176,2026-10-06 13:33:57,actions-trading,선행매집,452260,skip,below_anchor,629446841521
14927176,2026-10-06 13:33:57,actions-trading,Sim9,_gate,skip,outside_entry_window,e3b0c44298fc
14927176,2026-10-06 13:33:57,actions-trading,Sim9,480370,seen,,2f64d13ae251
14927176,2026-10-06 13:33:57,actions-trading,Sim9,003580,seen,,50dff9863d56
14927176,2026-10-06 13:33:57,actions-trading,Sim9,281820,seen,,95fa00f4e3dc
14927176,2026-10-06 13:33:57,actions-trading,Sim9,006110,seen,,951ed422bf15
14927176,2026-10-06 13:33:57,actions-trading,Sim9,011070,seen,,4e216289d8f4
14927176,2026-10-06 13:33:57,actions-trading,Sim9,002710,seen,,68707bcb7df6
14927176,2026-10-06 13:33:57,actions-trading,Sim9,066970,seen,,b82dc4cc7212
14927176,2026-10-06 13:33:57,actions-trading,Sim9,000150,seen,,07e37b03f99d
14927176,2026-10-06 13:33:57,actions-trading,Sim9,007660,seen,,3ef3284c92c8
14927176,2026-10-06 13:33:57,actions-trading,Sim9,008970,seen,,067b35bdd20e
14927176,2026-10-06 13:33:57,actions-trading,Sim9,006400,seen,,b8ae61561f54
14927176,2026-10-06 13:33:57,actions-trading,Sim9,336370,seen,,d6c64b732f37
14927176,2026-10-06 13:33:57,actions-trading,Sim9,000020,seen,,181d1299b1dc
14927176,2026-10-06 13:33:57,actions-trading,Sim9,007810,seen,,6c0c9f42c251
14927176,2026-10-06 13:33:57,actions-trading,Sim9,005030,seen,,f386437b9c5b
14927176,2026-10-06 13:33:57,actions-trading,Sim9,066570,seen,,db14b8e63208
14927176,2026-10-06 13:33:57,actions-trading,Sim9,002820,seen,,658d546aa4e2
14927176,2026-10-06 13:33:57,actions-trading,Sim9,000157,seen,,65451c39d63a
14927176,2026-10-06 13:33:57,actions-trading,Sim9,066575,seen,,9b2f1fc33699
14927176,2026-10-06 13:33:57,actions-trading,Sim9,090460,seen,,840e977a5707
14927176,2026-10-06 13:33:57,actions-trading,Sim9,018670,seen,,50621a55316c
14927176,2026-10-06 13:33:57,actions-trading,Sim9,000155,seen,,4bb363090bd1
14927176,2026-10-06 13:33:57,actions-trading,Sim9,020150,seen,,042a192416b3
14927176,2026-10-06 13:33:57,actions-trading,Sim9,353200,seen,,aa33cd91e347
14927176,2026-10-06 13:33:57,actions-trading,Sim9,006405,seen,,f8ae8541ca9c
14927176,2026-10-06 13:33:57,actions-trading,Sim9,000760,seen,,034cbbe64529
14927176,2026-10-06 13:33:57,actions-trading,Sim9,005690,seen,,8c49e6f56b64
14927176,2026-10-06 13:33:57,actions-trading,Sim9,009150,seen,,1cc02ec3ca78
14927176,2026-10-06 13:33:57,actions-trading,Sim9,298020,seen,,269a71ebd8db
14927176,2026-10-06 13:33:57,actions-trading,Sim9,003670,seen,,6cf8239e048e
14927176,2026-10-06 13:33:57,actions-trading,미너비니,192820,skip,below_pivot,133e5ddcd241
14927176,2026-10-06 13:33:57,actions-trading,미너비니,443060,skip,below_pivot,90f4148442e7
14927176,2026-10-06 13:33:58,actions-trading,Sim12,480370,skip,pb2_not_crashed,2f64d13ae251
14927176,2026-10-06 13:33:58,actions-trading,Sim12,003580,skip,pb2_not_crashed,50dff9863d56
14927176,2026-10-06 13:33:58,actions-trading,Sim12,281820,skip,pb2_not_crashed,95fa00f4e3dc
14927176,2026-10-06 13:33:58,actions-trading,Sim12,006110,skip,pb2_not_crashed,951ed422bf15
14927176,2026-10-06 13:33:58,actions-trading,Sim12,011070,skip,avoid_orgn_sell_high_per,4e216289d8f4
14927176,2026-10-06 13:33:58,actions-trading,Sim12,002710,skip,avoid_frgn_sell_20d,68707bcb7df6
14927176,2026-10-06 13:33:58,actions-trading,Sim12,066970,skip,pb2_not_crashed,b82dc4cc7212
14927176,2026-10-06 13:33:58,actions-trading,Sim12,000150,skip,avoid_frgn_sell_20d,07e37b03f99d
14927176,2026-10-06 13:33:58,actions-trading,Sim12,007660,skip,pb2_not_crashed,3ef3284c92c8
14927176,2026-10-06 13:33:58,actions-trading,Sim12,008970,skip,pb2_not_crashed,067b35bdd20e
14927176,2026-10-06 13:33:58,actions-trading,Sim12,006400,skip,pb2_not_crashed,b8ae61561f54
14927176,2026-10-06 13:33:58,actions-trading,Sim12,336370,skip,avoid_frgn_sell_20d,d6c64b732f37
14927176,2026-10-06 13:33:58,actions-trading,Sim12,000020,skip,pb2_not_crashed,181d1299b1dc
14927176,2026-10-06 13:33:58,actions-trading,Sim12,007810,skip,pb2_not_crashed,6c0c9f42c251
14927176,2026-10-06 13:33:58,actions-trading,Sim12,005030,skip,avoid_amount_dry,f386437b9c5b
14927176,2026-10-06 13:33:58,actions-trading,Sim12,066570,skip,pb2_not_crashed,db14b8e63208
14927176,2026-10-06 13:33:58,actions-trading,Sim12,002820,skip,avoid_deadcat,658d546aa4e2
14927176,2026-10-06 13:33:58,actions-trading,Sim12,000157,skip,pb2_thin_liquidity,65451c39d63a
14927176,2026-10-06 13:33:58,actions-trading,Sim12,066575,skip,pb2_not_crashed,9b2f1fc33699
14927176,2026-10-06 13:33:58,actions-trading,Sim12,090460,skip,pb2_not_crashed,840e977a5707
14927176,2026-10-06 13:33:58,actions-trading,Sim12,018670,skip,avoid_frgn_sell_20d,50621a55316c
14927176,2026-10-06 13:33:58,actions-trading,Sim12,000155,skip,pb2_thin_liquidity,4bb363090bd1
14927176,2026-10-06 13:33:58,actions-trading,Sim12,020150,skip,avoid_frgn_sell_20d,042a192416b3
14927176,2026-10-06 13:33:58,actions-trading,Sim12,353200,skip,avoid_orgn_sell_high_per,aa33cd91e347
14927176,2026-10-06 13:33:58,actions-trading,Sim12,006405,skip,pb2_not_crashed,f8ae8541ca9c
14927176,2026-10-06 13:33:58,actions-trading,Sim12,000760,skip,pb2_not_crashed,034cbbe64529
14927176,2026-10-06 13:33:58,actions-trading,Sim12,005690,skip,pb2_not_crashed,8c49e6f56b64
14927176,2026-10-06 13:33:58,actions-trading,Sim12,009150,skip,pb2_not_crashed,1cc02ec3ca78
14927176,2026-10-06 13:33:58,actions-trading,Sim12,298020,skip,avoid_orgn_sell_high_per,269a71ebd8db
14927176,2026-10-06 13:33:58,actions-trading,Sim12,003670,skip,avoid_frgn_sell_20d,6cf8239e048e
14927176,2026-10-06 13:33:58,actions-trading,Sim12,005110,skip,avoid_amount_dry,c47d7f451b4b
14927176,2026-10-06 13:33:58,actions-trading,Sim12,015260,skip,pb2_no_inst_buying,23a23c6ef910
14927176,2026-10-06 13:33:58,actions-trading,Sim12,020120,skip,pb2_not_crashed,f0bd960dead8
14927176,2026-10-06 13:33:58,actions-trading,Sim12,004920,skip,pb2_not_crashed,ca00397fb43f
14927176,2026-10-06 13:33:58,actions-trading,Sim12,001525,skip,avoid_amount_dry,81205546f5c2
14927176,2026-10-06 13:33:58,actions-trading,Sim12,003010,skip,pb2_not_crashed,21a2aac403f8
14927176,2026-10-06 13:33:58,actions-trading,Sim12,002785,skip,pb2_no_inst_buying,8f393f53ef85
14927176,2026-10-06 13:33:58,actions-trading,Sim12,079550,skip,pb2_not_crashed,03b4a463b094
14927176,2026-10-06 13:33:58,actions-trading,Sim12,014915,skip,pb2_not_crashed,6a49f6f7ba1f
14927176,2026-10-06 13:33:58,actions-trading,Sim12,044820,skip,avoid_frgn_sell_20d,d353f5cdcce9
14927176,2026-10-06 13:33:58,actions-trading,Sim12,001380,skip,avoid_frgn_sell_20d,b41553611fa1
14927176,2026-10-06 13:33:58,actions-trading,Sim12,003350,skip,avoid_amount_dry,446b8e64954b
14927176,2026-10-06 13:33:58,actions-trading,Sim12,002870,skip,avoid_frgn_sell_20d,a95499f044cb
14927176,2026-10-06 13:33:58,actions-trading,Sim12,002787,skip,avoid_amount_dry,06a1b559f51b
14927176,2026-10-06 13:33:58,actions-trading,Sim12,051630,skip,avoid_amount_dry,5039a80c6e9d
14927176,2026-10-06 13:33:58,actions-trading,Sim12,465770,skip,avoid_amount_dry,850b05f15d0a
14927176,2026-10-06 13:33:58,actions-trading,Sim12,036570,skip,pb2_not_crashed,089e1dceed9a
14927176,2026-10-06 13:33:58,actions-trading,Sim12,003570,skip,avoid_frgn_sell_20d,623d37bc5ef2
14927176,2026-10-06 13:33:58,actions-trading,Sim12,084680,skip,avoid_frgn_sell_20d,9275b7617015
14927176,2026-10-06 13:33:58,actions-trading,Sim12,443060,skip,avoid_amount_dry,90f4148442e7
14927176,2026-10-06 13:33:58,actions-trading,Sim12,071950,skip,pb2_no_inst_buying,79b4965be8e6
14927176,2026-10-06 13:33:58,actions-trading,Sim12,005880,skip,pb2_not_crashed,9f07b63c50e6
14927176,2026-10-06 13:33:58,actions-trading,Sim12,109070,skip,pb2_not_crashed,84d2f5d1bc18
14927176,2026-10-06 13:33:58,actions-trading,Sim12,026960,skip,pb2_not_crashed,e04e0c243176
14927176,2026-10-06 13:33:58,actions-trading,Sim12,100840,skip,avoid_amount_dry,48b80be886d9
14927176,2026-10-06 13:33:58,actions-trading,Sim12,027740,skip,avoid_frgn_sell_20d,7d0be2aba5e2
14927176,2026-10-06 13:33:58,actions-trading,Sim12,088790,skip,avoid_amount_dry,539771a87bcd
14927176,2026-10-06 13:33:58,actions-trading,Sim12,011300,skip,avoid_amount_dry,3c7603c68a00
14927176,2026-10-06 13:33:58,actions-trading,Sim12,001527,skip,avoid_amount_dry,0a62090de076
14927176,2026-10-06 13:33:58,actions-trading,Sim12,064350,skip,avoid_frgn_sell_20d,810f95ddcaf1
14927176,2026-10-06 13:33:58,actions-trading,Sim13,480370,skip,no_frgn_support,2f64d13ae251
14927176,2026-10-06 13:33:58,actions-trading,Sim13,003580,skip,theme_momentum_weak,50dff9863d56
14927176,2026-10-06 13:33:58,actions-trading,Sim13,281820,skip,no_frgn_support,95fa00f4e3dc
14927176,2026-10-06 13:33:58,actions-trading,Sim13,006110,skip,theme_momentum_weak,951ed422bf15
14927176,2026-10-06 13:33:58,actions-trading,Sim13,011070,skip,theme_momentum_weak,4e216289d8f4
14927176,2026-10-06 13:33:58,actions-trading,Sim13,002710,skip,adx_weak,68707bcb7df6
14927176,2026-10-06 13:33:58,actions-trading,Sim13,066970,skip,theme_momentum_weak,b82dc4cc7212
14927176,2026-10-06 13:33:58,actions-trading,Sim13,000150,skip,adx_weak,07e37b03f99d
14927176,2026-10-06 13:33:58,actions-trading,Sim13,007660,skip,adx_weak,3ef3284c92c8
14927176,2026-10-06 13:33:58,actions-trading,Sim13,008970,skip,adx_weak,067b35bdd20e
14927176,2026-10-06 13:33:58,actions-trading,Sim13,006400,skip,theme_momentum_weak,b8ae61561f54
14927176,2026-10-06 13:33:58,actions-trading,Sim13,336370,skip,adx_weak,d6c64b732f37
14927176,2026-10-06 13:33:58,actions-trading,Sim13,000020,skip,theme_momentum_weak,181d1299b1dc
14927176,2026-10-06 13:33:58,actions-trading,Sim13,007810,skip,amount_not_surprised,6c0c9f42c251
14927176,2026-10-06 13:33:58,actions-trading,Sim13,005030,skip,theme_momentum_weak,f386437b9c5b
14927176,2026-10-06 13:33:58,actions-trading,Sim13,066570,skip,theme_momentum_weak,db14b8e63208
14927176,2026-10-06 13:33:58,actions-trading,Sim13,002820,skip,theme_momentum_weak,658d546aa4e2
14927176,2026-10-06 13:33:58,actions-trading,Sim13,000157,skip,theme_momentum_weak,65451c39d63a
14927176,2026-10-06 13:33:58,actions-trading,Sim13,066575,skip,theme_momentum_weak,9b2f1fc33699
14927176,2026-10-06 13:33:58,actions-trading,Sim13,090460,skip,theme_momentum_weak,840e977a5707
14927176,2026-10-06 13:33:58,actions-trading,Sim13,018670,skip,theme_momentum_weak,50621a55316c
14927176,2026-10-06 13:33:58,actions-trading,Sim13,000155,skip,theme_momentum_weak,4bb363090bd1
14927176,2026-10-06 13:33:58,actions-trading,Sim13,020150,skip,no_frgn_support,042a192416b3
14927176,2026-10-06 13:33:58,actions-trading,Sim13,353200,skip,amount_not_surprised,aa33cd91e347
14927176,2026-10-06 13:33:58,actions-trading,Sim13,006405,skip,theme_momentum_weak,f8ae8541ca9c
14927176,2026-10-06 13:33:58,actions-trading,Sim13,000760,skip,theme_momentum_weak,034cbbe64529
14927176,2026-10-06 13:33:58,actions-trading,Sim13,005690,skip,adx_weak,8c49e6f56b64
14927176,2026-10-06 13:33:58,actions-trading,Sim13,009150,skip,adx_weak,1cc02ec3ca78
14927176,2026-10-06 13:33:58,actions-trading,Sim13,298020,skip,theme_momentum_weak,269a71ebd8db
14927176,2026-10-06 13:33:58,actions-trading,Sim13,003670,skip,theme_momentum_weak,6cf8239e048e
14927176,2026-10-06 13:33:58,actions-trading,Sim14,_gate,skip,regime_blocked,e3b0c44298fc
14927176,2026-10-06 13:33:58,actions-trading,Sim15,_gate,skip,already_rebalanced,e3b0c44298fc
14927176,2026-10-06 13:33:58,actions-trading,Sim15,069500,seen,,b901f7a137d5
14927176,2026-10-06 13:33:58,actions-trading,Sim15,133690,seen,,6172bb9b2643
14927176,2026-10-06 13:33:58,actions-trading,Sim15,148070,seen,,7c5302b2aef0
14927176,2026-10-06 13:33:58,actions-trading,Sim16,_gate,skip,already_rebalanced,e3b0c44298fc
14927176,2026-10-06 13:33:58,actions-trading,Sim16,122630,seen,,ca7cc61456fd
14927176,2026-10-06 13:33:58,actions-trading,Sim16,418660,seen,,91b419dc12a9
14927176,2026-10-06 13:33:58,actions-trading,Sim16,148070,seen,,7c5302b2aef0
14927177,2026-10-06 13:35:21,actions-trading,Sim3,402340,skip,qty_zero,00bd19de22ef
14927177,2026-10-06 13:35:21,actions-trading,Sim3,383800,skip,amount,730f58916f73
14927177,2026-10-06 13:35:21,actions-trading,Sim3,462870,skip,amount,51e6944ded5a
14927177,2026-10-06 13:35:21,actions-trading,Sim3,000660,skip,qty_zero,f99ae3a8d1d5
14927177,2026-10-06 13:35:21,actions-trading,Sim3,071970,skip,cooldown,3afe30d15899
14927177,2026-10-06 13:35:21,actions-trading,Sim3,042700,skip,not_cheap,82fe70585975
14927177,2026-10-06 13:35:21,actions-trading,Sim3,326030,skip,cooldown,f7c8fc96197d
14927177,2026-10-06 13:35:21,actions-trading,Sim3,207940,skip,not_cheap,712da375dddf
14927177,2026-10-06 13:35:21,actions-trading,Sim3,033920,skip,amount,bd17d32cd42f
14927177,2026-10-06 13:35:21,actions-trading,Sim3,004770,skip,amount,afbf07cddc0b
14927177,2026-10-06 13:35:21,actions-trading,Sim3,0126Z0,skip,not_cheap,f4866a172149
14927177,2026-10-06 13:35:21,actions-trading,Sim3,062040,skip,not_cheap,a3e2f71756ea
14927177,2026-10-06 13:35:21,actions-trading,Sim3,317450,skip,amount,e6d4df4136f1
14927177,2026-10-06 13:35:21,actions-trading,Sim3,026960,skip,amount,74850c6972df
14927177,2026-10-06 13:35:21,actions-trading,Sim3,021820,skip,amount,fd69f03af68f
14927177,2026-10-06 13:35:21,actions-trading,Sim3,192080,skip,amount,de5bd51c37e4
14927177,2026-10-06 13:35:21,actions-trading,Sim3,068270,skip,cooldown,ff17bf2a9a04
14927177,2026-10-06 13:35:21,actions-trading,Sim3,123890,skip,amount,5bfb87c96706
14927177,2026-10-06 13:35:21,actions-trading,Sim3,000240,skip,amount,590f98173536
14927177,2026-10-06 13:35:21,actions-trading,Sim3,002380,skip,amount,5c73cfcece70
14927177,2026-10-06 13:35:21,actions-trading,Sim3,009770,skip,amount,01a28af7b427
14927177,2026-10-06 13:35:21,actions-trading,Sim3,259960,skip,cooldown,5098e1960e05
14927177,2026-10-06 13:35:21,actions-trading,Sim3,035250,skip,amount,d3cc496542bf
14927177,2026-10-06 13:35:21,actions-trading,Sim3,383220,skip,amount,3febf37c3e80
14927177,2026-10-06 13:35:21,actions-trading,Sim3,226320,skip,amount,6b885d3aa08c
14927177,2026-10-06 13:35:21,actions-trading,Sim3,439260,skip,amount,1419e04d8e38
14927177,2026-10-06 13:35:21,actions-trading,Sim3,025560,skip,cooldown,35a4975a7636
14927177,2026-10-06 13:35:21,actions-trading,Sim3,007700,skip,amount,46f1f8aaa595
14927177,2026-10-06 13:35:21,actions-trading,Sim3,278470,skip,not_cheap,75523dfe858d
14927177,2026-10-06 13:35:21,actions-trading,Sim3,000990,skip,not_cheap,64ac3135b8ce
14927177,2026-10-06 13:36:00,actions-trading,MFHS2,018880,skip,max_holdings,75b00273e439
14927177,2026-10-06 13:36:00,actions-trading,MFHS2,047040,seen,,994366e52878
14927177,2026-10-06 13:36:00,actions-trading,MFHS2,007660,seen,,58f7d9dd6f64
14927177,2026-10-06 13:36:00,actions-trading,MFHS2,066570,seen,,7efea8cc50e3
14927177,2026-10-06 13:36:00,actions-trading,MFHS2,009190,seen,,066150f7eafa
14927177,2026-10-06 13:36:00,actions-trading,MFHS2,002710,seen,,3dcaab5950ee
14927177,2026-10-06 13:36:00,actions-trading,MFHS2,005690,seen,,1f426719fd43
14927177,2026-10-06 13:36:00,actions-trading,MFHS2,025560,seen,,e9df43c0ef61
14927177,2026-10-06 13:36:00,actions-trading,MFHS2,005360,seen,,97c000a85483
14927177,2026-10-06 13:36:00,actions-trading,MFHS2,009830,seen,,3bf4d1b2d093
14927177,2026-10-06 13:36:00,actions-trading,MFHS2,006400,seen,,282d1f3875d7
14927177,2026-10-06 13:36:00,actions-trading,MFHS2,002700,seen,,b23c4fb0d238
14927177,2026-10-06 13:36:00,actions-trading,MFHS2,279570,seen,,c19a4ed4be53
14927177,2026-10-06 13:36:00,actions-trading,MFHS2,138930,seen,,2048369076c4
14927177,2026-10-06 13:36:00,actions-trading,MFHS2,090460,seen,,ed5209b1091a
14927177,2026-10-06 13:36:00,actions-trading,MFHS2,009150,seen,,6ce6a5b55fc1
14927177,2026-10-06 13:36:00,actions-trading,MFHS2,317400,seen,,ecbb4982af7c
14927177,2026-10-06 13:36:00,actions-trading,MFHS2,460860,seen,,7238a8a30b0e
14927177,2026-10-06 13:36:00,actions-trading,MFHS2,006800,seen,,2a2bb1794eeb
14927177,2026-10-06 13:36:00,actions-trading,MFHS2,010120,seen,,79db2f9169db
14927177,2026-10-06 13:36:00,actions-trading,MFHS2,011070,seen,,d92ef9c26364
14927177,2026-10-06 13:36:00,actions-trading,MFHS2,022100,seen,,f8bea1dfa7cf
14927177,2026-10-06 13:36:00,actions-trading,MFHS2,003620,seen,,8d5ef2c86228
14927177,2026-10-06 13:36:00,actions-trading,MFHS2,015260,seen,,23a23c6ef910
14927177,2026-10-06 13:36:00,actions-trading,MFHS2,452260,seen,,29b15f97d585
14927177,2026-10-06 13:36:00,actions-trading,MFHS2,001230,seen,,456ba61f5053
14927177,2026-10-06 13:36:00,actions-trading,MFHS2,066970,seen,,49fd0b31f316
14927177,2026-10-06 13:36:00,actions-trading,MFHS2,066575,seen,,e0fb46902bd6
14927177,2026-10-06 13:36:00,actions-trading,MFHS2,004020,seen,,d70cc1a0752b
14927177,2026-10-06 13:36:00,actions-trading,MFHS2,002990,seen,,fd0647de80d5
14927177,2026-10-06 13:36:01,actions-trading,상승모멘텀,480370,skip,adx_high,b8e65ab03cd1
14927177,2026-10-06 13:36:01,actions-trading,상승모멘텀,003580,skip,adx_high,62fb232fc662
14927177,2026-10-06 13:36:01,actions-trading,상승모멘텀,281820,skip,adx_high,a69931f88e57
14927177,2026-10-06 13:36:01,actions-trading,상승모멘텀,006110,skip,adx_high,78625ce9ad94
14927177,2026-10-06 13:36:01,actions-trading,상승모멘텀,011070,skip,adx_low,d92ef9c26364
14927177,2026-10-06 13:36:01,actions-trading,상승모멘텀,002710,skip,tick,3dcaab5950ee
14927177,2026-10-06 13:36:01,actions-trading,상승모멘텀,066970,skip,adx_low,49fd0b31f316
14927177,2026-10-06 13:36:01,actions-trading,상승모멘텀,000150,skip,adx_high,952943a3a1e2
14927177,2026-10-06 13:36:01,actions-trading,상승모멘텀,007660,skip,held_or_sold_today,58f7d9dd6f64
14927177,2026-10-06 13:36:01,actions-trading,상승모멘텀,008970,skip,tick,6bee9d21dff7
14927177,2026-10-06 13:36:01,actions-trading,상승모멘텀,336370,skip,adx_high,fc4d2404d483
14927177,2026-10-06 13:36:01,actions-trading,상승모멘텀,006400,skip,adx_low,282d1f3875d7
14927177,2026-10-06 13:36:01,actions-trading,상승모멘텀,007810,skip,adx_high,34a1e04f786a
14927177,2026-10-06 13:36:01,actions-trading,상승모멘텀,005030,skip,amount,f386437b9c5b
14927177,2026-10-06 13:36:01,actions-trading,상승모멘텀,066570,skip,adx_low,7efea8cc50e3
14927177,2026-10-06 13:36:01,actions-trading,상승모멘텀,002820,skip,amount,658d546aa4e2
14927177,2026-10-06 13:36:01,actions-trading,상승모멘텀,000157,skip,amount,65451c39d63a
14927177,2026-10-06 13:36:01,actions-trading,상승모멘텀,066575,skip,adx_high,e0fb46902bd6
14927177,2026-10-06 13:36:01,actions-trading,상승모멘텀,090460,skip,period,ed5209b1091a
14927177,2026-10-06 13:36:01,actions-trading,상승모멘텀,018670,skip,period,bac5efdfc488
14927177,2026-10-06 13:36:01,actions-trading,상승모멘텀,000020,skip,adx_low,e89b7f313c8b
14927177,2026-10-06 13:36:01,actions-trading,상승모멘텀,000155,skip,adx_high,4bb363090bd1
14927177,2026-10-06 13:36:01,actions-trading,상승모멘텀,353200,skip,adx_high,2a933e4b2400
14927177,2026-10-06 13:36:01,actions-trading,상승모멘텀,000760,skip,amount,034cbbe64529
14927177,2026-10-06 13:36:01,actions-trading,상승모멘텀,005690,skip,period,1f426719fd43
14927177,2026-10-06 13:36:01,actions-trading,상승모멘텀,006405,skip,amount,361702d24a4c
14927177,2026-10-06 13:36:01,actions-trading,상승모멘텀,020150,skip,held_or_sold_today,3a3ebef95af4
14927177,2026-10-06 13:36:01,actions-trading,상승모멘텀,009150,skip,qty_zero,6ce6a5b55fc1
14927177,2026-10-06 13:36:01,actions-trading,상승모멘텀,298020,skip,adx_high,816df6315aa3
14927177,2026-10-06 13:36:01,actions-trading,상승모멘텀,063160,skip,amount,01bed0df5d9b
14927177,2026-10-06 13:36:01,actions-trading,Sim6,_gate,skip,already_rebalanced,e3b0c44298fc
14927177,2026-10-06 13:36:01,actions-trading,Sim6,069500,seen,,7cd975434033
14927177,2026-10-06 13:36:01,actions-trading,Sim6,360750,seen,,0ac606b32337
14927177,2026-10-06 13:36:01,actions-trading,Sim6,148070,seen,,9aeb94a52703
14927177,2026-10-06 13:36:01,actions-trading,Sim6,411060,seen,,f3e5dcdb4ded
14927177,2026-10-06 13:36:01,actions-trading,Sim6,305080,seen,,55d0e0671f81
14927177,2026-10-06 13:36:01,actions-trading,Sim6,357870,seen,,29bdceef8c38
14927177,2026-10-06 13:36:02,actions-trading,Sim4-1,480370,skip,adx_high,b8e65ab03cd1
14927177,2026-10-06 13:36:02,actions-trading,Sim4-1,003580,skip,adx_high,62fb232fc662
14927177,2026-10-06 13:36:02,actions-trading,Sim4-1,281820,skip,adx_high,a69931f88e57
14927177,2026-10-06 13:36:02,actions-trading,Sim4-1,006110,skip,adx_high,78625ce9ad94
14927177,2026-10-06 13:36:02,actions-trading,Sim4-1,011070,skip,adx_low,d92ef9c26364
14927177,2026-10-06 13:36:02,actions-trading,Sim4-1,002710,skip,held_or_cooldown,3dcaab5950ee
14927177,2026-10-06 13:36:02,actions-trading,Sim4-1,066970,skip,adx_low,49fd0b31f316
14927177,2026-10-06 13:36:02,actions-trading,Sim4-1,000150,skip,adx_high,952943a3a1e2
14927177,2026-10-06 13:36:02,actions-trading,Sim4-1,007660,skip,held_or_cooldown,58f7d9dd6f64
14927177,2026-10-06 13:36:02,actions-trading,Sim4-1,008970,skip,held_or_cooldown,6bee9d21dff7
14927177,2026-10-06 13:36:02,actions-trading,Sim4-1,336370,skip,adx_high,fc4d2404d483
14927177,2026-10-06 13:36:02,actions-trading,Sim4-1,006400,skip,adx_low,282d1f3875d7
14927177,2026-10-06 13:36:02,actions-trading,Sim4-1,007810,skip,adx_high,34a1e04f786a
14927177,2026-10-06 13:36:02,actions-trading,Sim4-1,005030,skip,amount,f386437b9c5b
14927177,2026-10-06 13:36:02,actions-trading,Sim4-1,066570,skip,adx_low,7efea8cc50e3
14927177,2026-10-06 13:36:02,actions-trading,Sim4-1,002820,skip,amount,658d546aa4e2
14927177,2026-10-06 13:36:02,actions-trading,Sim4-1,000157,skip,amount,65451c39d63a
14927177,2026-10-06 13:36:02,actions-trading,Sim4-1,066575,skip,adx_high,e0fb46902bd6
14927177,2026-10-06 13:36:02,actions-trading,Sim4-1,090460,skip,period,ed5209b1091a
14927177,2026-10-06 13:36:02,actions-trading,Sim4-1,018670,skip,period,bac5efdfc488
14927177,2026-10-06 13:36:02,actions-trading,Sim4-1,000020,skip,adx_low,e89b7f313c8b
14927177,2026-10-06 13:36:02,actions-trading,Sim4-1,000155,skip,adx_high,4bb363090bd1
14927177,2026-10-06 13:36:02,actions-trading,Sim4-1,353200,skip,adx_high,2a933e4b2400
14927177,2026-10-06 13:36:02,actions-trading,Sim4-1,000760,skip,amount,034cbbe64529
14927177,2026-10-06 13:36:02,actions-trading,Sim4-1,005690,skip,period,1f426719fd43
14927177,2026-10-06 13:36:02,actions-trading,Sim4-1,006405,skip,amount,361702d24a4c
14927177,2026-10-06 13:36:02,actions-trading,Sim4-1,020150,skip,held_or_cooldown,3a3ebef95af4
14927177,2026-10-06 13:36:02,actions-trading,Sim4-1,009150,skip,qty_zero,6ce6a5b55fc1
14927177,2026-10-06 13:36:02,actions-trading,Sim4-1,298020,skip,adx_high,816df6315aa3
14927177,2026-10-06 13:36:02,actions-trading,Sim4-1,063160,skip,amount,01bed0df5d9b
14927177,2026-10-06 13:36:05,actions-trading,선행매집,018880,skip,below_anchor,75b00273e439
14927177,2026-10-06 13:36:05,actions-trading,선행매집,047040,skip,below_anchor,994366e52878
14927177,2026-10-06 13:36:05,actions-trading,선행매집,007660,skip,below_anchor,58f7d9dd6f64
14927177,2026-10-06 13:36:05,actions-trading,선행매집,066570,skip,below_anchor,7efea8cc50e3
14927177,2026-10-06 13:36:05,actions-trading,선행매집,002710,skip,below_anchor,3dcaab5950ee
14927177,2026-10-06 13:36:05,actions-trading,선행매집,006800,skip,below_anchor,2a2bb1794eeb
14927177,2026-10-06 13:36:05,actions-trading,선행매집,001250,skip,below_anchor,3c899057cb65
14927177,2026-10-06 13:36:05,actions-trading,선행매집,009190,skip,below_anchor,066150f7eafa
14927177,2026-10-06 13:36:05,actions-trading,선행매집,005320,skip,amount,06b06aa3f9d4
14927177,2026-10-06 13:36:05,actions-trading,선행매집,009830,skip,below_anchor,3bf4d1b2d093
14927177,2026-10-06 13:36:05,actions-trading,선행매집,006400,skip,below_anchor,282d1f3875d7
14927177,2026-10-06 13:36:05,actions-trading,선행매집,005690,skip,below_anchor,1f426719fd43
14927177,2026-10-06 13:36:05,actions-trading,선행매집,025560,skip,below_anchor,e9df43c0ef61
14927177,2026-10-06 13:36:05,actions-trading,선행매집,336370,skip,below_anchor,fc4d2404d483
14927177,2026-10-06 13:36:05,actions-trading,선행매집,009150,skip,below_anchor,6ce6a5b55fc1
14927177,2026-10-06 13:36:05,actions-trading,선행매집,005360,skip,amount,97c000a85483
14927177,2026-10-06 13:36:05,actions-trading,선행매집,279570,skip,below_anchor,c19a4ed4be53
14927177,2026-10-06 13:36:05,actions-trading,선행매집,002700,skip,amount,b23c4fb0d238
14927177,2026-10-06 13:36:05,actions-trading,선행매집,090460,skip,below_anchor,ed5209b1091a
14927177,2026-10-06 13:36:05,actions-trading,선행매집,011070,skip,below_anchor,d92ef9c26364
14927177,2026-10-06 13:36:05,actions-trading,선행매집,022100,skip,below_anchor,f8bea1dfa7cf
14927177,2026-10-06 13:36:05,actions-trading,선행매집,010120,skip,below_anchor,79db2f9169db
14927177,2026-10-06 13:36:05,actions-trading,선행매집,192650,skip,sold_or_cooldown,82937484cc45
14927177,2026-10-06 13:36:05,actions-trading,선행매집,138930,skip,below_anchor,2048369076c4
14927177,2026-10-06 13:36:05,actions-trading,선행매집,066970,skip,below_anchor,49fd0b31f316
14927177,2026-10-06 13:36:05,actions-trading,선행매집,015760,skip,below_anchor,2344a4b49a3a
14927177,2026-10-06 13:36:05,actions-trading,선행매집,003620,skip,below_anchor,8d5ef2c86228
14927177,2026-10-06 13:36:05,actions-trading,선행매집,460860,skip,below_anchor,7238a8a30b0e
14927177,2026-10-06 13:36:05,actions-trading,선행매집,015260,skip,amount,23a23c6ef910
14927177,2026-10-06 13:36:05,actions-trading,선행매집,452260,skip,below_anchor,29b15f97d585
14927177,2026-10-06 13:36:05,actions-trading,Sim9,_gate,skip,outside_entry_window,e3b0c44298fc
14927177,2026-10-06 13:36:05,actions-trading,Sim9,480370,seen,,b8e65ab03cd1
14927177,2026-10-06 13:36:05,actions-trading,Sim9,003580,seen,,62fb232fc662
14927177,2026-10-06 13:36:05,actions-trading,Sim9,281820,seen,,a69931f88e57
14927177,2026-10-06 13:36:05,actions-trading,Sim9,006110,seen,,78625ce9ad94
14927177,2026-10-06 13:36:05,actions-trading,Sim9,011070,seen,,d92ef9c26364
14927177,2026-10-06 13:36:05,actions-trading,Sim9,002710,seen,,3dcaab5950ee
14927177,2026-10-06 13:36:05,actions-trading,Sim9,066970,seen,,49fd0b31f316
14927177,2026-10-06 13:36:05,actions-trading,Sim9,000150,seen,,952943a3a1e2
14927177,2026-10-06 13:36:05,actions-trading,Sim9,007660,seen,,58f7d9dd6f64
14927177,2026-10-06 13:36:05,actions-trading,Sim9,008970,seen,,6bee9d21dff7
14927177,2026-10-06 13:36:05,actions-trading,Sim9,336370,seen,,fc4d2404d483
14927177,2026-10-06 13:36:05,actions-trading,Sim9,006400,seen,,282d1f3875d7
14927177,2026-10-06 13:36:05,actions-trading,Sim9,007810,seen,,34a1e04f786a
14927177,2026-10-06 13:36:05,actions-trading,Sim9,005030,seen,,f386437b9c5b
14927177,2026-10-06 13:36:05,actions-trading,Sim9,066570,seen,,7efea8cc50e3
14927177,2026-10-06 13:36:05,actions-trading,Sim9,002820,seen,,658d546aa4e2
14927177,2026-10-06 13:36:05,actions-trading,Sim9,000157,seen,,65451c39d63a
14927177,2026-10-06 13:36:05,actions-trading,Sim9,066575,seen,,e0fb46902bd6
14927177,2026-10-06 13:36:05,actions-trading,Sim9,090460,seen,,ed5209b1091a
14927177,2026-10-06 13:36:05,actions-trading,Sim9,018670,seen,,bac5efdfc488
14927177,2026-10-06 13:36:05,actions-trading,Sim9,000020,seen,,e89b7f313c8b
14927177,2026-10-06 13:36:05,actions-trading,Sim9,000155,seen,,4bb363090bd1
14927177,2026-10-06 13:36:05,actions-trading,Sim9,353200,seen,,2a933e4b2400
14927177,2026-10-06 13:36:05,actions-trading,Sim9,000760,seen,,034cbbe64529
14927177,2026-10-06 13:36:05,actions-trading,Sim9,005690,seen,,1f426719fd43
14927177,2026-10-06 13:36:05,actions-trading,Sim9,006405,seen,,361702d24a4c
14927177,2026-10-06 13:36:05,actions-trading,Sim9,020150,seen,,3a3ebef95af4
14927177,2026-10-06 13:36:05,actions-trading,Sim9,009150,seen,,6ce6a5b55fc1
14927177,2026-10-06 13:36:05,actions-trading,Sim9,298020,seen,,816df6315aa3
14927177,2026-10-06 13:36:05,actions-trading,Sim9,063160,seen,,01bed0df5d9b
14927177,2026-10-06 13:36:05,actions-trading,미너비니,192820,skip,below_pivot,281dacb30949
14927177,2026-10-06 13:36:05,actions-trading,미너비니,443060,skip,below_pivot,f7f04455458c
14927177,2026-10-06 13:36:05,actions-trading,Sim12,480370,skip,pb2_not_crashed,b8e65ab03cd1
14927177,2026-10-06 13:36:05,actions-trading,Sim12,003580,skip,pb2_not_crashed,62fb232fc662
14927177,2026-10-06 13:36:05,actions-trading,Sim12,281820,skip,pb2_not_crashed,a69931f88e57
14927177,2026-10-06 13:36:05,actions-trading,Sim12,006110,skip,pb2_not_crashed,78625ce9ad94
14927177,2026-10-06 13:36:05,actions-trading,Sim12,011070,skip,avoid_orgn_sell_high_per,d92ef9c26364
14927177,2026-10-06 13:36:05,actions-trading,Sim12,002710,skip,avoid_frgn_sell_20d,3dcaab5950ee
14927177,2026-10-06 13:36:05,actions-trading,Sim12,066970,skip,pb2_not_crashed,49fd0b31f316
14927177,2026-10-06 13:36:05,actions-trading,Sim12,000150,skip,avoid_frgn_sell_20d,952943a3a1e2
14927177,2026-10-06 13:36:05,actions-trading,Sim12,007660,skip,pb2_not_crashed,58f7d9dd6f64
14927177,2026-10-06 13:36:05,actions-trading,Sim12,008970,skip,pb2_not_crashed,6bee9d21dff7
14927177,2026-10-06 13:36:05,actions-trading,Sim12,336370,skip,avoid_frgn_sell_20d,fc4d2404d483
14927177,2026-10-06 13:36:05,actions-trading,Sim12,006400,skip,pb2_not_crashed,282d1f3875d7
14927177,2026-10-06 13:36:05,actions-trading,Sim12,007810,skip,pb2_not_crashed,34a1e04f786a
14927177,2026-10-06 13:36:05,actions-trading,Sim12,005030,skip,avoid_amount_dry,f386437b9c5b
14927177,2026-10-06 13:36:05,actions-trading,Sim12,066570,skip,pb2_not_crashed,7efea8cc50e3
14927177,2026-10-06 13:36:05,actions-trading,Sim12,002820,skip,avoid_deadcat,658d546aa4e2
14927177,2026-10-06 13:36:05,actions-trading,Sim12,000157,skip,pb2_thin_liquidity,65451c39d63a
14927177,2026-10-06 13:36:05,actions-trading,Sim12,066575,skip,pb2_not_crashed,e0fb46902bd6
14927177,2026-10-06 13:36:05,actions-trading,Sim12,090460,skip,pb2_not_crashed,ed5209b1091a
14927177,2026-10-06 13:36:05,actions-trading,Sim12,018670,skip,avoid_frgn_sell_20d,bac5efdfc488
14927177,2026-10-06 13:36:05,actions-trading,Sim12,000020,skip,pb2_not_crashed,e89b7f313c8b
14927177,2026-10-06 13:36:05,actions-trading,Sim12,000155,skip,pb2_thin_liquidity,4bb363090bd1
14927177,2026-10-06 13:36:05,actions-trading,Sim12,353200,skip,avoid_orgn_sell_high_per,2a933e4b2400
14927177,2026-10-06 13:36:05,actions-trading,Sim12,000760,skip,pb2_not_crashed,034cbbe64529
14927177,2026-10-06 13:36:05,actions-trading,Sim12,005690,skip,pb2_not_crashed,1f426719fd43
14927177,2026-10-06 13:36:05,actions-trading,Sim12,006405,skip,pb2_not_crashed,361702d24a4c
14927177,2026-10-06 13:36:05,actions-trading,Sim12,020150,skip,avoid_frgn_sell_20d,3a3ebef95af4
14927177,2026-10-06 13:36:05,actions-trading,Sim12,009150,skip,pb2_not_crashed,6ce6a5b55fc1
14927177,2026-10-06 13:36:05,actions-trading,Sim12,298020,skip,avoid_orgn_sell_high_per,816df6315aa3
14927177,2026-10-06 13:36:05,actions-trading,Sim12,063160,skip,avoid_frgn_sell_20d,01bed0df5d9b
14927177,2026-10-06 13:36:05,actions-trading,Sim12,005110,skip,avoid_amount_dry,c47d7f451b4b
14927177,2026-10-06 13:36:05,actions-trading,Sim12,015260,skip,pb2_no_inst_buying,23a23c6ef910
14927177,2026-10-06 13:36:05,actions-trading,Sim12,020120,skip,pb2_not_crashed,f8f5290a57c8
14927177,2026-10-06 13:36:05,actions-trading,Sim12,004920,skip,pb2_not_crashed,ca00397fb43f
14927177,2026-10-06 13:36:05,actions-trading,Sim12,001525,skip,avoid_amount_dry,81205546f5c2
14927177,2026-10-06 13:36:05,actions-trading,Sim12,003010,skip,pb2_not_crashed,911103b28467
14927177,2026-10-06 13:36:05,actions-trading,Sim12,002870,skip,avoid_frgn_sell_20d,5faac58fcec0
14927177,2026-10-06 13:36:05,actions-trading,Sim12,002785,skip,pb2_no_inst_buying,8f393f53ef85
14927177,2026-10-06 13:36:05,actions-trading,Sim12,079550,skip,pb2_not_crashed,f3d80d1c665e
14927177,2026-10-06 13:36:05,actions-trading,Sim12,014915,skip,pb2_not_crashed,6a49f6f7ba1f
14927177,2026-10-06 13:36:05,actions-trading,Sim12,003350,skip,avoid_amount_dry,0e6baafb8e8d
14927177,2026-10-06 13:36:05,actions-trading,Sim12,002787,skip,avoid_amount_dry,06a1b559f51b
14927177,2026-10-06 13:36:05,actions-trading,Sim12,044820,skip,avoid_frgn_sell_20d,5ae73684163f
14927177,2026-10-06 13:36:05,actions-trading,Sim12,465770,skip,avoid_amount_dry,c742496222fc
14927177,2026-10-06 13:36:05,actions-trading,Sim12,036570,skip,pb2_not_crashed,56eb0afd355c
14927177,2026-10-06 13:36:05,actions-trading,Sim12,001380,skip,avoid_frgn_sell_20d,53ecfa92a6f0
14927177,2026-10-06 13:36:05,actions-trading,Sim12,051630,skip,avoid_amount_dry,34ffedb1ce4d
14927177,2026-10-06 13:36:05,actions-trading,Sim12,003570,skip,avoid_frgn_sell_20d,c514bf45ddf2
14927177,2026-10-06 13:36:05,actions-trading,Sim12,084680,skip,avoid_frgn_sell_20d,174d016fdfea
14927177,2026-10-06 13:36:05,actions-trading,Sim12,005880,skip,pb2_not_crashed,608438cc6de9
14927177,2026-10-06 13:36:05,actions-trading,Sim12,071950,skip,pb2_no_inst_buying,79b4965be8e6
14927177,2026-10-06 13:36:05,actions-trading,Sim12,443060,skip,avoid_amount_dry,f7f04455458c
14927177,2026-10-06 13:36:05,actions-trading,Sim12,109070,skip,pb2_not_crashed,84d2f5d1bc18
14927177,2026-10-06 13:36:05,actions-trading,Sim12,027740,skip,avoid_frgn_sell_20d,a67c86b371ec
14927177,2026-10-06 13:36:05,actions-trading,Sim12,026960,skip,pb2_not_crashed,cff70b9eb8fa
14927177,2026-10-06 13:36:05,actions-trading,Sim12,100840,skip,avoid_amount_dry,fff834df1022
14927177,2026-10-06 13:36:05,actions-trading,Sim12,088790,skip,avoid_amount_dry,820d92066177
14927177,2026-10-06 13:36:05,actions-trading,Sim12,011300,skip,avoid_amount_dry,96eb5cda7c02
14927177,2026-10-06 13:36:05,actions-trading,Sim12,001527,skip,avoid_amount_dry,0a62090de076
14927177,2026-10-06 13:36:05,actions-trading,Sim12,000700,skip,avoid_frgn_sell_20d,d7810c741cb9
14927177,2026-10-06 13:36:05,actions-trading,Sim13,480370,skip,no_frgn_support,b8e65ab03cd1
14927177,2026-10-06 13:36:05,actions-trading,Sim13,003580,skip,theme_momentum_weak,62fb232fc662
14927177,2026-10-06 13:36:05,actions-trading,Sim13,281820,skip,no_frgn_support,a69931f88e57
14927177,2026-10-06 13:36:05,actions-trading,Sim13,006110,skip,theme_momentum_weak,78625ce9ad94
14927177,2026-10-06 13:36:05,actions-trading,Sim13,011070,skip,theme_momentum_weak,d92ef9c26364
14927177,2026-10-06 13:36:05,actions-trading,Sim13,002710,skip,adx_weak,3dcaab5950ee
14927177,2026-10-06 13:36:05,actions-trading,Sim13,066970,skip,theme_momentum_weak,49fd0b31f316
14927177,2026-10-06 13:36:05,actions-trading,Sim13,000150,skip,adx_weak,952943a3a1e2
14927177,2026-10-06 13:36:05,actions-trading,Sim13,007660,skip,adx_weak,58f7d9dd6f64
14927177,2026-10-06 13:36:05,actions-trading,Sim13,008970,skip,adx_weak,6bee9d21dff7
14927177,2026-10-06 13:36:05,actions-trading,Sim13,336370,skip,adx_weak,fc4d2404d483
14927177,2026-10-06 13:36:05,actions-trading,Sim13,006400,skip,theme_momentum_weak,282d1f3875d7
14927177,2026-10-06 13:36:05,actions-trading,Sim13,007810,skip,amount_not_surprised,34a1e04f786a
14927177,2026-10-06 13:36:05,actions-trading,Sim13,005030,skip,theme_momentum_weak,f386437b9c5b
14927177,2026-10-06 13:36:05,actions-trading,Sim13,066570,skip,theme_momentum_weak,7efea8cc50e3
14927177,2026-10-06 13:36:05,actions-trading,Sim13,002820,skip,theme_momentum_weak,658d546aa4e2
14927177,2026-10-06 13:36:05,actions-trading,Sim13,000157,skip,theme_momentum_weak,65451c39d63a
14927177,2026-10-06 13:36:05,actions-trading,Sim13,066575,skip,theme_momentum_weak,e0fb46902bd6
14927177,2026-10-06 13:36:05,actions-trading,Sim13,090460,skip,theme_momentum_weak,ed5209b1091a
14927177,2026-10-06 13:36:05,actions-trading,Sim13,018670,skip,theme_momentum_weak,bac5efdfc488
14927177,2026-10-06 13:36:05,actions-trading,Sim13,000020,skip,theme_momentum_weak,e89b7f313c8b
14927177,2026-10-06 13:36:05,actions-trading,Sim13,000155,skip,theme_momentum_weak,4bb363090bd1
14927177,2026-10-06 13:36:05,actions-trading,Sim13,353200,skip,amount_not_surprised,2a933e4b2400
14927177,2026-10-06 13:36:05,actions-trading,Sim13,000760,skip,theme_momentum_weak,034cbbe64529
14927177,2026-10-06 13:36:05,actions-trading,Sim13,005690,skip,adx_weak,1f426719fd43
14927177,2026-10-06 13:36:05,actions-trading,Sim13,006405,skip,theme_momentum_weak,361702d24a4c
14927177,2026-10-06 13:36:05,actions-trading,Sim13,020150,skip,no_frgn_support,3a3ebef95af4
14927177,2026-10-06 13:36:05,actions-trading,Sim13,009150,skip,adx_weak,6ce6a5b55fc1
14927177,2026-10-06 13:36:05,actions-trading,Sim13,298020,skip,theme_momentum_weak,816df6315aa3
14927177,2026-10-06 13:36:05,actions-trading,Sim13,063160,skip,theme_momentum_weak,01bed0df5d9b
14927177,2026-10-06 13:36:05,actions-trading,Sim14,_gate,skip,regime_blocked,e3b0c44298fc
14927177,2026-10-06 13:36:05,actions-trading,Sim15,_gate,skip,already_rebalanced,e3b0c44298fc
14927177,2026-10-06 13:36:05,actions-trading,Sim15,069500,seen,,7cd975434033
14927177,2026-10-06 13:36:05,actions-trading,Sim15,133690,seen,,08a0ae10c44a
14927177,2026-10-06 13:36:05,actions-trading,Sim15,148070,seen,,9aeb94a52703
14927177,2026-10-06 13:36:05,actions-trading,Sim16,_gate,skip,already_rebalanced,e3b0c44298fc
14927177,2026-10-06 13:36:05,actions-trading,Sim16,122630,seen,,b9284d43b872
14927177,2026-10-06 13:36:05,actions-trading,Sim16,418660,seen,,fdd5e955fe71
14927177,2026-10-06 13:36:05,actions-trading,Sim16,148070,seen,,9aeb94a52703
14927178,2026-10-06 13:37:21,actions-trading,Sim3,402340,skip,qty_zero,febb4adc1d20
14927178,2026-10-06 13:37:21,actions-trading,Sim3,383800,skip,amount,d9635f7a463f
14927178,2026-10-06 13:37:21,actions-trading,Sim3,462870,skip,amount,7b5c1b584e14
14927178,2026-10-06 13:37:21,actions-trading,Sim3,000660,skip,qty_zero,113d5d8f98d7
14927178,2026-10-06 13:37:21,actions-trading,Sim3,071970,skip,cooldown,244a32a6c610
14927178,2026-10-06 13:37:21,actions-trading,Sim3,042700,skip,not_cheap,b44de51f0685
14927178,2026-10-06 13:37:21,actions-trading,Sim3,326030,skip,cooldown,90b2a41c8a8a
14927178,2026-10-06 13:37:21,actions-trading,Sim3,207940,skip,not_cheap,3a357d32c9e8
14927178,2026-10-06 13:37:21,actions-trading,Sim3,033920,skip,amount,c394af93adc6
14927178,2026-10-06 13:37:21,actions-trading,Sim3,004770,skip,amount,bbd35fe41d16
14927178,2026-10-06 13:37:21,actions-trading,Sim3,0126Z0,skip,not_cheap,f243628031fe
14927178,2026-10-06 13:37:21,actions-trading,Sim3,062040,skip,not_cheap,c7c71313dc5a
14927178,2026-10-06 13:37:21,actions-trading,Sim3,317450,skip,amount,e6d4df4136f1
14927178,2026-10-06 13:37:21,actions-trading,Sim3,026960,skip,amount,9f08084d2ce9
14927178,2026-10-06 13:37:21,actions-trading,Sim3,021820,skip,amount,fd69f03af68f
14927178,2026-10-06 13:37:21,actions-trading,Sim3,192080,skip,amount,37585f14b586
14927178,2026-10-06 13:37:21,actions-trading,Sim3,068270,skip,cooldown,a17bb56ba0a6
14927178,2026-10-06 13:37:21,actions-trading,Sim3,123890,skip,amount,5bfb87c96706
14927178,2026-10-06 13:37:21,actions-trading,Sim3,000240,skip,amount,c500a9e79bc2
14927178,2026-10-06 13:37:21,actions-trading,Sim3,002380,skip,amount,642dc715ce25
14927178,2026-10-06 13:37:21,actions-trading,Sim3,009770,skip,amount,01a28af7b427
14927178,2026-10-06 13:37:21,actions-trading,Sim3,259960,skip,cooldown,12349521760f
14927178,2026-10-06 13:37:21,actions-trading,Sim3,035250,skip,amount,72372b73f920
14927178,2026-10-06 13:37:21,actions-trading,Sim3,383220,skip,amount,09772e06c401
14927178,2026-10-06 13:37:21,actions-trading,Sim3,226320,skip,amount,6b885d3aa08c
14927178,2026-10-06 13:37:21,actions-trading,Sim3,439260,skip,amount,cb315cde0613
14927178,2026-10-06 13:37:21,actions-trading,Sim3,025560,skip,cooldown,2eb0cc77cc8f
14927178,2026-10-06 13:37:21,actions-trading,Sim3,007700,skip,amount,46f1f8aaa595
14927178,2026-10-06 13:37:21,actions-trading,Sim3,278470,skip,not_cheap,966af128e56b
14927178,2026-10-06 13:37:21,actions-trading,Sim3,000990,skip,not_cheap,f679a62dd0e1
14927178,2026-10-06 13:38:00,actions-trading,MFHS2,018880,skip,max_holdings,98c248422377
14927178,2026-10-06 13:38:00,actions-trading,MFHS2,047040,seen,,737c9cc4a664
14927178,2026-10-06 13:38:00,actions-trading,MFHS2,007660,seen,,d82507acfda0
14927178,2026-10-06 13:38:00,actions-trading,MFHS2,066570,seen,,937d9dc1d7b0
14927178,2026-10-06 13:38:00,actions-trading,MFHS2,009190,seen,,8c6387867586
14927178,2026-10-06 13:38:00,actions-trading,MFHS2,002710,seen,,e9a127a5c539
14927178,2026-10-06 13:38:00,actions-trading,MFHS2,005690,seen,,f6d1aaba1455
14927178,2026-10-06 13:38:00,actions-trading,MFHS2,025560,seen,,39773f7212e2
14927178,2026-10-06 13:38:00,actions-trading,MFHS2,005360,seen,,08d23cb262f0
14927178,2026-10-06 13:38:00,actions-trading,MFHS2,009830,seen,,c9c5edd53729
14927178,2026-10-06 13:38:00,actions-trading,MFHS2,006400,seen,,e4b4be04e9a2
14927178,2026-10-06 13:38:00,actions-trading,MFHS2,002700,seen,,2641e558a6f1
14927178,2026-10-06 13:38:00,actions-trading,MFHS2,279570,seen,,f0304e7ce795
14927178,2026-10-06 13:38:00,actions-trading,MFHS2,138930,seen,,6258a414d47a
14927178,2026-10-06 13:38:00,actions-trading,MFHS2,090460,seen,,5176cc045ec2
14927178,2026-10-06 13:38:00,actions-trading,MFHS2,009150,seen,,37198a8d6dd2
14927178,2026-10-06 13:38:00,actions-trading,MFHS2,317400,seen,,edd33482478e
14927178,2026-10-06 13:38:00,actions-trading,MFHS2,460860,seen,,be61383e746e
14927178,2026-10-06 13:38:00,actions-trading,MFHS2,006800,seen,,c3e85cbec2d8
14927178,2026-10-06 13:38:00,actions-trading,MFHS2,010120,seen,,317abddc5f60
14927178,2026-10-06 13:38:00,actions-trading,MFHS2,011070,seen,,9737b0ca429b
14927178,2026-10-06 13:38:00,actions-trading,MFHS2,022100,seen,,694385d66886
14927178,2026-10-06 13:38:00,actions-trading,MFHS2,003620,seen,,5b83acccebe8
14927178,2026-10-06 13:38:00,actions-trading,MFHS2,015260,seen,,246f88e6dcc1
14927178,2026-10-06 13:38:00,actions-trading,MFHS2,452260,seen,,dccf8165b1ab
14927178,2026-10-06 13:38:00,actions-trading,MFHS2,001230,seen,,ed2ee6a9d98b
14927178,2026-10-06 13:38:00,actions-trading,MFHS2,066970,seen,,584c94ef5430
14927178,2026-10-06 13:38:00,actions-trading,MFHS2,066575,seen,,86ecf4a733ad
14927178,2026-10-06 13:38:00,actions-trading,MFHS2,004020,seen,,8623d37e5501
14927178,2026-10-06 13:38:00,actions-trading,MFHS2,002990,seen,,8fc06df9d826
14927178,2026-10-06 13:38:01,actions-trading,상승모멘텀,480370,skip,adx_high,d3900b5d0ba6
14927178,2026-10-06 13:38:01,actions-trading,상승모멘텀,003580,skip,adx_high,5f70327518ed
14927178,2026-10-06 13:38:01,actions-trading,상승모멘텀,281820,skip,adx_high,d6b3fb21562f
14927178,2026-10-06 13:38:01,actions-trading,상승모멘텀,000020,skip,adx_low,dc7a0741348f
14927178,2026-10-06 13:38:01,actions-trading,상승모멘텀,006110,skip,adx_high,6ed0ee7f3b08
14927178,2026-10-06 13:38:01,actions-trading,상승모멘텀,011070,skip,adx_low,9737b0ca429b
14927178,2026-10-06 13:38:01,actions-trading,상승모멘텀,002710,skip,tick,e9a127a5c539
14927178,2026-10-06 13:38:01,actions-trading,상승모멘텀,066970,skip,adx_low,584c94ef5430
14927178,2026-10-06 13:38:01,actions-trading,상승모멘텀,000150,skip,adx_high,176901b60679
14927178,2026-10-06 13:38:01,actions-trading,상승모멘텀,007660,skip,held_or_sold_today,d82507acfda0
14927178,2026-10-06 13:38:01,actions-trading,상승모멘텀,008970,skip,tick,cdbd4ace95c4
14927178,2026-10-06 13:38:01,actions-trading,상승모멘텀,006400,skip,adx_low,e4b4be04e9a2
14927178,2026-10-06 13:38:01,actions-trading,상승모멘텀,007810,skip,adx_high,80d903ae3002
14927178,2026-10-06 13:38:01,actions-trading,상승모멘텀,002820,skip,amount,7dc4d5e0651d
14927178,2026-10-06 13:38:01,actions-trading,상승모멘텀,005030,skip,amount,f386437b9c5b
14927178,2026-10-06 13:38:01,actions-trading,상승모멘텀,066570,skip,adx_low,937d9dc1d7b0
14927178,2026-10-06 13:38:01,actions-trading,상승모멘텀,336370,skip,adx_high,96b6ed97da60
14927178,2026-10-06 13:38:01,actions-trading,상승모멘텀,000157,skip,amount,65451c39d63a
14927178,2026-10-06 13:38:01,actions-trading,상승모멘텀,066575,skip,adx_high,86ecf4a733ad
14927178,2026-10-06 13:38:01,actions-trading,상승모멘텀,090460,skip,period,5176cc045ec2
14927178,2026-10-06 13:38:01,actions-trading,상승모멘텀,018670,skip,period,de86e9d92362
14927178,2026-10-06 13:38:01,actions-trading,상승모멘텀,353200,skip,adx_high,fbda7ed82491
14927178,2026-10-06 13:38:01,actions-trading,상승모멘텀,000760,skip,amount,034cbbe64529
14927178,2026-10-06 13:38:01,actions-trading,상승모멘텀,006405,skip,amount,41e97a0f779c
14927178,2026-10-06 13:38:01,actions-trading,상승모멘텀,020150,skip,held_or_sold_today,8469b15f0624
14927178,2026-10-06 13:38:01,actions-trading,상승모멘텀,005690,skip,period,f6d1aaba1455
14927178,2026-10-06 13:38:01,actions-trading,상승모멘텀,000155,skip,adx_high,6559bc9ff0a9
14927178,2026-10-06 13:38:01,actions-trading,상승모멘텀,298020,skip,adx_high,58448c21f233
14927178,2026-10-06 13:38:01,actions-trading,상승모멘텀,008730,skip,amount,4aa443c650a6
14927178,2026-10-06 13:38:01,actions-trading,상승모멘텀,063160,skip,amount,88b1db403022
14927178,2026-10-06 13:38:01,actions-trading,Sim6,_gate,skip,already_rebalanced,e3b0c44298fc
14927178,2026-10-06 13:38:01,actions-trading,Sim6,069500,seen,,a7d1229ce79c
14927178,2026-10-06 13:38:01,actions-trading,Sim6,360750,seen,,810d9680c769
14927178,2026-10-06 13:38:01,actions-trading,Sim6,148070,seen,,e9af9f1cebe4
14927178,2026-10-06 13:38:01,actions-trading,Sim6,411060,seen,,1298c339b997
14927178,2026-10-06 13:38:01,actions-trading,Sim6,305080,seen,,356177a2afc3
14927178,2026-10-06 13:38:01,actions-trading,Sim6,357870,seen,,030e1eb81904
14927178,2026-10-06 13:38:01,actions-trading,Sim4-1,480370,skip,adx_high,d3900b5d0ba6
14927178,2026-10-06 13:38:01,actions-trading,Sim4-1,003580,skip,adx_high,5f70327518ed
14927178,2026-10-06 13:38:01,actions-trading,Sim4-1,281820,skip,adx_high,d6b3fb21562f
14927178,2026-10-06 13:38:01,actions-trading,Sim4-1,000020,skip,adx_low,dc7a0741348f
14927178,2026-10-06 13:38:01,actions-trading,Sim4-1,006110,skip,adx_high,6ed0ee7f3b08
14927178,2026-10-06 13:38:01,actions-trading,Sim4-1,011070,skip,adx_low,9737b0ca429b
14927178,2026-10-06 13:38:01,actions-trading,Sim4-1,002710,skip,held_or_cooldown,e9a127a5c539
14927178,2026-10-06 13:38:01,actions-trading,Sim4-1,066970,skip,adx_low,584c94ef5430
14927178,2026-10-06 13:38:01,actions-trading,Sim4-1,000150,skip,adx_high,176901b60679
14927178,2026-10-06 13:38:01,actions-trading,Sim4-1,007660,skip,held_or_cooldown,d82507acfda0
14927178,2026-10-06 13:38:01,actions-trading,Sim4-1,008970,skip,held_or_cooldown,cdbd4ace95c4
14927178,2026-10-06 13:38:01,actions-trading,Sim4-1,006400,skip,adx_low,e4b4be04e9a2
14927178,2026-10-06 13:38:01,actions-trading,Sim4-1,007810,skip,adx_high,80d903ae3002
14927178,2026-10-06 13:38:01,actions-trading,Sim4-1,002820,skip,amount,7dc4d5e0651d
14927178,2026-10-06 13:38:01,actions-trading,Sim4-1,005030,skip,amount,f386437b9c5b
14927178,2026-10-06 13:38:01,actions-trading,Sim4-1,066570,skip,adx_low,937d9dc1d7b0
14927178,2026-10-06 13:38:01,actions-trading,Sim4-1,336370,skip,adx_high,96b6ed97da60
14927178,2026-10-06 13:38:01,actions-trading,Sim4-1,000157,skip,amount,65451c39d63a
14927178,2026-10-06 13:38:01,actions-trading,Sim4-1,066575,skip,adx_high,86ecf4a733ad
14927178,2026-10-06 13:38:01,actions-trading,Sim4-1,090460,skip,period,5176cc045ec2
14927178,2026-10-06 13:38:01,actions-trading,Sim4-1,018670,skip,period,de86e9d92362
14927178,2026-10-06 13:38:01,actions-trading,Sim4-1,353200,skip,adx_high,fbda7ed82491
14927178,2026-10-06 13:38:01,actions-trading,Sim4-1,000760,skip,amount,034cbbe64529
14927178,2026-10-06 13:38:01,actions-trading,Sim4-1,006405,skip,amount,41e97a0f779c
14927178,2026-10-06 13:38:01,actions-trading,Sim4-1,020150,skip,held_or_cooldown,8469b15f0624
14927178,2026-10-06 13:38:01,actions-trading,Sim4-1,005690,skip,period,f6d1aaba1455
14927178,2026-10-06 13:38:01,actions-trading,Sim4-1,000155,skip,adx_high,6559bc9ff0a9
14927178,2026-10-06 13:38:01,actions-trading,Sim4-1,298020,skip,adx_high,58448c21f233
14927178,2026-10-06 13:38:01,actions-trading,Sim4-1,008730,skip,amount,4aa443c650a6
14927178,2026-10-06 13:38:01,actions-trading,Sim4-1,063160,skip,amount,88b1db403022
14927178,2026-10-06 13:38:03,actions-trading,선행매집,018880,skip,below_anchor,98c248422377
14927178,2026-10-06 13:38:03,actions-trading,선행매집,047040,skip,below_anchor,737c9cc4a664
14927178,2026-10-06 13:38:03,actions-trading,선행매집,007660,skip,below_anchor,d82507acfda0
14927178,2026-10-06 13:38:03,actions-trading,선행매집,066570,skip,below_anchor,937d9dc1d7b0
14927178,2026-10-06 13:38:03,actions-trading,선행매집,002710,skip,below_anchor,e9a127a5c539
14927178,2026-10-06 13:38:03,actions-trading,선행매집,006800,skip,below_anchor,c3e85cbec2d8
14927178,2026-10-06 13:38:03,actions-trading,선행매집,001250,skip,below_anchor,09cfb3c0cb66
14927178,2026-10-06 13:38:03,actions-trading,선행매집,009190,skip,below_anchor,8c6387867586
14927178,2026-10-06 13:38:03,actions-trading,선행매집,005320,skip,amount,06b06aa3f9d4
14927178,2026-10-06 13:38:03,actions-trading,선행매집,009830,skip,below_anchor,c9c5edd53729
14927178,2026-10-06 13:38:03,actions-trading,선행매집,006400,skip,below_anchor,e4b4be04e9a2
14927178,2026-10-06 13:38:03,actions-trading,선행매집,005690,skip,below_anchor,f6d1aaba1455
14927178,2026-10-06 13:38:03,actions-trading,선행매집,025560,skip,below_anchor,39773f7212e2
14927178,2026-10-06 13:38:03,actions-trading,선행매집,336370,skip,below_anchor,96b6ed97da60
14927178,2026-10-06 13:38:03,actions-trading,선행매집,009150,skip,below_anchor,37198a8d6dd2
14927178,2026-10-06 13:38:03,actions-trading,선행매집,005360,skip,amount,08d23cb262f0
14927178,2026-10-06 13:38:03,actions-trading,선행매집,279570,skip,below_anchor,f0304e7ce795
14927178,2026-10-06 13:38:03,actions-trading,선행매집,002700,skip,amount,2641e558a6f1
14927178,2026-10-06 13:38:03,actions-trading,선행매집,090460,skip,below_anchor,5176cc045ec2
14927178,2026-10-06 13:38:03,actions-trading,선행매집,011070,skip,below_anchor,9737b0ca429b
14927178,2026-10-06 13:38:03,actions-trading,선행매집,022100,skip,below_anchor,694385d66886
14927178,2026-10-06 13:38:03,actions-trading,선행매집,010120,skip,below_anchor,317abddc5f60
14927178,2026-10-06 13:38:03,actions-trading,선행매집,192650,skip,sold_or_cooldown,2fcb32b267c7
14927178,2026-10-06 13:38:03,actions-trading,선행매집,138930,skip,below_anchor,6258a414d47a
14927178,2026-10-06 13:38:03,actions-trading,선행매집,066970,skip,below_anchor,584c94ef5430
14927178,2026-10-06 13:38:03,actions-trading,선행매집,015760,skip,below_anchor,454ef710c027
14927178,2026-10-06 13:38:03,actions-trading,선행매집,003620,skip,below_anchor,5b83acccebe8
14927178,2026-10-06 13:38:03,actions-trading,선행매집,460860,skip,below_anchor,be61383e746e
14927178,2026-10-06 13:38:03,actions-trading,선행매집,015260,skip,amount,246f88e6dcc1
14927178,2026-10-06 13:38:03,actions-trading,선행매집,452260,skip,below_anchor,dccf8165b1ab
14927178,2026-10-06 13:38:03,actions-trading,Sim9,_gate,skip,outside_entry_window,e3b0c44298fc
14927178,2026-10-06 13:38:03,actions-trading,Sim9,480370,seen,,d3900b5d0ba6
14927178,2026-10-06 13:38:03,actions-trading,Sim9,003580,seen,,5f70327518ed
14927178,2026-10-06 13:38:03,actions-trading,Sim9,281820,seen,,d6b3fb21562f
14927178,2026-10-06 13:38:03,actions-trading,Sim9,000020,seen,,dc7a0741348f
14927178,2026-10-06 13:38:03,actions-trading,Sim9,006110,seen,,6ed0ee7f3b08
14927178,2026-10-06 13:38:03,actions-trading,Sim9,011070,seen,,9737b0ca429b
14927178,2026-10-06 13:38:03,actions-trading,Sim9,002710,seen,,e9a127a5c539
14927178,2026-10-06 13:38:03,actions-trading,Sim9,066970,seen,,584c94ef5430
14927178,2026-10-06 13:38:03,actions-trading,Sim9,000150,seen,,176901b60679
14927178,2026-10-06 13:38:03,actions-trading,Sim9,007660,seen,,d82507acfda0
14927178,2026-10-06 13:38:03,actions-trading,Sim9,008970,seen,,cdbd4ace95c4
14927178,2026-10-06 13:38:03,actions-trading,Sim9,006400,seen,,e4b4be04e9a2
14927178,2026-10-06 13:38:03,actions-trading,Sim9,007810,seen,,80d903ae3002
14927178,2026-10-06 13:38:03,actions-trading,Sim9,002820,seen,,7dc4d5e0651d
14927178,2026-10-06 13:38:03,actions-trading,Sim9,005030,seen,,f386437b9c5b
14927178,2026-10-06 13:38:03,actions-trading,Sim9,066570,seen,,937d9dc1d7b0
14927178,2026-10-06 13:38:03,actions-trading,Sim9,336370,seen,,96b6ed97da60
14927178,2026-10-06 13:38:03,actions-trading,Sim9,000157,seen,,65451c39d63a
14927178,2026-10-06 13:38:03,actions-trading,Sim9,066575,seen,,86ecf4a733ad
14927178,2026-10-06 13:38:03,actions-trading,Sim9,090460,seen,,5176cc045ec2
14927178,2026-10-06 13:38:03,actions-trading,Sim9,018670,seen,,de86e9d92362
14927178,2026-10-06 13:38:03,actions-trading,Sim9,353200,seen,,fbda7ed82491
14927178,2026-10-06 13:38:03,actions-trading,Sim9,000760,seen,,034cbbe64529
14927178,2026-10-06 13:38:03,actions-trading,Sim9,006405,seen,,41e97a0f779c
14927178,2026-10-06 13:38:03,actions-trading,Sim9,020150,seen,,8469b15f0624
14927178,2026-10-06 13:38:03,actions-trading,Sim9,005690,seen,,f6d1aaba1455
14927178,2026-10-06 13:38:03,actions-trading,Sim9,000155,seen,,6559bc9ff0a9
14927178,2026-10-06 13:38:03,actions-trading,Sim9,298020,seen,,58448c21f233
14927178,2026-10-06 13:38:03,actions-trading,Sim9,008730,seen,,4aa443c650a6
14927178,2026-10-06 13:38:03,actions-trading,Sim9,063160,seen,,88b1db403022
14927178,2026-10-06 13:38:03,actions-trading,미너비니,192820,skip,below_pivot,4e5d54ba947d
14927178,2026-10-06 13:38:03,actions-trading,미너비니,443060,skip,below_pivot,30254a2f7b47
14927178,2026-10-06 13:38:03,actions-trading,Sim12,480370,skip,pb2_not_crashed,d3900b5d0ba6
14927178,2026-10-06 13:38:03,actions-trading,Sim12,003580,skip,pb2_not_crashed,5f70327518ed
14927178,2026-10-06 13:38:03,actions-trading,Sim12,281820,skip,pb2_not_crashed,d6b3fb21562f
14927178,2026-10-06 13:38:03,actions-trading,Sim12,000020,skip,pb2_not_crashed,dc7a0741348f
14927178,2026-10-06 13:38:03,actions-trading,Sim12,006110,skip,pb2_not_crashed,6ed0ee7f3b08
14927178,2026-10-06 13:38:03,actions-trading,Sim12,011070,skip,avoid_orgn_sell_high_per,9737b0ca429b
14927178,2026-10-06 13:38:03,actions-trading,Sim12,002710,skip,avoid_frgn_sell_20d,e9a127a5c539
14927178,2026-10-06 13:38:03,actions-trading,Sim12,066970,skip,pb2_not_crashed,584c94ef5430
14927178,2026-10-06 13:38:03,actions-trading,Sim12,000150,skip,avoid_frgn_sell_20d,176901b60679
14927178,2026-10-06 13:38:03,actions-trading,Sim12,007660,skip,pb2_not_crashed,d82507acfda0
14927178,2026-10-06 13:38:03,actions-trading,Sim12,008970,skip,pb2_not_crashed,cdbd4ace95c4
14927178,2026-10-06 13:38:03,actions-trading,Sim12,006400,skip,pb2_not_crashed,e4b4be04e9a2
14927178,2026-10-06 13:38:03,actions-trading,Sim12,007810,skip,pb2_not_crashed,80d903ae3002
14927178,2026-10-06 13:38:03,actions-trading,Sim12,002820,skip,avoid_deadcat,7dc4d5e0651d
14927178,2026-10-06 13:38:03,actions-trading,Sim12,005030,skip,avoid_amount_dry,f386437b9c5b
14927178,2026-10-06 13:38:03,actions-trading,Sim12,066570,skip,pb2_not_crashed,937d9dc1d7b0
14927178,2026-10-06 13:38:03,actions-trading,Sim12,336370,skip,avoid_frgn_sell_20d,96b6ed97da60
14927178,2026-10-06 13:38:03,actions-trading,Sim12,000157,skip,pb2_thin_liquidity,65451c39d63a
14927178,2026-10-06 13:38:03,actions-trading,Sim12,066575,skip,pb2_not_crashed,86ecf4a733ad
14927178,2026-10-06 13:38:03,actions-trading,Sim12,090460,skip,pb2_not_crashed,5176cc045ec2
14927178,2026-10-06 13:38:03,actions-trading,Sim12,018670,skip,avoid_frgn_sell_20d,de86e9d92362
14927178,2026-10-06 13:38:03,actions-trading,Sim12,353200,skip,avoid_orgn_sell_high_per,fbda7ed82491
14927178,2026-10-06 13:38:03,actions-trading,Sim12,000760,skip,pb2_not_crashed,034cbbe64529
14927178,2026-10-06 13:38:03,actions-trading,Sim12,006405,skip,pb2_not_crashed,41e97a0f779c
14927178,2026-10-06 13:38:03,actions-trading,Sim12,020150,skip,avoid_frgn_sell_20d,8469b15f0624
14927178,2026-10-06 13:38:03,actions-trading,Sim12,005690,skip,pb2_not_crashed,f6d1aaba1455
14927178,2026-10-06 13:38:03,actions-trading,Sim12,000155,skip,pb2_thin_liquidity,6559bc9ff0a9
14927178,2026-10-06 13:38:03,actions-trading,Sim12,298020,skip,avoid_orgn_sell_high_per,58448c21f233
14927178,2026-10-06 13:38:03,actions-trading,Sim12,008730,skip,pb2_not_crashed,4aa443c650a6
14927178,2026-10-06 13:38:03,actions-trading,Sim12,063160,skip,avoid_frgn_sell_20d,88b1db403022
14927178,2026-10-06 13:38:03,actions-trading,Sim12,005110,skip,avoid_amount_dry,c47d7f451b4b
14927178,2026-10-06 13:38:03,actions-trading,Sim12,015260,skip,pb2_no_inst_buying,246f88e6dcc1
14927178,2026-10-06 13:38:03,actions-trading,Sim12,020120,skip,pb2_not_crashed,6451894d8f5a
14927178,2026-10-06 13:38:03,actions-trading,Sim12,004920,skip,pb2_not_crashed,7e24987aa42d
14927178,2026-10-06 13:38:03,actions-trading,Sim12,001525,skip,avoid_amount_dry,81205546f5c2
14927178,2026-10-06 13:38:03,actions-trading,Sim12,003010,skip,pb2_not_crashed,85b76e3a47a6
14927178,2026-10-06 13:38:03,actions-trading,Sim12,002870,skip,avoid_frgn_sell_20d,72fb4a14f4da
14927178,2026-10-06 13:38:03,actions-trading,Sim12,002785,skip,pb2_no_inst_buying,8f393f53ef85
14927178,2026-10-06 13:38:03,actions-trading,Sim12,079550,skip,pb2_not_crashed,c229c2d8f75f
14927178,2026-10-06 13:38:03,actions-trading,Sim12,014915,skip,pb2_not_crashed,6a49f6f7ba1f
14927178,2026-10-06 13:38:03,actions-trading,Sim12,003350,skip,avoid_amount_dry,91c8efa7365d
14927178,2026-10-06 13:38:03,actions-trading,Sim12,002787,skip,avoid_amount_dry,06a1b559f51b
14927178,2026-10-06 13:38:03,actions-trading,Sim12,044820,skip,avoid_frgn_sell_20d,720a41c5c7f5
14927178,2026-10-06 13:38:03,actions-trading,Sim12,036570,skip,pb2_not_crashed,33ef7975d4aa
14927178,2026-10-06 13:38:03,actions-trading,Sim12,001380,skip,avoid_frgn_sell_20d,6b51ab7b429a
14927178,2026-10-06 13:38:03,actions-trading,Sim12,051630,skip,avoid_amount_dry,c6412c54ac93
14927178,2026-10-06 13:38:03,actions-trading,Sim12,465770,skip,avoid_amount_dry,cd9ddd267303
14927178,2026-10-06 13:38:03,actions-trading,Sim12,003570,skip,avoid_frgn_sell_20d,19c5fbceb93f
14927178,2026-10-06 13:38:03,actions-trading,Sim12,084680,skip,avoid_frgn_sell_20d,eacefa68fe56
14927178,2026-10-06 13:38:03,actions-trading,Sim12,071950,skip,pb2_no_inst_buying,79b4965be8e6
14927178,2026-10-06 13:38:03,actions-trading,Sim12,443060,skip,avoid_amount_dry,30254a2f7b47
14927178,2026-10-06 13:38:03,actions-trading,Sim12,005880,skip,pb2_not_crashed,6b499b39a9c7
14927178,2026-10-06 13:38:03,actions-trading,Sim12,109070,skip,pb2_not_crashed,84d2f5d1bc18
14927178,2026-10-06 13:38:03,actions-trading,Sim12,027740,skip,avoid_frgn_sell_20d,a67c86b371ec
14927178,2026-10-06 13:38:03,actions-trading,Sim12,026960,skip,pb2_not_crashed,4afade1d5d98
14927178,2026-10-06 13:38:03,actions-trading,Sim12,100840,skip,avoid_amount_dry,e81912835a01
14927178,2026-10-06 13:38:03,actions-trading,Sim12,088790,skip,avoid_amount_dry,820d92066177
14927178,2026-10-06 13:38:03,actions-trading,Sim12,001527,skip,avoid_amount_dry,0a62090de076
14927178,2026-10-06 13:38:03,actions-trading,Sim12,064350,skip,avoid_frgn_sell_20d,ecff9eaff3ee
14927178,2026-10-06 13:38:03,actions-trading,Sim12,011300,skip,avoid_amount_dry,80ab380a888c
14927178,2026-10-06 13:38:03,actions-trading,Sim13,480370,skip,no_frgn_support,d3900b5d0ba6
14927178,2026-10-06 13:38:03,actions-trading,Sim13,003580,skip,theme_momentum_weak,5f70327518ed
14927178,2026-10-06 13:38:03,actions-trading,Sim13,281820,skip,no_frgn_support,d6b3fb21562f
14927178,2026-10-06 13:38:03,actions-trading,Sim13,000020,skip,theme_momentum_weak,dc7a0741348f
14927178,2026-10-06 13:38:03,actions-trading,Sim13,006110,skip,theme_momentum_weak,6ed0ee7f3b08
14927178,2026-10-06 13:38:03,actions-trading,Sim13,011070,skip,theme_momentum_weak,9737b0ca429b
14927178,2026-10-06 13:38:03,actions-trading,Sim13,002710,skip,adx_weak,e9a127a5c539
14927178,2026-10-06 13:38:03,actions-trading,Sim13,066970,skip,theme_momentum_weak,584c94ef5430
14927178,2026-10-06 13:38:03,actions-trading,Sim13,000150,skip,adx_weak,176901b60679
14927178,2026-10-06 13:38:03,actions-trading,Sim13,007660,skip,adx_weak,d82507acfda0
14927178,2026-10-06 13:38:03,actions-trading,Sim13,008970,skip,adx_weak,cdbd4ace95c4
14927178,2026-10-06 13:38:03,actions-trading,Sim13,006400,skip,theme_momentum_weak,e4b4be04e9a2
14927178,2026-10-06 13:38:03,actions-trading,Sim13,007810,skip,amount_not_surprised,80d903ae3002
14927178,2026-10-06 13:38:03,actions-trading,Sim13,002820,skip,theme_momentum_weak,7dc4d5e0651d
14927178,2026-10-06 13:38:03,actions-trading,Sim13,005030,skip,theme_momentum_weak,f386437b9c5b
14927178,2026-10-06 13:38:03,actions-trading,Sim13,066570,skip,theme_momentum_weak,937d9dc1d7b0
14927178,2026-10-06 13:38:03,actions-trading,Sim13,336370,skip,adx_weak,96b6ed97da60
14927178,2026-10-06 13:38:03,actions-trading,Sim13,000157,skip,theme_momentum_weak,65451c39d63a
14927178,2026-10-06 13:38:03,actions-trading,Sim13,066575,skip,theme_momentum_weak,86ecf4a733ad
14927178,2026-10-06 13:38:03,actions-trading,Sim13,090460,skip,theme_momentum_weak,5176cc045ec2
14927178,2026-10-06 13:38:03,actions-trading,Sim13,018670,skip,theme_momentum_weak,de86e9d92362
14927178,2026-10-06 13:38:03,actions-trading,Sim13,353200,skip,amount_not_surprised,fbda7ed82491
14927178,2026-10-06 13:38:03,actions-trading,Sim13,000760,skip,theme_momentum_weak,034cbbe64529
14927178,2026-10-06 13:38:03,actions-trading,Sim13,006405,skip,theme_momentum_weak,41e97a0f779c
14927178,2026-10-06 13:38:03,actions-trading,Sim13,020150,skip,no_frgn_support,8469b15f0624
14927178,2026-10-06 13:38:03,actions-trading,Sim13,005690,skip,adx_weak,f6d1aaba1455
14927178,2026-10-06 13:38:03,actions-trading,Sim13,000155,skip,theme_momentum_weak,6559bc9ff0a9
14927178,2026-10-06 13:38:03,actions-trading,Sim13,298020,skip,theme_momentum_weak,58448c21f233
14927178,2026-10-06 13:38:03,actions-trading,Sim13,008730,skip,theme_momentum_weak,4aa443c650a6
14927178,2026-10-06 13:38:03,actions-trading,Sim13,063160,skip,theme_momentum_weak,88b1db403022
14927178,2026-10-06 13:38:03,actions-trading,Sim14,_gate,skip,regime_blocked,e3b0c44298fc
14927178,2026-10-06 13:38:03,actions-trading,Sim15,_gate,skip,already_rebalanced,e3b0c44298fc
14927178,2026-10-06 13:38:03,actions-trading,Sim15,069500,seen,,a7d1229ce79c
14927178,2026-10-06 13:38:03,actions-trading,Sim15,133690,seen,,ae352b8987b2
14927178,2026-10-06 13:38:03,actions-trading,Sim15,148070,seen,,e9af9f1cebe4
14927178,2026-10-06 13:38:03,actions-trading,Sim16,_gate,skip,already_rebalanced,e3b0c44298fc
14927178,2026-10-06 13:38:03,actions-trading,Sim16,122630,seen,,cfa82622be32
14927178,2026-10-06 13:38:03,actions-trading,Sim16,418660,seen,,c526cebcb1eb
14927178,2026-10-06 13:38:03,actions-trading,Sim16,148070,seen,,e9af9f1cebe4
14927179,2026-10-06 13:39:10,actions-trading,Sim3,402340,skip,qty_zero,cae6f4e9fd4e
14927179,2026-10-06 13:39:10,actions-trading,Sim3,383800,skip,amount,1906c0cb18f6
14927179,2026-10-06 13:39:10,actions-trading,Sim3,462870,skip,amount,5640fe95ffb1
14927179,2026-10-06 13:39:10,actions-trading,Sim3,000660,skip,qty_zero,6f0b65903f0c
14927179,2026-10-06 13:39:10,actions-trading,Sim3,071970,skip,cooldown,2693f6ca470d
14927179,2026-10-06 13:39:10,actions-trading,Sim3,042700,skip,not_cheap,13299ffab6ba
14927179,2026-10-06 13:39:10,actions-trading,Sim3,326030,skip,cooldown,5d0e61a43ecb
14927179,2026-10-06 13:39:10,actions-trading,Sim3,207940,skip,not_cheap,b692b60b87d9
14927179,2026-10-06 13:39:10,actions-trading,Sim3,033920,skip,amount,777015227534
14927179,2026-10-06 13:39:10,actions-trading,Sim3,004770,skip,amount,d1e8da567c80
14927179,2026-10-06 13:39:10,actions-trading,Sim3,0126Z0,skip,not_cheap,8d99dbfadecc
14927179,2026-10-06 13:39:10,actions-trading,Sim3,062040,skip,not_cheap,5855919217be
14927179,2026-10-06 13:39:10,actions-trading,Sim3,317450,skip,amount,e6d4df4136f1
14927179,2026-10-06 13:39:10,actions-trading,Sim3,026960,skip,amount,c37e2b0667c1
14927179,2026-10-06 13:39:10,actions-trading,Sim3,021820,skip,amount,f007d2bd0ad4
14927179,2026-10-06 13:39:10,actions-trading,Sim3,192080,skip,amount,dfb35ff24a64
14927179,2026-10-06 13:39:10,actions-trading,Sim3,068270,skip,cooldown,5d11c71d7ced
14927179,2026-10-06 13:39:10,actions-trading,Sim3,123890,skip,amount,b736dadaded9
14927179,2026-10-06 13:39:10,actions-trading,Sim3,000240,skip,amount,c3aa22bcede5
14927179,2026-10-06 13:39:10,actions-trading,Sim3,002380,skip,amount,6f41527df1ac
14927179,2026-10-06 13:39:10,actions-trading,Sim3,009770,skip,amount,01a28af7b427
14927179,2026-10-06 13:39:10,actions-trading,Sim3,259960,skip,cooldown,9c0dfaf3551e
14927179,2026-10-06 13:39:10,actions-trading,Sim3,035250,skip,amount,cc58e8b5e8de
14927179,2026-10-06 13:39:10,actions-trading,Sim3,383220,skip,amount,8123e41f541a
14927179,2026-10-06 13:39:10,actions-trading,Sim3,226320,skip,amount,332bb4983ea8
14927179,2026-10-06 13:39:10,actions-trading,Sim3,439260,skip,amount,14cadc4f47aa
14927179,2026-10-06 13:39:10,actions-trading,Sim3,025560,skip,cooldown,7ff5ce0693d6
14927179,2026-10-06 13:39:10,actions-trading,Sim3,007700,skip,amount,46f1f8aaa595
14927179,2026-10-06 13:39:10,actions-trading,Sim3,278470,skip,not_cheap,ce457360b723
14927179,2026-10-06 13:39:10,actions-trading,Sim3,000990,skip,not_cheap,614ee52ae363
14927179,2026-10-06 13:39:52,actions-trading,MFHS2,018880,skip,max_holdings,1e6c28d5ddca
14927179,2026-10-06 13:39:52,actions-trading,MFHS2,047040,seen,,01e51bf2e1a3
14927179,2026-10-06 13:39:52,actions-trading,MFHS2,007660,seen,,464bdca0d6ff
14927179,2026-10-06 13:39:52,actions-trading,MFHS2,066570,seen,,d4314c2825a6
14927179,2026-10-06 13:39:52,actions-trading,MFHS2,009190,seen,,b419f1a1b16c
14927179,2026-10-06 13:39:52,actions-trading,MFHS2,002710,seen,,49c7c29a16f0
14927179,2026-10-06 13:39:52,actions-trading,MFHS2,005690,seen,,4ed2f42a4d59
14927179,2026-10-06 13:39:52,actions-trading,MFHS2,025560,seen,,650fce44781f
14927179,2026-10-06 13:39:52,actions-trading,MFHS2,005360,seen,,bf227cda7f62
14927179,2026-10-06 13:39:52,actions-trading,MFHS2,009830,seen,,8388881056a8
14927179,2026-10-06 13:39:52,actions-trading,MFHS2,006400,seen,,71d1188a8036
14927179,2026-10-06 13:39:52,actions-trading,MFHS2,002700,seen,,697692aec466
14927179,2026-10-06 13:39:52,actions-trading,MFHS2,279570,seen,,7af451a50db9
14927179,2026-10-06 13:39:52,actions-trading,MFHS2,138930,seen,,b94f9c3af533
14927179,2026-10-06 13:39:52,actions-trading,MFHS2,090460,seen,,77ec62759a9d
14927179,2026-10-06 13:39:52,actions-trading,MFHS2,009150,seen,,e56f8a2c6f25
14927179,2026-10-06 13:39:52,actions-trading,MFHS2,317400,seen,,8a23a4bcbf09
14927179,2026-10-06 13:39:52,actions-trading,MFHS2,460860,seen,,679a81a70ae4
14927179,2026-10-06 13:39:52,actions-trading,MFHS2,006800,seen,,9ff854a04bd3
14927179,2026-10-06 13:39:52,actions-trading,MFHS2,010120,seen,,e0ef6bfe9239
14927179,2026-10-06 13:39:52,actions-trading,MFHS2,011070,seen,,7a08d46a034e
14927179,2026-10-06 13:39:52,actions-trading,MFHS2,022100,seen,,c72b3d4fe812
14927179,2026-10-06 13:39:52,actions-trading,MFHS2,003620,seen,,5b4f589d8fe5
14927179,2026-10-06 13:39:52,actions-trading,MFHS2,015260,seen,,b524052ee042
14927179,2026-10-06 13:39:52,actions-trading,MFHS2,452260,seen,,b5085692669f
14927179,2026-10-06 13:39:52,actions-trading,MFHS2,001230,seen,,4902f9f66f33
14927179,2026-10-06 13:39:52,actions-trading,MFHS2,066970,seen,,d97462a167b1
14927179,2026-10-06 13:39:52,actions-trading,MFHS2,066575,seen,,fa27a1803456
14927179,2026-10-06 13:39:52,actions-trading,MFHS2,004020,seen,,4e5720c718d1
14927179,2026-10-06 13:39:52,actions-trading,MFHS2,002990,seen,,628d0d165615
14927179,2026-10-06 13:39:53,actions-trading,상승모멘텀,480370,skip,adx_high,4f0b417e688c
14927179,2026-10-06 13:39:53,actions-trading,상승모멘텀,003580,skip,adx_high,7d41165a67f5
14927179,2026-10-06 13:39:53,actions-trading,상승모멘텀,281820,skip,adx_high,ac1e5e1124f4
14927179,2026-10-06 13:39:53,actions-trading,상승모멘텀,000020,skip,adx_low,e99798dda701
14927179,2026-10-06 13:39:53,actions-trading,상승모멘텀,006110,skip,adx_high,562d88be6862
14927179,2026-10-06 13:39:53,actions-trading,상승모멘텀,011070,skip,adx_low,7a08d46a034e
14927179,2026-10-06 13:39:53,actions-trading,상승모멘텀,002710,skip,tick,49c7c29a16f0
14927179,2026-10-06 13:39:53,actions-trading,상승모멘텀,066970,skip,adx_low,d97462a167b1
14927179,2026-10-06 13:39:53,actions-trading,상승모멘텀,008970,skip,tick,00f3fdab5c1c
14927179,2026-10-06 13:39:53,actions-trading,상승모멘텀,007660,skip,held_or_sold_today,464bdca0d6ff
14927179,2026-10-06 13:39:53,actions-trading,상승모멘텀,000150,skip,adx_high,e798928565df
14927179,2026-10-06 13:39:53,actions-trading,상승모멘텀,006400,skip,adx_low,71d1188a8036
14927179,2026-10-06 13:39:53,actions-trading,상승모멘텀,005030,skip,amount,f386437b9c5b
14927179,2026-10-06 13:39:53,actions-trading,상승모멘텀,066570,skip,adx_low,d4314c2825a6
14927179,2026-10-06 13:39:53,actions-trading,상승모멘텀,002820,skip,amount,c905e77a016d
14927179,2026-10-06 13:39:53,actions-trading,상승모멘텀,007810,skip,adx_high,8eb5a7a7e872
14927179,2026-10-06 13:39:53,actions-trading,상승모멘텀,000157,skip,amount,65451c39d63a
14927179,2026-10-06 13:39:53,actions-trading,상승모멘텀,336370,skip,adx_high,f50b82701f8c
14927179,2026-10-06 13:39:53,actions-trading,상승모멘텀,090460,skip,period,77ec62759a9d
14927179,2026-10-06 13:39:53,actions-trading,상승모멘텀,066575,skip,adx_high,fa27a1803456
14927179,2026-10-06 13:39:53,actions-trading,상승모멘텀,018670,skip,period,536dd38f1632
14927179,2026-10-06 13:39:53,actions-trading,상승모멘텀,000760,skip,amount,034cbbe64529
14927179,2026-10-06 13:39:53,actions-trading,상승모멘텀,353200,skip,adx_high,39bd593fab99
14927179,2026-10-06 13:39:53,actions-trading,상승모멘텀,006405,skip,amount,b79ed43a792e
14927179,2026-10-06 13:39:53,actions-trading,상승모멘텀,020150,skip,held_or_sold_today,38c5cc8c0d08
14927179,2026-10-06 13:39:53,actions-trading,상승모멘텀,005690,skip,period,4ed2f42a4d59
14927179,2026-10-06 13:39:53,actions-trading,상승모멘텀,298020,skip,adx_high,29721c38486f
14927179,2026-10-06 13:39:53,actions-trading,상승모멘텀,000155,skip,adx_high,ac84fb4d7a5d
14927179,2026-10-06 13:39:53,actions-trading,상승모멘텀,322000,skip,adx_high,04df7a80eccb
14927179,2026-10-06 13:39:53,actions-trading,상승모멘텀,063160,skip,amount,2cabea13ee53
14927179,2026-10-06 13:39:53,actions-trading,Sim6,_gate,skip,already_rebalanced,e3b0c44298fc
14927179,2026-10-06 13:39:53,actions-trading,Sim6,069500,seen,,79ac38acc7c0
14927179,2026-10-06 13:39:53,actions-trading,Sim6,360750,seen,,0c59dba015b5
14927179,2026-10-06 13:39:53,actions-trading,Sim6,148070,seen,,1c075b0e9fca
14927179,2026-10-06 13:39:53,actions-trading,Sim6,411060,seen,,df26ad5087f9
14927179,2026-10-06 13:39:53,actions-trading,Sim6,305080,seen,,36c30a8112b0
14927179,2026-10-06 13:39:53,actions-trading,Sim6,357870,seen,,9acb8200e076
14927179,2026-10-06 13:39:54,actions-trading,Sim4-1,480370,skip,adx_high,4f0b417e688c
14927179,2026-10-06 13:39:54,actions-trading,Sim4-1,003580,skip,adx_high,7d41165a67f5
14927179,2026-10-06 13:39:54,actions-trading,Sim4-1,281820,skip,adx_high,ac1e5e1124f4
14927179,2026-10-06 13:39:54,actions-trading,Sim4-1,000020,skip,adx_low,e99798dda701
14927179,2026-10-06 13:39:54,actions-trading,Sim4-1,006110,skip,adx_high,562d88be6862
14927179,2026-10-06 13:39:54,actions-trading,Sim4-1,011070,skip,adx_low,7a08d46a034e
14927179,2026-10-06 13:39:54,actions-trading,Sim4-1,002710,skip,held_or_cooldown,49c7c29a16f0
14927179,2026-10-06 13:39:54,actions-trading,Sim4-1,066970,skip,adx_low,d97462a167b1
14927179,2026-10-06 13:39:54,actions-trading,Sim4-1,008970,skip,held_or_cooldown,00f3fdab5c1c
14927179,2026-10-06 13:39:54,actions-trading,Sim4-1,007660,skip,held_or_cooldown,464bdca0d6ff
14927179,2026-10-06 13:39:54,actions-trading,Sim4-1,000150,skip,adx_high,e798928565df
14927179,2026-10-06 13:39:54,actions-trading,Sim4-1,006400,skip,adx_low,71d1188a8036
14927179,2026-10-06 13:39:54,actions-trading,Sim4-1,005030,skip,amount,f386437b9c5b
14927179,2026-10-06 13:39:54,actions-trading,Sim4-1,066570,skip,adx_low,d4314c2825a6
14927179,2026-10-06 13:39:54,actions-trading,Sim4-1,002820,skip,amount,c905e77a016d
14927179,2026-10-06 13:39:54,actions-trading,Sim4-1,007810,skip,adx_high,8eb5a7a7e872
14927179,2026-10-06 13:39:54,actions-trading,Sim4-1,000157,skip,amount,65451c39d63a
14927179,2026-10-06 13:39:54,actions-trading,Sim4-1,336370,skip,adx_high,f50b82701f8c
14927179,2026-10-06 13:39:54,actions-trading,Sim4-1,090460,skip,period,77ec62759a9d
14927179,2026-10-06 13:39:54,actions-trading,Sim4-1,066575,skip,adx_high,fa27a1803456
14927179,2026-10-06 13:39:54,actions-trading,Sim4-1,018670,skip,period,536dd38f1632
14927179,2026-10-06 13:39:54,actions-trading,Sim4-1,000760,skip,amount,034cbbe64529
14927179,2026-10-06 13:39:54,actions-trading,Sim4-1,353200,skip,adx_high,39bd593fab99
14927179,2026-10-06 13:39:54,actions-trading,Sim4-1,006405,skip,amount,b79ed43a792e
14927179,2026-10-06 13:39:54,actions-trading,Sim4-1,020150,skip,held_or_cooldown,38c5cc8c0d08
14927179,2026-10-06 13:39:54,actions-trading,Sim4-1,005690,skip,period,4ed2f42a4d59
14927179,2026-10-06 13:39:54,actions-trading,Sim4-1,298020,skip,adx_high,29721c38486f
14927179,2026-10-06 13:39:54,actions-trading,Sim4-1,000155,skip,adx_high,ac84fb4d7a5d
14927179,2026-10-06 13:39:54,actions-trading,Sim4-1,322000,skip,adx_high,04df7a80eccb
14927179,2026-10-06 13:39:54,actions-trading,Sim4-1,063160,skip,amount,2cabea13ee53
14927179,2026-10-06 13:39:57,actions-trading,선행매집,018880,skip,below_anchor,1e6c28d5ddca
14927179,2026-10-06 13:39:57,actions-trading,선행매집,047040,skip,below_anchor,01e51bf2e1a3
14927179,2026-10-06 13:39:57,actions-trading,선행매집,007660,skip,below_anchor,464bdca0d6ff
14927179,2026-10-06 13:39:57,actions-trading,선행매집,066570,skip,below_anchor,d4314c2825a6
14927179,2026-10-06 13:39:57,actions-trading,선행매집,002710,skip,below_anchor,49c7c29a16f0
14927179,2026-10-06 13:39:57,actions-trading,선행매집,006800,skip,below_anchor,9ff854a04bd3
14927179,2026-10-06 13:39:57,actions-trading,선행매집,001250,skip,below_anchor,0826efd71c4a
14927179,2026-10-06 13:39:57,actions-trading,선행매집,009190,skip,below_anchor,b419f1a1b16c
14927179,2026-10-06 13:39:57,actions-trading,선행매집,005320,skip,amount,06b06aa3f9d4
14927179,2026-10-06 13:39:57,actions-trading,선행매집,009830,skip,below_anchor,8388881056a8
14927179,2026-10-06 13:39:57,actions-trading,선행매집,006400,skip,below_anchor,71d1188a8036
14927179,2026-10-06 13:39:57,actions-trading,선행매집,005690,skip,below_anchor,4ed2f42a4d59
14927179,2026-10-06 13:39:57,actions-trading,선행매집,025560,skip,below_anchor,650fce44781f
14927179,2026-10-06 13:39:57,actions-trading,선행매집,336370,skip,below_anchor,f50b82701f8c
14927179,2026-10-06 13:39:57,actions-trading,선행매집,009150,skip,below_anchor,e56f8a2c6f25
14927179,2026-10-06 13:39:57,actions-trading,선행매집,005360,skip,amount,bf227cda7f62
14927179,2026-10-06 13:39:57,actions-trading,선행매집,279570,skip,below_anchor,7af451a50db9
14927179,2026-10-06 13:39:57,actions-trading,선행매집,002700,skip,amount,697692aec466
14927179,2026-10-06 13:39:57,actions-trading,선행매집,090460,skip,below_anchor,77ec62759a9d
14927179,2026-10-06 13:39:57,actions-trading,선행매집,011070,skip,below_anchor,7a08d46a034e
14927179,2026-10-06 13:39:57,actions-trading,선행매집,022100,skip,below_anchor,c72b3d4fe812
14927179,2026-10-06 13:39:57,actions-trading,선행매집,010120,skip,below_anchor,e0ef6bfe9239
14927179,2026-10-06 13:39:57,actions-trading,선행매집,192650,skip,sold_or_cooldown,e4c5727b1f28
14927179,2026-10-06 13:39:57,actions-trading,선행매집,138930,skip,below_anchor,b94f9c3af533
14927179,2026-10-06 13:39:57,actions-trading,선행매집,066970,skip,below_anchor,d97462a167b1
14927179,2026-10-06 13:39:57,actions-trading,선행매집,015760,skip,below_anchor,fb80f6e83f19
14927179,2026-10-06 13:39:57,actions-trading,선행매집,003620,skip,below_anchor,5b4f589d8fe5
14927179,2026-10-06 13:39:57,actions-trading,선행매집,460860,skip,below_anchor,679a81a70ae4
14927179,2026-10-06 13:39:57,actions-trading,선행매집,015260,skip,amount,b524052ee042
14927179,2026-10-06 13:39:57,actions-trading,선행매집,452260,skip,below_anchor,b5085692669f
14927179,2026-10-06 13:39:57,actions-trading,Sim9,_gate,skip,outside_entry_window,e3b0c44298fc
14927179,2026-10-06 13:39:57,actions-trading,Sim9,480370,seen,,4f0b417e688c
14927179,2026-10-06 13:39:57,actions-trading,Sim9,003580,seen,,7d41165a67f5
14927179,2026-10-06 13:39:57,actions-trading,Sim9,281820,seen,,ac1e5e1124f4
14927179,2026-10-06 13:39:57,actions-trading,Sim9,000020,seen,,e99798dda701
14927179,2026-10-06 13:39:57,actions-trading,Sim9,006110,seen,,562d88be6862
14927179,2026-10-06 13:39:57,actions-trading,Sim9,011070,seen,,7a08d46a034e
14927179,2026-10-06 13:39:57,actions-trading,Sim9,002710,seen,,49c7c29a16f0
14927179,2026-10-06 13:39:57,actions-trading,Sim9,066970,seen,,d97462a167b1
14927179,2026-10-06 13:39:57,actions-trading,Sim9,008970,seen,,00f3fdab5c1c
14927179,2026-10-06 13:39:57,actions-trading,Sim9,007660,seen,,464bdca0d6ff
14927179,2026-10-06 13:39:57,actions-trading,Sim9,000150,seen,,e798928565df
14927179,2026-10-06 13:39:57,actions-trading,Sim9,006400,seen,,71d1188a8036
14927179,2026-10-06 13:39:57,actions-trading,Sim9,005030,seen,,f386437b9c5b
14927179,2026-10-06 13:39:57,actions-trading,Sim9,066570,seen,,d4314c2825a6
14927179,2026-10-06 13:39:57,actions-trading,Sim9,002820,seen,,c905e77a016d
14927179,2026-10-06 13:39:57,actions-trading,Sim9,007810,seen,,8eb5a7a7e872
14927179,2026-10-06 13:39:57,actions-trading,Sim9,000157,seen,,65451c39d63a
14927179,2026-10-06 13:39:57,actions-trading,Sim9,336370,seen,,f50b82701f8c
14927179,2026-10-06 13:39:57,actions-trading,Sim9,090460,seen,,77ec62759a9d
14927179,2026-10-06 13:39:57,actions-trading,Sim9,066575,seen,,fa27a1803456
14927179,2026-10-06 13:39:57,actions-trading,Sim9,018670,seen,,536dd38f1632
14927179,2026-10-06 13:39:57,actions-trading,Sim9,000760,seen,,034cbbe64529
14927179,2026-10-06 13:39:57,actions-trading,Sim9,353200,seen,,39bd593fab99
14927179,2026-10-06 13:39:57,actions-trading,Sim9,006405,seen,,b79ed43a792e
14927179,2026-10-06 13:39:57,actions-trading,Sim9,020150,seen,,38c5cc8c0d08
14927179,2026-10-06 13:39:57,actions-trading,Sim9,005690,seen,,4ed2f42a4d59
14927179,2026-10-06 13:39:57,actions-trading,Sim9,298020,seen,,29721c38486f
14927179,2026-10-06 13:39:57,actions-trading,Sim9,000155,seen,,ac84fb4d7a5d
14927179,2026-10-06 13:39:57,actions-trading,Sim9,322000,seen,,04df7a80eccb
14927179,2026-10-06 13:39:57,actions-trading,Sim9,063160,seen,,2cabea13ee53
14927179,2026-10-06 13:39:57,actions-trading,미너비니,192820,skip,below_pivot,0c2d5f61e5e3
14927179,2026-10-06 13:39:57,actions-trading,미너비니,443060,skip,below_pivot,bae8385f6077
14927179,2026-10-06 13:39:57,actions-trading,Sim12,480370,skip,pb2_not_crashed,4f0b417e688c
14927179,2026-10-06 13:39:57,actions-trading,Sim12,003580,skip,pb2_not_crashed,7d41165a67f5
14927179,2026-10-06 13:39:57,actions-trading,Sim12,281820,skip,pb2_not_crashed,ac1e5e1124f4
14927179,2026-10-06 13:39:57,actions-trading,Sim12,000020,skip,pb2_not_crashed,e99798dda701
14927179,2026-10-06 13:39:57,actions-trading,Sim12,006110,skip,pb2_not_crashed,562d88be6862
14927179,2026-10-06 13:39:57,actions-trading,Sim12,011070,skip,avoid_orgn_sell_high_per,7a08d46a034e
14927179,2026-10-06 13:39:57,actions-trading,Sim12,002710,skip,avoid_frgn_sell_20d,49c7c29a16f0
14927179,2026-10-06 13:39:57,actions-trading,Sim12,066970,skip,pb2_not_crashed,d97462a167b1
14927179,2026-10-06 13:39:57,actions-trading,Sim12,008970,skip,pb2_not_crashed,00f3fdab5c1c
14927179,2026-10-06 13:39:57,actions-trading,Sim12,007660,skip,pb2_not_crashed,464bdca0d6ff
14927179,2026-10-06 13:39:57,actions-trading,Sim12,000150,skip,avoid_frgn_sell_20d,e798928565df
14927179,2026-10-06 13:39:57,actions-trading,Sim12,006400,skip,pb2_not_crashed,71d1188a8036
14927179,2026-10-06 13:39:57,actions-trading,Sim12,005030,skip,avoid_amount_dry,f386437b9c5b
14927179,2026-10-06 13:39:57,actions-trading,Sim12,066570,skip,pb2_not_crashed,d4314c2825a6
14927179,2026-10-06 13:39:57,actions-trading,Sim12,002820,skip,avoid_deadcat,c905e77a016d
14927179,2026-10-06 13:39:57,actions-trading,Sim12,007810,skip,pb2_not_crashed,8eb5a7a7e872
14927179,2026-10-06 13:39:57,actions-trading,Sim12,000157,skip,pb2_thin_liquidity,65451c39d63a
14927179,2026-10-06 13:39:57,actions-trading,Sim12,336370,skip,avoid_frgn_sell_20d,f50b82701f8c
14927179,2026-10-06 13:39:57,actions-trading,Sim12,090460,skip,pb2_not_crashed,77ec62759a9d
14927179,2026-10-06 13:39:57,actions-trading,Sim12,066575,skip,pb2_not_crashed,fa27a1803456
14927179,2026-10-06 13:39:57,actions-trading,Sim12,018670,skip,avoid_frgn_sell_20d,536dd38f1632
14927179,2026-10-06 13:39:57,actions-trading,Sim12,000760,skip,pb2_not_crashed,034cbbe64529
14927179,2026-10-06 13:39:57,actions-trading,Sim12,353200,skip,avoid_orgn_sell_high_per,39bd593fab99
14927179,2026-10-06 13:39:57,actions-trading,Sim12,006405,skip,pb2_not_crashed,b79ed43a792e
14927179,2026-10-06 13:39:57,actions-trading,Sim12,020150,skip,avoid_frgn_sell_20d,38c5cc8c0d08
14927179,2026-10-06 13:39:57,actions-trading,Sim12,005690,skip,pb2_not_crashed,4ed2f42a4d59
14927179,2026-10-06 13:39:57,actions-trading,Sim12,298020,skip,avoid_orgn_sell_high_per,29721c38486f
14927179,2026-10-06 13:39:57,actions-trading,Sim12,000155,skip,pb2_thin_liquidity,ac84fb4d7a5d
14927179,2026-10-06 13:39:57,actions-trading,Sim12,322000,skip,pb2_not_crashed,04df7a80eccb
14927179,2026-10-06 13:39:57,actions-trading,Sim12,063160,skip,avoid_frgn_sell_20d,2cabea13ee53
14927179,2026-10-06 13:39:57,actions-trading,Sim12,005110,skip,avoid_amount_dry,c47d7f451b4b
14927179,2026-10-06 13:39:57,actions-trading,Sim12,015260,skip,pb2_no_inst_buying,b524052ee042
14927179,2026-10-06 13:39:57,actions-trading,Sim12,020120,skip,pb2_not_crashed,21528063ce5f
14927179,2026-10-06 13:39:57,actions-trading,Sim12,004920,skip,pb2_not_crashed,74c328d627ac
14927179,2026-10-06 13:39:57,actions-trading,Sim12,001525,skip,avoid_amount_dry,81205546f5c2
14927179,2026-10-06 13:39:57,actions-trading,Sim12,003010,skip,pb2_not_crashed,39e9bb7cc11d
14927179,2026-10-06 13:39:57,actions-trading,Sim12,079550,skip,pb2_not_crashed,66281489ffe7
14927179,2026-10-06 13:39:57,actions-trading,Sim12,002870,skip,avoid_frgn_sell_20d,72fb4a14f4da
14927179,2026-10-06 13:39:57,actions-trading,Sim12,002785,skip,pb2_no_inst_buying,8f393f53ef85
14927179,2026-10-06 13:39:57,actions-trading,Sim12,014915,skip,pb2_not_crashed,6a49f6f7ba1f
14927179,2026-10-06 13:39:57,actions-trading,Sim12,003350,skip,avoid_amount_dry,12d406392c40
14927179,2026-10-06 13:39:57,actions-trading,Sim12,001380,skip,avoid_frgn_sell_20d,65cfbf3240f8
14927179,2026-10-06 13:39:57,actions-trading,Sim12,044820,skip,avoid_frgn_sell_20d,7bf361de5240
14927179,2026-10-06 13:39:57,actions-trading,Sim12,036570,skip,pb2_not_crashed,fcd21577578e
14927179,2026-10-06 13:39:57,actions-trading,Sim12,002787,skip,avoid_amount_dry,06a1b559f51b
14927179,2026-10-06 13:39:57,actions-trading,Sim12,051630,skip,avoid_amount_dry,c6412c54ac93
14927179,2026-10-06 13:39:57,actions-trading,Sim12,084680,skip,avoid_frgn_sell_20d,63d611fe7539
14927179,2026-10-06 13:39:57,actions-trading,Sim12,003570,skip,avoid_frgn_sell_20d,2400d0a54b76
14927179,2026-10-06 13:39:57,actions-trading,Sim12,465770,skip,avoid_amount_dry,dfca1b448322
14927179,2026-10-06 13:39:57,actions-trading,Sim12,071950,skip,pb2_no_inst_buying,79b4965be8e6
14927179,2026-10-06 13:39:57,actions-trading,Sim12,005880,skip,pb2_not_crashed,0496d7ea4683
14927179,2026-10-06 13:39:57,actions-trading,Sim12,109070,skip,pb2_not_crashed,84d2f5d1bc18
14927179,2026-10-06 13:39:57,actions-trading,Sim12,443060,skip,avoid_amount_dry,bae8385f6077
14927179,2026-10-06 13:39:57,actions-trading,Sim12,026960,skip,pb2_not_crashed,6610e59bfecf
14927179,2026-10-06 13:39:57,actions-trading,Sim12,027740,skip,avoid_frgn_sell_20d,a67c86b371ec
14927179,2026-10-06 13:39:57,actions-trading,Sim12,100840,skip,avoid_amount_dry,b1e6c311ea81
14927179,2026-10-06 13:39:57,actions-trading,Sim12,088790,skip,avoid_amount_dry,ee82c8483259
14927179,2026-10-06 13:39:57,actions-trading,Sim12,010640,skip,avoid_amount_dry,05cb3a414612
14927179,2026-10-06 13:39:57,actions-trading,Sim12,001527,skip,avoid_amount_dry,0a62090de076
14927179,2026-10-06 13:39:57,actions-trading,Sim12,064350,skip,avoid_frgn_sell_20d,c99dbe5ab318
14927179,2026-10-06 13:39:57,actions-trading,Sim13,480370,skip,no_frgn_support,4f0b417e688c
14927179,2026-10-06 13:39:57,actions-trading,Sim13,003580,skip,theme_momentum_weak,7d41165a67f5
14927179,2026-10-06 13:39:57,actions-trading,Sim13,281820,skip,no_frgn_support,ac1e5e1124f4
14927179,2026-10-06 13:39:57,actions-trading,Sim13,000020,skip,theme_momentum_weak,e99798dda701
14927179,2026-10-06 13:39:57,actions-trading,Sim13,006110,skip,theme_momentum_weak,562d88be6862
14927179,2026-10-06 13:39:57,actions-trading,Sim13,011070,skip,theme_momentum_weak,7a08d46a034e
14927179,2026-10-06 13:39:57,actions-trading,Sim13,002710,skip,adx_weak,49c7c29a16f0
14927179,2026-10-06 13:39:57,actions-trading,Sim13,066970,skip,theme_momentum_weak,d97462a167b1
14927179,2026-10-06 13:39:57,actions-trading,Sim13,008970,skip,adx_weak,00f3fdab5c1c
14927179,2026-10-06 13:39:57,actions-trading,Sim13,007660,skip,adx_weak,464bdca0d6ff
14927179,2026-10-06 13:39:57,actions-trading,Sim13,000150,skip,adx_weak,e798928565df
14927179,2026-10-06 13:39:57,actions-trading,Sim13,006400,skip,theme_momentum_weak,71d1188a8036
14927179,2026-10-06 13:39:57,actions-trading,Sim13,005030,skip,theme_momentum_weak,f386437b9c5b
14927179,2026-10-06 13:39:57,actions-trading,Sim13,066570,skip,theme_momentum_weak,d4314c2825a6
14927179,2026-10-06 13:39:57,actions-trading,Sim13,002820,skip,theme_momentum_weak,c905e77a016d
14927179,2026-10-06 13:39:57,actions-trading,Sim13,007810,skip,amount_not_surprised,8eb5a7a7e872
14927179,2026-10-06 13:39:57,actions-trading,Sim13,000157,skip,theme_momentum_weak,65451c39d63a
14927179,2026-10-06 13:39:57,actions-trading,Sim13,336370,skip,adx_weak,f50b82701f8c
14927179,2026-10-06 13:39:57,actions-trading,Sim13,090460,skip,theme_momentum_weak,77ec62759a9d
14927179,2026-10-06 13:39:57,actions-trading,Sim13,066575,skip,theme_momentum_weak,fa27a1803456
14927179,2026-10-06 13:39:57,actions-trading,Sim13,018670,skip,theme_momentum_weak,536dd38f1632
14927179,2026-10-06 13:39:57,actions-trading,Sim13,000760,skip,theme_momentum_weak,034cbbe64529
14927179,2026-10-06 13:39:57,actions-trading,Sim13,353200,skip,amount_not_surprised,39bd593fab99
14927179,2026-10-06 13:39:57,actions-trading,Sim13,006405,skip,theme_momentum_weak,b79ed43a792e
14927179,2026-10-06 13:39:57,actions-trading,Sim13,020150,skip,no_frgn_support,38c5cc8c0d08
14927179,2026-10-06 13:39:57,actions-trading,Sim13,005690,skip,adx_weak,4ed2f42a4d59
14927179,2026-10-06 13:39:57,actions-trading,Sim13,298020,skip,theme_momentum_weak,29721c38486f
14927179,2026-10-06 13:39:57,actions-trading,Sim13,000155,skip,theme_momentum_weak,ac84fb4d7a5d
14927179,2026-10-06 13:39:57,actions-trading,Sim13,322000,skip,theme_momentum_weak,04df7a80eccb
14927179,2026-10-06 13:39:57,actions-trading,Sim13,063160,skip,theme_momentum_weak,2cabea13ee53
14927179,2026-10-06 13:39:57,actions-trading,Sim14,_gate,skip,regime_blocked,e3b0c44298fc
14927179,2026-10-06 13:39:57,actions-trading,Sim15,_gate,skip,already_rebalanced,e3b0c44298fc
14927179,2026-10-06 13:39:57,actions-trading,Sim15,069500,seen,,79ac38acc7c0
14927179,2026-10-06 13:39:57,actions-trading,Sim15,133690,seen,,25949d8f918c
14927179,2026-10-06 13:39:57,actions-trading,Sim15,148070,seen,,1c075b0e9fca
14927179,2026-10-06 13:39:57,actions-trading,Sim16,_gate,skip,already_rebalanced,e3b0c44298fc
14927179,2026-10-06 13:39:57,actions-trading,Sim16,122630,seen,,616cb9e6f7bd
14927179,2026-10-06 13:39:57,actions-trading,Sim16,418660,seen,,51e763fc9db6
14927179,2026-10-06 13:39:57,actions-trading,Sim16,148070,seen,,1c075b0e9fca
14927180,2026-10-06 13:41:24,actions-trading,Sim3,402340,skip,qty_zero,104bc5d483da
14927180,2026-10-06 13:41:24,actions-trading,Sim3,383800,skip,amount,6fd67bc9f410
14927180,2026-10-06 13:41:24,actions-trading,Sim3,462870,skip,amount,5ad8aeb09f9a
14927180,2026-10-06 13:41:24,actions-trading,Sim3,000660,skip,qty_zero,14f7bbc791cb
14927180,2026-10-06 13:41:24,actions-trading,Sim3,071970,skip,cooldown,5c430d9070b6
14927180,2026-10-06 13:41:24,actions-trading,Sim3,042700,skip,not_cheap,341bc55ec4ec
14927180,2026-10-06 13:41:24,actions-trading,Sim3,326030,skip,cooldown,47d95999b665
14927180,2026-10-06 13:41:24,actions-trading,Sim3,207940,skip,not_cheap,fa978a908fa9
14927180,2026-10-06 13:41:24,actions-trading,Sim3,033920,skip,amount,777015227534
14927180,2026-10-06 13:41:24,actions-trading,Sim3,004770,skip,amount,98d7e03a2ca5
14927180,2026-10-06 13:41:24,actions-trading,Sim3,0126Z0,skip,not_cheap,d4a161298724
14927180,2026-10-06 13:41:24,actions-trading,Sim3,062040,skip,not_cheap,6ddc7e08a55e
14927180,2026-10-06 13:41:24,actions-trading,Sim3,317450,skip,amount,242b07a6275e
14927180,2026-10-06 13:41:24,actions-trading,Sim3,026960,skip,amount,ff7b798a9a00
14927180,2026-10-06 13:41:24,actions-trading,Sim3,021820,skip,amount,f007d2bd0ad4
14927180,2026-10-06 13:41:24,actions-trading,Sim3,192080,skip,amount,7947cad2621a
14927180,2026-10-06 13:41:24,actions-trading,Sim3,068270,skip,cooldown,fcfdd1070f96
14927180,2026-10-06 13:41:24,actions-trading,Sim3,123890,skip,amount,e4b086729cc7
14927180,2026-10-06 13:41:24,actions-trading,Sim3,000240,skip,amount,57b4b29608b7
14927180,2026-10-06 13:41:24,actions-trading,Sim3,002380,skip,amount,301d2a4b2833
14927180,2026-10-06 13:41:24,actions-trading,Sim3,009770,skip,amount,01a28af7b427
14927180,2026-10-06 13:41:24,actions-trading,Sim3,259960,skip,cooldown,d68cd66cd80a
14927180,2026-10-06 13:41:24,actions-trading,Sim3,035250,skip,amount,8f0e1e993f08
14927180,2026-10-06 13:41:24,actions-trading,Sim3,383220,skip,amount,949710461485
14927180,2026-10-06 13:41:24,actions-trading,Sim3,226320,skip,amount,332bb4983ea8
14927180,2026-10-06 13:41:24,actions-trading,Sim3,439260,skip,amount,3868baf83b21
14927180,2026-10-06 13:41:24,actions-trading,Sim3,025560,skip,cooldown,4d999f13f87b
14927180,2026-10-06 13:41:24,actions-trading,Sim3,007700,skip,amount,c5cf5ff191a7
14927180,2026-10-06 13:41:24,actions-trading,Sim3,278470,skip,not_cheap,b0359c0f3999
14927180,2026-10-06 13:41:24,actions-trading,Sim3,000990,skip,not_cheap,7f677473a433
14927180,2026-10-06 13:42:07,actions-trading,MFHS2,018880,skip,max_holdings,41b215a1c1c1
14927180,2026-10-06 13:42:07,actions-trading,MFHS2,047040,seen,,f1ff8789235e
14927180,2026-10-06 13:42:07,actions-trading,MFHS2,007660,seen,,04d410597e1f
14927180,2026-10-06 13:42:07,actions-trading,MFHS2,066570,seen,,2b31a3ddb707
14927180,2026-10-06 13:42:07,actions-trading,MFHS2,009190,seen,,9a5d0fdb4860
14927180,2026-10-06 13:42:07,actions-trading,MFHS2,002710,seen,,59eafad7ac87
14927180,2026-10-06 13:42:07,actions-trading,MFHS2,005690,seen,,0111c0255ed1
14927180,2026-10-06 13:42:07,actions-trading,MFHS2,025560,seen,,1c33f1914c79
14927180,2026-10-06 13:42:07,actions-trading,MFHS2,005360,seen,,496a18492c03
14927180,2026-10-06 13:42:07,actions-trading,MFHS2,009830,seen,,378202f31502
14927180,2026-10-06 13:42:07,actions-trading,MFHS2,006400,seen,,d622d58d02e1
14927180,2026-10-06 13:42:07,actions-trading,MFHS2,002700,seen,,be7da53f48b5
14927180,2026-10-06 13:42:07,actions-trading,MFHS2,279570,seen,,de08c56fe6ef
14927180,2026-10-06 13:42:07,actions-trading,MFHS2,138930,seen,,313ba116a00c
14927180,2026-10-06 13:42:07,actions-trading,MFHS2,090460,seen,,138cf242afd2
14927180,2026-10-06 13:42:07,actions-trading,MFHS2,009150,seen,,9d158f1afd55
14927180,2026-10-06 13:42:07,actions-trading,MFHS2,317400,seen,,a520e5c9b0f9
14927180,2026-10-06 13:42:07,actions-trading,MFHS2,460860,seen,,3c0598124515
14927180,2026-10-06 13:42:07,actions-trading,MFHS2,006800,seen,,b26b6e354417
14927180,2026-10-06 13:42:07,actions-trading,MFHS2,010120,seen,,0f6ee152416d
14927180,2026-10-06 13:42:07,actions-trading,MFHS2,011070,seen,,2cd2038273a3
14927180,2026-10-06 13:42:07,actions-trading,MFHS2,022100,seen,,896ceb540a45
14927180,2026-10-06 13:42:07,actions-trading,MFHS2,003620,seen,,e878d5e71cb3
14927180,2026-10-06 13:42:07,actions-trading,MFHS2,015260,seen,,c2fe5a620638
14927180,2026-10-06 13:42:07,actions-trading,MFHS2,452260,seen,,f66ebd8c73e6
14927180,2026-10-06 13:42:07,actions-trading,MFHS2,001230,seen,,d420bb04d632
14927180,2026-10-06 13:42:07,actions-trading,MFHS2,066970,seen,,1dbf4a78163a
14927180,2026-10-06 13:42:07,actions-trading,MFHS2,066575,seen,,9d339fba4280
14927180,2026-10-06 13:42:07,actions-trading,MFHS2,004020,seen,,e11cd3b499f4
14927180,2026-10-06 13:42:07,actions-trading,MFHS2,002990,seen,,567dd27b3734
14927180,2026-10-06 13:42:09,actions-trading,상승모멘텀,480370,skip,adx_high,754bb5f109e0
14927180,2026-10-06 13:42:09,actions-trading,상승모멘텀,003580,skip,adx_high,f73bf18ca282
14927180,2026-10-06 13:42:09,actions-trading,상승모멘텀,281820,skip,adx_high,7e10714fd8d6
14927180,2026-10-06 13:42:09,actions-trading,상승모멘텀,000020,skip,adx_low,a624444d6db0
14927180,2026-10-06 13:42:09,actions-trading,상승모멘텀,006110,skip,adx_high,bcc2c90f9b2c
14927180,2026-10-06 13:42:09,actions-trading,상승모멘텀,011070,skip,adx_low,2cd2038273a3
14927180,2026-10-06 13:42:09,actions-trading,상승모멘텀,002710,skip,tick,59eafad7ac87
14927180,2026-10-06 13:42:09,actions-trading,상승모멘텀,008970,skip,tick,1e8da45f0ca5
14927180,2026-10-06 13:42:09,actions-trading,상승모멘텀,066970,skip,adx_low,1dbf4a78163a
14927180,2026-10-06 13:42:09,actions-trading,상승모멘텀,007660,skip,held_or_sold_today,04d410597e1f
14927180,2026-10-06 13:42:09,actions-trading,상승모멘텀,000150,skip,adx_high,1952765b670b
14927180,2026-10-06 13:42:09,actions-trading,상승모멘텀,006400,skip,adx_low,d622d58d02e1
14927180,2026-10-06 13:42:09,actions-trading,상승모멘텀,005030,skip,amount,f386437b9c5b
14927180,2026-10-06 13:42:09,actions-trading,상승모멘텀,066570,skip,adx_low,2b31a3ddb707
14927180,2026-10-06 13:42:09,actions-trading,상승모멘텀,000157,skip,amount,b5fece057fcc
14927180,2026-10-06 13:42:09,actions-trading,상승모멘텀,336370,skip,adx_high,818ba7953ac0
14927180,2026-10-06 13:42:09,actions-trading,상승모멘텀,002820,skip,amount,f15ad381c5ea
14927180,2026-10-06 13:42:09,actions-trading,상승모멘텀,007810,skip,adx_high,2548a41ed4f8
14927180,2026-10-06 13:42:09,actions-trading,상승모멘텀,066575,skip,adx_high,9d339fba4280
14927180,2026-10-06 13:42:09,actions-trading,상승모멘텀,018670,skip,period,9e83cbbbd183
14927180,2026-10-06 13:42:09,actions-trading,상승모멘텀,090460,skip,period,138cf242afd2
14927180,2026-10-06 13:42:09,actions-trading,상승모멘텀,020150,skip,held_or_sold_today,48f31c3d84fb
14927180,2026-10-06 13:42:09,actions-trading,상승모멘텀,005690,skip,period,0111c0255ed1
14927180,2026-10-06 13:42:09,actions-trading,상승모멘텀,000155,skip,adx_high,bd803e181996
14927180,2026-10-06 13:42:09,actions-trading,상승모멘텀,000760,skip,amount,4645571c880a
14927180,2026-10-06 13:42:09,actions-trading,상승모멘텀,298020,skip,adx_high,1b5f91fb0f5b
14927180,2026-10-06 13:42:09,actions-trading,상승모멘텀,063160,skip,amount,4921f110bc20
14927180,2026-10-06 13:42:09,actions-trading,상승모멘텀,006405,skip,amount,92c3c59d1794
14927180,2026-10-06 13:42:09,actions-trading,상승모멘텀,322000,skip,adx_high,38e5800d792d
14927180,2026-10-06 13:42:09,actions-trading,상승모멘텀,001250,skip,adx_high,79e887f8b57a
14927180,2026-10-06 13:42:09,actions-trading,Sim6,_gate,skip,already_rebalanced,e3b0c44298fc
14927180,2026-10-06 13:42:09,actions-trading,Sim6,069500,seen,,f10b4e7ca48c
14927180,2026-10-06 13:42:09,actions-trading,Sim6,360750,seen,,20d6a49d2a17
14927180,2026-10-06 13:42:09,actions-trading,Sim6,148070,seen,,252a95b246d3
14927180,2026-10-06 13:42:09,actions-trading,Sim6,411060,seen,,3f747c0324bf
14927180,2026-10-06 13:42:09,actions-trading,Sim6,305080,seen,,fd0bc9be9202
14927180,2026-10-06 13:42:09,actions-trading,Sim6,357870,seen,,0776c49b9b77
14927180,2026-10-06 13:42:09,actions-trading,Sim4-1,480370,skip,adx_high,754bb5f109e0
14927180,2026-10-06 13:42:09,actions-trading,Sim4-1,003580,skip,adx_high,f73bf18ca282
14927180,2026-10-06 13:42:09,actions-trading,Sim4-1,281820,skip,adx_high,7e10714fd8d6
14927180,2026-10-06 13:42:09,actions-trading,Sim4-1,000020,skip,adx_low,a624444d6db0
14927180,2026-10-06 13:42:09,actions-trading,Sim4-1,006110,skip,adx_high,bcc2c90f9b2c
14927180,2026-10-06 13:42:09,actions-trading,Sim4-1,011070,skip,adx_low,2cd2038273a3
14927180,2026-10-06 13:42:09,actions-trading,Sim4-1,002710,skip,held_or_cooldown,59eafad7ac87
14927180,2026-10-06 13:42:09,actions-trading,Sim4-1,008970,skip,held_or_cooldown,1e8da45f0ca5
14927180,2026-10-06 13:42:09,actions-trading,Sim4-1,066970,skip,adx_low,1dbf4a78163a
14927180,2026-10-06 13:42:09,actions-trading,Sim4-1,007660,skip,held_or_cooldown,04d410597e1f
14927180,2026-10-06 13:42:09,actions-trading,Sim4-1,000150,skip,adx_high,1952765b670b
14927180,2026-10-06 13:42:09,actions-trading,Sim4-1,006400,skip,adx_low,d622d58d02e1
14927180,2026-10-06 13:42:09,actions-trading,Sim4-1,005030,skip,amount,f386437b9c5b
14927180,2026-10-06 13:42:09,actions-trading,Sim4-1,066570,skip,adx_low,2b31a3ddb707
14927180,2026-10-06 13:42:09,actions-trading,Sim4-1,000157,skip,amount,b5fece057fcc
14927180,2026-10-06 13:42:09,actions-trading,Sim4-1,336370,skip,adx_high,818ba7953ac0
14927180,2026-10-06 13:42:09,actions-trading,Sim4-1,002820,skip,amount,f15ad381c5ea
14927180,2026-10-06 13:42:09,actions-trading,Sim4-1,007810,skip,adx_high,2548a41ed4f8
14927180,2026-10-06 13:42:09,actions-trading,Sim4-1,066575,skip,adx_high,9d339fba4280
14927180,2026-10-06 13:42:09,actions-trading,Sim4-1,018670,skip,period,9e83cbbbd183
14927180,2026-10-06 13:42:09,actions-trading,Sim4-1,090460,skip,period,138cf242afd2
14927180,2026-10-06 13:42:09,actions-trading,Sim4-1,020150,skip,held_or_cooldown,48f31c3d84fb
14927180,2026-10-06 13:42:09,actions-trading,Sim4-1,005690,skip,period,0111c0255ed1
14927180,2026-10-06 13:42:09,actions-trading,Sim4-1,000155,skip,adx_high,bd803e181996
14927180,2026-10-06 13:42:09,actions-trading,Sim4-1,000760,skip,amount,4645571c880a
14927180,2026-10-06 13:42:09,actions-trading,Sim4-1,298020,skip,adx_high,1b5f91fb0f5b
14927180,2026-10-06 13:42:09,actions-trading,Sim4-1,063160,skip,amount,4921f110bc20
14927180,2026-10-06 13:42:09,actions-trading,Sim4-1,006405,skip,amount,92c3c59d1794
14927180,2026-10-06 13:42:09,actions-trading,Sim4-1,322000,skip,adx_high,38e5800d792d
14927180,2026-10-06 13:42:09,actions-trading,Sim4-1,001250,skip,adx_high,79e887f8b57a
14927180,2026-10-06 13:42:12,actions-trading,선행매집,018880,skip,below_anchor,41b215a1c1c1
14927180,2026-10-06 13:42:12,actions-trading,선행매집,047040,skip,below_anchor,f1ff8789235e
14927180,2026-10-06 13:42:12,actions-trading,선행매집,007660,skip,below_anchor,04d410597e1f
14927180,2026-10-06 13:42:12,actions-trading,선행매집,066570,skip,below_anchor,2b31a3ddb707
14927180,2026-10-06 13:42:12,actions-trading,선행매집,002710,skip,below_anchor,59eafad7ac87
14927180,2026-10-06 13:42:12,actions-trading,선행매집,006800,skip,below_anchor,b26b6e354417
14927180,2026-10-06 13:42:12,actions-trading,선행매집,001250,skip,no_52w_anchor,79e887f8b57a
14927180,2026-10-06 13:42:12,actions-trading,선행매집,009190,skip,below_anchor,9a5d0fdb4860
14927180,2026-10-06 13:42:12,actions-trading,선행매집,005320,skip,amount,874be650b8bc
14927180,2026-10-06 13:42:12,actions-trading,선행매집,009830,skip,below_anchor,378202f31502
14927180,2026-10-06 13:42:12,actions-trading,선행매집,006400,skip,below_anchor,d622d58d02e1
14927180,2026-10-06 13:42:12,actions-trading,선행매집,005690,skip,below_anchor,0111c0255ed1
14927180,2026-10-06 13:42:12,actions-trading,선행매집,025560,skip,below_anchor,1c33f1914c79
14927180,2026-10-06 13:42:12,actions-trading,선행매집,336370,skip,below_anchor,818ba7953ac0
14927180,2026-10-06 13:42:12,actions-trading,선행매집,009150,skip,below_anchor,9d158f1afd55
14927180,2026-10-06 13:42:12,actions-trading,선행매집,005360,skip,amount,496a18492c03
14927180,2026-10-06 13:42:12,actions-trading,선행매집,279570,skip,below_anchor,de08c56fe6ef
14927180,2026-10-06 13:42:12,actions-trading,선행매집,002700,skip,amount,be7da53f48b5
14927180,2026-10-06 13:42:12,actions-trading,선행매집,090460,skip,below_anchor,138cf242afd2
14927180,2026-10-06 13:42:12,actions-trading,선행매집,011070,skip,below_anchor,2cd2038273a3
14927180,2026-10-06 13:42:12,actions-trading,선행매집,022100,skip,below_anchor,896ceb540a45
14927180,2026-10-06 13:42:12,actions-trading,선행매집,010120,skip,below_anchor,0f6ee152416d
14927180,2026-10-06 13:42:12,actions-trading,선행매집,192650,skip,sold_or_cooldown,ff18cd3f3f08
14927180,2026-10-06 13:42:12,actions-trading,선행매집,138930,skip,below_anchor,313ba116a00c
14927180,2026-10-06 13:42:12,actions-trading,선행매집,066970,skip,below_anchor,1dbf4a78163a
14927180,2026-10-06 13:42:12,actions-trading,선행매집,015760,skip,below_anchor,fc4a83677359
14927180,2026-10-06 13:42:12,actions-trading,선행매집,003620,skip,below_anchor,e878d5e71cb3
14927180,2026-10-06 13:42:12,actions-trading,선행매집,460860,skip,below_anchor,3c0598124515
14927180,2026-10-06 13:42:12,actions-trading,선행매집,015260,skip,amount,c2fe5a620638
14927180,2026-10-06 13:42:12,actions-trading,선행매집,452260,skip,below_anchor,f66ebd8c73e6
14927180,2026-10-06 13:42:12,actions-trading,Sim9,_gate,skip,outside_entry_window,e3b0c44298fc
14927180,2026-10-06 13:42:12,actions-trading,Sim9,480370,seen,,754bb5f109e0
14927180,2026-10-06 13:42:12,actions-trading,Sim9,003580,seen,,f73bf18ca282
14927180,2026-10-06 13:42:12,actions-trading,Sim9,281820,seen,,7e10714fd8d6
14927180,2026-10-06 13:42:12,actions-trading,Sim9,000020,seen,,a624444d6db0
14927180,2026-10-06 13:42:12,actions-trading,Sim9,006110,seen,,bcc2c90f9b2c
14927180,2026-10-06 13:42:12,actions-trading,Sim9,011070,seen,,2cd2038273a3
14927180,2026-10-06 13:42:12,actions-trading,Sim9,002710,seen,,59eafad7ac87
14927180,2026-10-06 13:42:12,actions-trading,Sim9,008970,seen,,1e8da45f0ca5
14927180,2026-10-06 13:42:12,actions-trading,Sim9,066970,seen,,1dbf4a78163a
14927180,2026-10-06 13:42:12,actions-trading,Sim9,007660,seen,,04d410597e1f
14927180,2026-10-06 13:42:12,actions-trading,Sim9,000150,seen,,1952765b670b
14927180,2026-10-06 13:42:12,actions-trading,Sim9,006400,seen,,d622d58d02e1
14927180,2026-10-06 13:42:12,actions-trading,Sim9,005030,seen,,f386437b9c5b
14927180,2026-10-06 13:42:12,actions-trading,Sim9,066570,seen,,2b31a3ddb707
14927180,2026-10-06 13:42:12,actions-trading,Sim9,000157,seen,,b5fece057fcc
14927180,2026-10-06 13:42:12,actions-trading,Sim9,336370,seen,,818ba7953ac0
14927180,2026-10-06 13:42:12,actions-trading,Sim9,002820,seen,,f15ad381c5ea
14927180,2026-10-06 13:42:12,actions-trading,Sim9,007810,seen,,2548a41ed4f8
14927180,2026-10-06 13:42:12,actions-trading,Sim9,066575,seen,,9d339fba4280
14927180,2026-10-06 13:42:12,actions-trading,Sim9,018670,seen,,9e83cbbbd183
14927180,2026-10-06 13:42:12,actions-trading,Sim9,090460,seen,,138cf242afd2
14927180,2026-10-06 13:42:12,actions-trading,Sim9,020150,seen,,48f31c3d84fb
14927180,2026-10-06 13:42:12,actions-trading,Sim9,005690,seen,,0111c0255ed1
14927180,2026-10-06 13:42:12,actions-trading,Sim9,000155,seen,,bd803e181996
14927180,2026-10-06 13:42:12,actions-trading,Sim9,000760,seen,,4645571c880a
14927180,2026-10-06 13:42:12,actions-trading,Sim9,298020,seen,,1b5f91fb0f5b
14927180,2026-10-06 13:42:12,actions-trading,Sim9,063160,seen,,4921f110bc20
14927180,2026-10-06 13:42:12,actions-trading,Sim9,006405,seen,,92c3c59d1794
14927180,2026-10-06 13:42:12,actions-trading,Sim9,322000,seen,,38e5800d792d
14927180,2026-10-06 13:42:12,actions-trading,Sim9,001250,seen,,79e887f8b57a
14927180,2026-10-06 13:42:12,actions-trading,미너비니,192820,skip,below_pivot,9ba456531db7
14927180,2026-10-06 13:42:12,actions-trading,미너비니,443060,skip,below_pivot,197f4a73deaf
14927180,2026-10-06 13:42:12,actions-trading,Sim12,480370,skip,pb2_not_crashed,754bb5f109e0
14927180,2026-10-06 13:42:12,actions-trading,Sim12,003580,skip,pb2_not_crashed,f73bf18ca282
14927180,2026-10-06 13:42:12,actions-trading,Sim12,281820,skip,pb2_not_crashed,7e10714fd8d6
14927180,2026-10-06 13:42:12,actions-trading,Sim12,000020,skip,pb2_not_crashed,a624444d6db0
14927180,2026-10-06 13:42:12,actions-trading,Sim12,006110,skip,pb2_not_crashed,bcc2c90f9b2c
14927180,2026-10-06 13:42:12,actions-trading,Sim12,011070,skip,avoid_orgn_sell_high_per,2cd2038273a3
14927180,2026-10-06 13:42:12,actions-trading,Sim12,002710,skip,avoid_frgn_sell_20d,59eafad7ac87
14927180,2026-10-06 13:42:12,actions-trading,Sim12,008970,skip,pb2_not_crashed,1e8da45f0ca5
14927180,2026-10-06 13:42:12,actions-trading,Sim12,066970,skip,pb2_not_crashed,1dbf4a78163a
14927180,2026-10-06 13:42:12,actions-trading,Sim12,007660,skip,pb2_not_crashed,04d410597e1f
14927180,2026-10-06 13:42:12,actions-trading,Sim12,000150,skip,avoid_frgn_sell_20d,1952765b670b
14927180,2026-10-06 13:42:12,actions-trading,Sim12,006400,skip,pb2_not_crashed,d622d58d02e1
14927180,2026-10-06 13:42:12,actions-trading,Sim12,005030,skip,avoid_amount_dry,f386437b9c5b
14927180,2026-10-06 13:42:12,actions-trading,Sim12,066570,skip,pb2_not_crashed,2b31a3ddb707
14927180,2026-10-06 13:42:12,actions-trading,Sim12,000157,skip,pb2_thin_liquidity,b5fece057fcc
14927180,2026-10-06 13:42:12,actions-trading,Sim12,336370,skip,avoid_frgn_sell_20d,818ba7953ac0
14927180,2026-10-06 13:42:12,actions-trading,Sim12,002820,skip,avoid_deadcat,f15ad381c5ea
14927180,2026-10-06 13:42:12,actions-trading,Sim12,007810,skip,pb2_not_crashed,2548a41ed4f8
14927180,2026-10-06 13:42:12,actions-trading,Sim12,066575,skip,pb2_not_crashed,9d339fba4280
14927180,2026-10-06 13:42:12,actions-trading,Sim12,018670,skip,avoid_frgn_sell_20d,9e83cbbbd183
14927180,2026-10-06 13:42:12,actions-trading,Sim12,090460,skip,pb2_not_crashed,138cf242afd2
14927180,2026-10-06 13:42:12,actions-trading,Sim12,020150,skip,avoid_frgn_sell_20d,48f31c3d84fb
14927180,2026-10-06 13:42:12,actions-trading,Sim12,005690,skip,pb2_not_crashed,0111c0255ed1
14927180,2026-10-06 13:42:12,actions-trading,Sim12,000155,skip,pb2_thin_liquidity,bd803e181996
14927180,2026-10-06 13:42:12,actions-trading,Sim12,000760,skip,pb2_not_crashed,4645571c880a
14927180,2026-10-06 13:42:12,actions-trading,Sim12,298020,skip,avoid_orgn_sell_high_per,1b5f91fb0f5b
14927180,2026-10-06 13:42:12,actions-trading,Sim12,063160,skip,avoid_frgn_sell_20d,4921f110bc20
14927180,2026-10-06 13:42:12,actions-trading,Sim12,006405,skip,pb2_not_crashed,92c3c59d1794
14927180,2026-10-06 13:42:12,actions-trading,Sim12,322000,skip,pb2_not_crashed,38e5800d792d
14927180,2026-10-06 13:42:12,actions-trading,Sim12,001250,skip,pb2_not_crashed,79e887f8b57a
14927180,2026-10-06 13:42:12,actions-trading,Sim12,005110,skip,avoid_amount_dry,c47d7f451b4b
14927180,2026-10-06 13:42:12,actions-trading,Sim12,015260,skip,pb2_no_inst_buying,c2fe5a620638
14927180,2026-10-06 13:42:12,actions-trading,Sim12,020120,skip,pb2_not_crashed,0a135901d101
14927180,2026-10-06 13:42:12,actions-trading,Sim12,004920,skip,pb2_not_crashed,74122f6e741b
14927180,2026-10-06 13:42:12,actions-trading,Sim12,001525,skip,avoid_amount_dry,81205546f5c2
14927180,2026-10-06 13:42:12,actions-trading,Sim12,003010,skip,pb2_not_crashed,7942d1c29a4a
14927180,2026-10-06 13:42:12,actions-trading,Sim12,079550,skip,pb2_not_crashed,b4f49c0cb0b0
14927180,2026-10-06 13:42:12,actions-trading,Sim12,002870,skip,avoid_frgn_sell_20d,72fb4a14f4da
14927180,2026-10-06 13:42:12,actions-trading,Sim12,002785,skip,pb2_no_inst_buying,8f393f53ef85
14927180,2026-10-06 13:42:12,actions-trading,Sim12,014915,skip,pb2_not_crashed,6a49f6f7ba1f
14927180,2026-10-06 13:42:12,actions-trading,Sim12,003350,skip,avoid_amount_dry,47a8a3989efc
14927180,2026-10-06 13:42:12,actions-trading,Sim12,036570,skip,pb2_not_crashed,ce27dcff85a4
14927180,2026-10-06 13:42:12,actions-trading,Sim12,001380,skip,avoid_frgn_sell_20d,02e87f1301cf
14927180,2026-10-06 13:42:12,actions-trading,Sim12,044820,skip,avoid_frgn_sell_20d,58bd7deeac52
14927180,2026-10-06 13:42:12,actions-trading,Sim12,002787,skip,avoid_amount_dry,06a1b559f51b
14927180,2026-10-06 13:42:12,actions-trading,Sim12,003570,skip,avoid_frgn_sell_20d,5f344ba8c4eb
14927180,2026-10-06 13:42:12,actions-trading,Sim12,051630,skip,avoid_amount_dry,5edfb17a9d2d
14927180,2026-10-06 13:42:12,actions-trading,Sim12,084680,skip,avoid_frgn_sell_20d,63d611fe7539
14927180,2026-10-06 13:42:12,actions-trading,Sim12,465770,skip,avoid_amount_dry,393e8657535b
14927180,2026-10-06 13:42:12,actions-trading,Sim12,109070,skip,pb2_not_crashed,733fab6931e8
14927180,2026-10-06 13:42:12,actions-trading,Sim12,071950,skip,pb2_no_inst_buying,79b4965be8e6
14927180,2026-10-06 13:42:12,actions-trading,Sim12,443060,skip,avoid_amount_dry,197f4a73deaf
14927180,2026-10-06 13:42:12,actions-trading,Sim12,100840,skip,avoid_amount_dry,a4acb3d15a25
14927180,2026-10-06 13:42:12,actions-trading,Sim12,005880,skip,pb2_not_crashed,3a358ef34251
14927180,2026-10-06 13:42:12,actions-trading,Sim12,026960,skip,pb2_not_crashed,e9fae5dd05a1
14927180,2026-10-06 13:42:12,actions-trading,Sim12,027740,skip,avoid_frgn_sell_20d,19b43243db23
14927180,2026-10-06 13:42:12,actions-trading,Sim12,088790,skip,avoid_amount_dry,51c4bb7c866b
14927180,2026-10-06 13:42:12,actions-trading,Sim12,011300,skip,avoid_amount_dry,5a70741bdff0
14927180,2026-10-06 13:42:12,actions-trading,Sim12,010640,skip,avoid_amount_dry,ce8de8f86bb1
14927180,2026-10-06 13:42:12,actions-trading,Sim12,012450,skip,avoid_frgn_sell_20d,74ffabcaef34
14927180,2026-10-06 13:42:12,actions-trading,Sim13,480370,skip,no_frgn_support,754bb5f109e0
14927180,2026-10-06 13:42:12,actions-trading,Sim13,003580,skip,theme_momentum_weak,f73bf18ca282
14927180,2026-10-06 13:42:12,actions-trading,Sim13,281820,skip,no_frgn_support,7e10714fd8d6
14927180,2026-10-06 13:42:12,actions-trading,Sim13,000020,skip,theme_momentum_weak,a624444d6db0
14927180,2026-10-06 13:42:12,actions-trading,Sim13,006110,skip,theme_momentum_weak,bcc2c90f9b2c
14927180,2026-10-06 13:42:12,actions-trading,Sim13,011070,skip,theme_momentum_weak,2cd2038273a3
14927180,2026-10-06 13:42:12,actions-trading,Sim13,002710,skip,adx_weak,59eafad7ac87
14927180,2026-10-06 13:42:12,actions-trading,Sim13,008970,skip,adx_weak,1e8da45f0ca5
14927180,2026-10-06 13:42:12,actions-trading,Sim13,066970,skip,theme_momentum_weak,1dbf4a78163a
14927180,2026-10-06 13:42:12,actions-trading,Sim13,007660,skip,adx_weak,04d410597e1f
14927180,2026-10-06 13:42:12,actions-trading,Sim13,000150,skip,adx_weak,1952765b670b
14927180,2026-10-06 13:42:12,actions-trading,Sim13,006400,skip,theme_momentum_weak,d622d58d02e1
14927180,2026-10-06 13:42:12,actions-trading,Sim13,005030,skip,theme_momentum_weak,f386437b9c5b
14927180,2026-10-06 13:42:12,actions-trading,Sim13,066570,skip,theme_momentum_weak,2b31a3ddb707
14927180,2026-10-06 13:42:12,actions-trading,Sim13,000157,skip,theme_momentum_weak,b5fece057fcc
14927180,2026-10-06 13:42:12,actions-trading,Sim13,336370,skip,adx_weak,818ba7953ac0
14927180,2026-10-06 13:42:12,actions-trading,Sim13,002820,skip,theme_momentum_weak,f15ad381c5ea
14927180,2026-10-06 13:42:12,actions-trading,Sim13,007810,skip,amount_not_surprised,2548a41ed4f8
14927180,2026-10-06 13:42:12,actions-trading,Sim13,066575,skip,theme_momentum_weak,9d339fba4280
14927180,2026-10-06 13:42:12,actions-trading,Sim13,018670,skip,theme_momentum_weak,9e83cbbbd183
14927180,2026-10-06 13:42:12,actions-trading,Sim13,090460,skip,theme_momentum_weak,138cf242afd2
14927180,2026-10-06 13:42:12,actions-trading,Sim13,020150,skip,no_frgn_support,48f31c3d84fb
14927180,2026-10-06 13:42:12,actions-trading,Sim13,005690,skip,adx_weak,0111c0255ed1
14927180,2026-10-06 13:42:12,actions-trading,Sim13,000155,skip,theme_momentum_weak,bd803e181996
14927180,2026-10-06 13:42:12,actions-trading,Sim13,000760,skip,theme_momentum_weak,4645571c880a
14927180,2026-10-06 13:42:12,actions-trading,Sim13,298020,skip,theme_momentum_weak,1b5f91fb0f5b
14927180,2026-10-06 13:42:12,actions-trading,Sim13,063160,skip,theme_momentum_weak,4921f110bc20
14927180,2026-10-06 13:42:12,actions-trading,Sim13,006405,skip,theme_momentum_weak,92c3c59d1794
14927180,2026-10-06 13:42:12,actions-trading,Sim13,322000,skip,theme_momentum_weak,38e5800d792d
14927180,2026-10-06 13:42:12,actions-trading,Sim13,001250,skip,theme_momentum_weak,79e887f8b57a
14927180,2026-10-06 13:42:12,actions-trading,Sim14,_gate,skip,regime_blocked,e3b0c44298fc
14927180,2026-10-06 13:42:12,actions-trading,Sim15,_gate,skip,already_rebalanced,e3b0c44298fc
14927180,2026-10-06 13:42:12,actions-trading,Sim15,069500,seen,,f10b4e7ca48c
14927180,2026-10-06 13:42:12,actions-trading,Sim15,133690,seen,,cd287465cc88
14927180,2026-10-06 13:42:12,actions-trading,Sim15,148070,seen,,252a95b246d3
14927180,2026-10-06 13:42:12,actions-trading,Sim16,_gate,skip,already_rebalanced,e3b0c44298fc
14927180,2026-10-06 13:42:12,actions-trading,Sim16,122630,seen,,9e634b6457b9
14927180,2026-10-06 13:42:12,actions-trading,Sim16,418660,seen,,648fb09906f9
14927180,2026-10-06 13:42:12,actions-trading,Sim16,148070,seen,,252a95b246d3
14927181,2026-10-06 13:43:03,actions-trading,Sim3,402340,skip,qty_zero,257592fa33e9
14927181,2026-10-06 13:43:03,actions-trading,Sim3,383800,skip,amount,f27c5e89c593
14927181,2026-10-06 13:43:03,actions-trading,Sim3,462870,skip,amount,19ee880aeae4
14927181,2026-10-06 13:43:03,actions-trading,Sim3,000660,skip,qty_zero,4c348800ff12
14927181,2026-10-06 13:43:03,actions-trading,Sim3,071970,skip,cooldown,4298bf63e2a9
14927181,2026-10-06 13:43:03,actions-trading,Sim3,042700,skip,not_cheap,bf02d735bc35
14927181,2026-10-06 13:43:03,actions-trading,Sim3,326030,skip,cooldown,c1aec0f676c8
14927181,2026-10-06 13:43:03,actions-trading,Sim3,207940,skip,not_cheap,896e7feadc10
14927181,2026-10-06 13:43:03,actions-trading,Sim3,033920,skip,amount,777015227534
14927181,2026-10-06 13:43:03,actions-trading,Sim3,004770,skip,amount,0731dbbf19ed
14927181,2026-10-06 13:43:03,actions-trading,Sim3,0126Z0,skip,not_cheap,7f7d7175e218
14927181,2026-10-06 13:43:03,actions-trading,Sim3,062040,skip,not_cheap,e9b1d6ff8ba9
14927181,2026-10-06 13:43:03,actions-trading,Sim3,317450,skip,amount,e58fdc5b4341
14927181,2026-10-06 13:43:03,actions-trading,Sim3,026960,skip,amount,2c44d0ab3f1f
14927181,2026-10-06 13:43:03,actions-trading,Sim3,021820,skip,amount,f007d2bd0ad4
14927181,2026-10-06 13:43:03,actions-trading,Sim3,192080,skip,amount,177420e8e357
14927181,2026-10-06 13:43:03,actions-trading,Sim3,068270,skip,cooldown,a0226d93d444
14927181,2026-10-06 13:43:03,actions-trading,Sim3,123890,skip,amount,2d10943c6923
14927181,2026-10-06 13:43:03,actions-trading,Sim3,000240,skip,amount,aa9778178677
14927181,2026-10-06 13:43:03,actions-trading,Sim3,002380,skip,amount,da9858b350ff
14927181,2026-10-06 13:43:03,actions-trading,Sim3,009770,skip,amount,01a28af7b427
14927181,2026-10-06 13:43:03,actions-trading,Sim3,259960,skip,cooldown,248fbefee8fc
14927181,2026-10-06 13:43:03,actions-trading,Sim3,035250,skip,amount,f144cfb15c7f
14927181,2026-10-06 13:43:03,actions-trading,Sim3,383220,skip,amount,fd30809d2861
14927181,2026-10-06 13:43:03,actions-trading,Sim3,226320,skip,amount,6058908d144d
14927181,2026-10-06 13:43:03,actions-trading,Sim3,439260,skip,amount,51a8938aed70
14927181,2026-10-06 13:43:03,actions-trading,Sim3,025560,skip,cooldown,96bf1dabff60
14927181,2026-10-06 13:43:03,actions-trading,Sim3,007700,skip,amount,c5cf5ff191a7
14927181,2026-10-06 13:43:03,actions-trading,Sim3,278470,skip,not_cheap,2140d2e57b5d
14927181,2026-10-06 13:43:03,actions-trading,Sim3,000990,skip,not_cheap,546e10621df2
14927181,2026-10-06 13:43:45,actions-trading,MFHS2,018880,skip,max_holdings,e7efe301531e
14927181,2026-10-06 13:43:45,actions-trading,MFHS2,047040,seen,,a97a68817978
14927181,2026-10-06 13:43:45,actions-trading,MFHS2,007660,seen,,23782bd15318
14927181,2026-10-06 13:43:45,actions-trading,MFHS2,066570,seen,,07235691178b
14927181,2026-10-06 13:43:45,actions-trading,MFHS2,009190,seen,,b5bf18d4d8a5
14927181,2026-10-06 13:43:45,actions-trading,MFHS2,002710,seen,,526d0400fa24
14927181,2026-10-06 13:43:45,actions-trading,MFHS2,005690,seen,,60fe49252f09
14927181,2026-10-06 13:43:45,actions-trading,MFHS2,025560,seen,,5bd772b6069a
14927181,2026-10-06 13:43:45,actions-trading,MFHS2,005360,seen,,86d7167b1564
14927181,2026-10-06 13:43:45,actions-trading,MFHS2,009830,seen,,aaf00fb5f2d5
14927181,2026-10-06 13:43:45,actions-trading,MFHS2,006400,seen,,3fb11be163c3
14927181,2026-10-06 13:43:45,actions-trading,MFHS2,002700,seen,,bfe86cbcecbc
14927181,2026-10-06 13:43:45,actions-trading,MFHS2,279570,seen,,bf1565f83903
14927181,2026-10-06 13:43:45,actions-trading,MFHS2,138930,seen,,db7977f40c4c
14927181,2026-10-06 13:43:45,actions-trading,MFHS2,090460,seen,,ce1659c784eb
14927181,2026-10-06 13:43:45,actions-trading,MFHS2,009150,seen,,40b72ca62a64
14927181,2026-10-06 13:43:45,actions-trading,MFHS2,317400,seen,,fafd41ce6ffd
14927181,2026-10-06 13:43:45,actions-trading,MFHS2,460860,seen,,a32b798fe4e9
14927181,2026-10-06 13:43:45,actions-trading,MFHS2,006800,seen,,54b691fb5a25
14927181,2026-10-06 13:43:45,actions-trading,MFHS2,010120,seen,,c5eff3cd13fb
14927181,2026-10-06 13:43:45,actions-trading,MFHS2,011070,seen,,02ac3c4a35f1
14927181,2026-10-06 13:43:45,actions-trading,MFHS2,022100,seen,,7cecc85e3c50
14927181,2026-10-06 13:43:45,actions-trading,MFHS2,003620,seen,,86a483f52afa
14927181,2026-10-06 13:43:45,actions-trading,MFHS2,015260,seen,,608ce4fa5d6f
14927181,2026-10-06 13:43:45,actions-trading,MFHS2,452260,seen,,a1c4e43f5f18
14927181,2026-10-06 13:43:45,actions-trading,MFHS2,001230,seen,,29c5e17617dc
14927181,2026-10-06 13:43:45,actions-trading,MFHS2,066970,seen,,7966b55410dc
14927181,2026-10-06 13:43:45,actions-trading,MFHS2,066575,seen,,0708026be122
14927181,2026-10-06 13:43:45,actions-trading,MFHS2,004020,seen,,ecc65fb55c24
14927181,2026-10-06 13:43:45,actions-trading,MFHS2,002990,seen,,3f57435109ef
14927181,2026-10-06 13:43:46,actions-trading,상승모멘텀,480370,skip,adx_high,da9e9e2aa65f
14927181,2026-10-06 13:43:46,actions-trading,상승모멘텀,003580,skip,adx_high,4f515e7b5c50
14927181,2026-10-06 13:43:46,actions-trading,상승모멘텀,000020,skip,adx_low,d138c21f1294
14927181,2026-10-06 13:43:46,actions-trading,상승모멘텀,281820,skip,adx_high,6d971b94b0cc
14927181,2026-10-06 13:43:46,actions-trading,상승모멘텀,006110,skip,adx_high,e71d62617b5c
14927181,2026-10-06 13:43:46,actions-trading,상승모멘텀,011070,skip,adx_low,02ac3c4a35f1
14927181,2026-10-06 13:43:46,actions-trading,상승모멘텀,002710,skip,tick,526d0400fa24
14927181,2026-10-06 13:43:46,actions-trading,상승모멘텀,008970,skip,tick,0d560947ccba
14927181,2026-10-06 13:43:46,actions-trading,상승모멘텀,066970,skip,adx_low,7966b55410dc
14927181,2026-10-06 13:43:46,actions-trading,상승모멘텀,007660,skip,held_or_sold_today,23782bd15318
14927181,2026-10-06 13:43:46,actions-trading,상승모멘텀,000150,skip,adx_high,028c3a674d0d
14927181,2026-10-06 13:43:46,actions-trading,상승모멘텀,005030,skip,amount,f386437b9c5b
14927181,2026-10-06 13:43:46,actions-trading,상승모멘텀,006400,skip,adx_low,3fb11be163c3
14927181,2026-10-06 13:43:46,actions-trading,상승모멘텀,000157,skip,amount,65451c39d63a
14927181,2026-10-06 13:43:46,actions-trading,상승모멘텀,336370,skip,adx_high,5263ea02250e
14927181,2026-10-06 13:43:46,actions-trading,상승모멘텀,066570,skip,adx_low,07235691178b
14927181,2026-10-06 13:43:46,actions-trading,상승모멘텀,007810,skip,adx_high,ecf688f85329
14927181,2026-10-06 13:43:46,actions-trading,상승모멘텀,002820,skip,amount,6e8d2713e10c
14927181,2026-10-06 13:43:46,actions-trading,상승모멘텀,066575,skip,adx_high,0708026be122
14927181,2026-10-06 13:43:46,actions-trading,상승모멘텀,018670,skip,period,c29040c93137
14927181,2026-10-06 13:43:46,actions-trading,상승모멘텀,090460,skip,period,ce1659c784eb
14927181,2026-10-06 13:43:46,actions-trading,상승모멘텀,020150,skip,held_or_sold_today,8868729098e3
14927181,2026-10-06 13:43:46,actions-trading,상승모멘텀,298020,skip,adx_high,0027cd77c44b
14927181,2026-10-06 13:43:46,actions-trading,상승모멘텀,000760,skip,amount,4645571c880a
14927181,2026-10-06 13:43:46,actions-trading,상승모멘텀,005320,skip,amount,19517e9cdc6d
14927181,2026-10-06 13:43:46,actions-trading,상승모멘텀,005690,skip,period,60fe49252f09
14927181,2026-10-06 13:43:46,actions-trading,상승모멘텀,000155,skip,adx_high,d72f6ba69905
14927181,2026-10-06 13:43:46,actions-trading,상승모멘텀,322000,skip,adx_high,029086b9b6ea
14927181,2026-10-06 13:43:46,actions-trading,상승모멘텀,001250,skip,adx_high,870e0105f391
14927181,2026-10-06 13:43:46,actions-trading,상승모멘텀,063160,skip,amount,95f0b9d1f1a9
14927181,2026-10-06 13:43:46,actions-trading,Sim6,_gate,skip,already_rebalanced,e3b0c44298fc
14927181,2026-10-06 13:43:46,actions-trading,Sim6,069500,seen,,08d3957cf807
14927181,2026-10-06 13:43:46,actions-trading,Sim6,360750,seen,,102acc719681
14927181,2026-10-06 13:43:46,actions-trading,Sim6,148070,seen,,ce5182694fbf
14927181,2026-10-06 13:43:46,actions-trading,Sim6,411060,seen,,617d65c16d41
14927181,2026-10-06 13:43:46,actions-trading,Sim6,305080,seen,,dfacf7008f0f
14927181,2026-10-06 13:43:46,actions-trading,Sim6,357870,seen,,913defd8909b
14927181,2026-10-06 13:43:47,actions-trading,Sim4-1,480370,skip,adx_high,da9e9e2aa65f
14927181,2026-10-06 13:43:47,actions-trading,Sim4-1,003580,skip,adx_high,4f515e7b5c50
14927181,2026-10-06 13:43:47,actions-trading,Sim4-1,000020,skip,adx_low,d138c21f1294
14927181,2026-10-06 13:43:47,actions-trading,Sim4-1,281820,skip,adx_high,6d971b94b0cc
14927181,2026-10-06 13:43:47,actions-trading,Sim4-1,006110,skip,adx_high,e71d62617b5c
14927181,2026-10-06 13:43:47,actions-trading,Sim4-1,011070,skip,adx_low,02ac3c4a35f1
14927181,2026-10-06 13:43:47,actions-trading,Sim4-1,002710,skip,held_or_cooldown,526d0400fa24
14927181,2026-10-06 13:43:47,actions-trading,Sim4-1,008970,skip,held_or_cooldown,0d560947ccba
14927181,2026-10-06 13:43:47,actions-trading,Sim4-1,066970,skip,adx_low,7966b55410dc
14927181,2026-10-06 13:43:47,actions-trading,Sim4-1,007660,skip,held_or_cooldown,23782bd15318
14927181,2026-10-06 13:43:47,actions-trading,Sim4-1,000150,skip,adx_high,028c3a674d0d
14927181,2026-10-06 13:43:47,actions-trading,Sim4-1,005030,skip,amount,f386437b9c5b
14927181,2026-10-06 13:43:47,actions-trading,Sim4-1,006400,skip,adx_low,3fb11be163c3
14927181,2026-10-06 13:43:47,actions-trading,Sim4-1,000157,skip,amount,65451c39d63a
14927181,2026-10-06 13:43:47,actions-trading,Sim4-1,336370,skip,adx_high,5263ea02250e
14927181,2026-10-06 13:43:47,actions-trading,Sim4-1,066570,skip,adx_low,07235691178b
14927181,2026-10-06 13:43:47,actions-trading,Sim4-1,007810,skip,adx_high,ecf688f85329
14927181,2026-10-06 13:43:47,actions-trading,Sim4-1,002820,skip,amount,6e8d2713e10c
14927181,2026-10-06 13:43:47,actions-trading,Sim4-1,066575,skip,adx_high,0708026be122
14927181,2026-10-06 13:43:47,actions-trading,Sim4-1,018670,skip,period,c29040c93137
14927181,2026-10-06 13:43:47,actions-trading,Sim4-1,090460,skip,period,ce1659c784eb
14927181,2026-10-06 13:43:47,actions-trading,Sim4-1,020150,skip,held_or_cooldown,8868729098e3
14927181,2026-10-06 13:43:47,actions-trading,Sim4-1,298020,skip,adx_high,0027cd77c44b
14927181,2026-10-06 13:43:47,actions-trading,Sim4-1,000760,skip,amount,4645571c880a
14927181,2026-10-06 13:43:47,actions-trading,Sim4-1,005320,skip,amount,19517e9cdc6d
14927181,2026-10-06 13:43:47,actions-trading,Sim4-1,005690,skip,period,60fe49252f09
14927181,2026-10-06 13:43:47,actions-trading,Sim4-1,000155,skip,adx_high,d72f6ba69905
14927181,2026-10-06 13:43:47,actions-trading,Sim4-1,322000,skip,adx_high,029086b9b6ea
14927181,2026-10-06 13:43:47,actions-trading,Sim4-1,001250,skip,adx_high,870e0105f391
14927181,2026-10-06 13:43:47,actions-trading,Sim4-1,063160,skip,amount,95f0b9d1f1a9
14927181,2026-10-06 13:43:49,actions-trading,선행매집,018880,skip,below_anchor,e7efe301531e
14927181,2026-10-06 13:43:49,actions-trading,선행매집,047040,skip,below_anchor,a97a68817978
14927181,2026-10-06 13:43:49,actions-trading,선행매집,007660,skip,below_anchor,23782bd15318
14927181,2026-10-06 13:43:49,actions-trading,선행매집,066570,skip,below_anchor,07235691178b
14927181,2026-10-06 13:43:49,actions-trading,선행매집,002710,skip,below_anchor,526d0400fa24
14927181,2026-10-06 13:43:49,actions-trading,선행매집,006800,skip,below_anchor,54b691fb5a25
14927181,2026-10-06 13:43:49,actions-trading,선행매집,001250,skip,below_anchor,870e0105f391
14927181,2026-10-06 13:43:49,actions-trading,선행매집,009190,skip,below_anchor,b5bf18d4d8a5
14927181,2026-10-06 13:43:49,actions-trading,선행매집,005320,skip,amount,19517e9cdc6d
14927181,2026-10-06 13:43:49,actions-trading,선행매집,009830,skip,below_anchor,aaf00fb5f2d5
14927181,2026-10-06 13:43:49,actions-trading,선행매집,006400,skip,below_anchor,3fb11be163c3
14927181,2026-10-06 13:43:49,actions-trading,선행매집,005690,skip,below_anchor,60fe49252f09
14927181,2026-10-06 13:43:49,actions-trading,선행매집,025560,skip,below_anchor,5bd772b6069a
14927181,2026-10-06 13:43:49,actions-trading,선행매집,336370,skip,below_anchor,5263ea02250e
14927181,2026-10-06 13:43:49,actions-trading,선행매집,009150,skip,below_anchor,40b72ca62a64
14927181,2026-10-06 13:43:49,actions-trading,선행매집,005360,skip,amount,86d7167b1564
14927181,2026-10-06 13:43:49,actions-trading,선행매집,279570,skip,below_anchor,bf1565f83903
14927181,2026-10-06 13:43:49,actions-trading,선행매집,002700,skip,amount,bfe86cbcecbc
14927181,2026-10-06 13:43:49,actions-trading,선행매집,090460,skip,below_anchor,ce1659c784eb
14927181,2026-10-06 13:43:49,actions-trading,선행매집,011070,skip,below_anchor,02ac3c4a35f1
14927181,2026-10-06 13:43:49,actions-trading,선행매집,022100,skip,below_anchor,7cecc85e3c50
14927181,2026-10-06 13:43:49,actions-trading,선행매집,010120,skip,below_anchor,c5eff3cd13fb
14927181,2026-10-06 13:43:49,actions-trading,선행매집,192650,skip,sold_or_cooldown,aa6f99ec260d
14927181,2026-10-06 13:43:49,actions-trading,선행매집,138930,skip,below_anchor,db7977f40c4c
14927181,2026-10-06 13:43:49,actions-trading,선행매집,066970,skip,below_anchor,7966b55410dc
14927181,2026-10-06 13:43:49,actions-trading,선행매집,015760,skip,below_anchor,8d369d3edf8c
14927181,2026-10-06 13:43:49,actions-trading,선행매집,003620,skip,below_anchor,86a483f52afa
14927181,2026-10-06 13:43:49,actions-trading,선행매집,460860,skip,below_anchor,a32b798fe4e9
14927181,2026-10-06 13:43:49,actions-trading,선행매집,015260,skip,amount,608ce4fa5d6f
14927181,2026-10-06 13:43:49,actions-trading,선행매집,452260,skip,below_anchor,a1c4e43f5f18
14927181,2026-10-06 13:43:49,actions-trading,Sim9,_gate,skip,outside_entry_window,e3b0c44298fc
14927181,2026-10-06 13:43:49,actions-trading,Sim9,480370,seen,,da9e9e2aa65f
14927181,2026-10-06 13:43:49,actions-trading,Sim9,003580,seen,,4f515e7b5c50
14927181,2026-10-06 13:43:49,actions-trading,Sim9,000020,seen,,d138c21f1294
14927181,2026-10-06 13:43:49,actions-trading,Sim9,281820,seen,,6d971b94b0cc
14927181,2026-10-06 13:43:49,actions-trading,Sim9,006110,seen,,e71d62617b5c
14927181,2026-10-06 13:43:49,actions-trading,Sim9,011070,seen,,02ac3c4a35f1
14927181,2026-10-06 13:43:49,actions-trading,Sim9,002710,seen,,526d0400fa24
14927181,2026-10-06 13:43:49,actions-trading,Sim9,008970,seen,,0d560947ccba
14927181,2026-10-06 13:43:49,actions-trading,Sim9,066970,seen,,7966b55410dc
14927181,2026-10-06 13:43:49,actions-trading,Sim9,007660,seen,,23782bd15318
14927181,2026-10-06 13:43:49,actions-trading,Sim9,000150,seen,,028c3a674d0d
14927181,2026-10-06 13:43:49,actions-trading,Sim9,005030,seen,,f386437b9c5b
14927181,2026-10-06 13:43:49,actions-trading,Sim9,006400,seen,,3fb11be163c3
14927181,2026-10-06 13:43:49,actions-trading,Sim9,000157,seen,,65451c39d63a
14927181,2026-10-06 13:43:49,actions-trading,Sim9,336370,seen,,5263ea02250e
14927181,2026-10-06 13:43:49,actions-trading,Sim9,066570,seen,,07235691178b
14927181,2026-10-06 13:43:49,actions-trading,Sim9,007810,seen,,ecf688f85329
14927181,2026-10-06 13:43:49,actions-trading,Sim9,002820,seen,,6e8d2713e10c
14927181,2026-10-06 13:43:49,actions-trading,Sim9,066575,seen,,0708026be122
14927181,2026-10-06 13:43:49,actions-trading,Sim9,018670,seen,,c29040c93137
14927181,2026-10-06 13:43:49,actions-trading,Sim9,090460,seen,,ce1659c784eb
14927181,2026-10-06 13:43:49,actions-trading,Sim9,020150,seen,,8868729098e3
14927181,2026-10-06 13:43:49,actions-trading,Sim9,298020,seen,,0027cd77c44b
14927181,2026-10-06 13:43:49,actions-trading,Sim9,000760,seen,,4645571c880a
14927181,2026-10-06 13:43:49,actions-trading,Sim9,005320,seen,,19517e9cdc6d
14927181,2026-10-06 13:43:49,actions-trading,Sim9,005690,seen,,60fe49252f09
14927181,2026-10-06 13:43:49,actions-trading,Sim9,000155,seen,,d72f6ba69905
14927181,2026-10-06 13:43:49,actions-trading,Sim9,322000,seen,,029086b9b6ea
14927181,2026-10-06 13:43:49,actions-trading,Sim9,001250,seen,,870e0105f391
14927181,2026-10-06 13:43:49,actions-trading,Sim9,063160,seen,,95f0b9d1f1a9
14927181,2026-10-06 13:43:49,actions-trading,미너비니,192820,skip,below_pivot,db5e7dd4b391
14927181,2026-10-06 13:43:49,actions-trading,미너비니,443060,skip,below_pivot,6c8f8bb80dc7
14927181,2026-10-06 13:43:49,actions-trading,Sim12,480370,skip,pb2_not_crashed,da9e9e2aa65f
14927181,2026-10-06 13:43:49,actions-trading,Sim12,003580,skip,pb2_not_crashed,4f515e7b5c50
14927181,2026-10-06 13:43:49,actions-trading,Sim12,000020,skip,pb2_not_crashed,d138c21f1294
14927181,2026-10-06 13:43:49,actions-trading,Sim12,281820,skip,pb2_not_crashed,6d971b94b0cc
14927181,2026-10-06 13:43:49,actions-trading,Sim12,006110,skip,pb2_not_crashed,e71d62617b5c
14927181,2026-10-06 13:43:49,actions-trading,Sim12,011070,skip,avoid_orgn_sell_high_per,02ac3c4a35f1
14927181,2026-10-06 13:43:49,actions-trading,Sim12,002710,skip,avoid_frgn_sell_20d,526d0400fa24
14927181,2026-10-06 13:43:49,actions-trading,Sim12,008970,skip,pb2_not_crashed,0d560947ccba
14927181,2026-10-06 13:43:49,actions-trading,Sim12,066970,skip,pb2_not_crashed,7966b55410dc
14927181,2026-10-06 13:43:49,actions-trading,Sim12,007660,skip,pb2_not_crashed,23782bd15318
14927181,2026-10-06 13:43:49,actions-trading,Sim12,000150,skip,avoid_frgn_sell_20d,028c3a674d0d
14927181,2026-10-06 13:43:49,actions-trading,Sim12,005030,skip,avoid_amount_dry,f386437b9c5b
14927181,2026-10-06 13:43:49,actions-trading,Sim12,006400,skip,pb2_not_crashed,3fb11be163c3
14927181,2026-10-06 13:43:49,actions-trading,Sim12,000157,skip,pb2_thin_liquidity,65451c39d63a
14927181,2026-10-06 13:43:49,actions-trading,Sim12,336370,skip,avoid_frgn_sell_20d,5263ea02250e
14927181,2026-10-06 13:43:49,actions-trading,Sim12,066570,skip,pb2_not_crashed,07235691178b
14927181,2026-10-06 13:43:49,actions-trading,Sim12,007810,skip,pb2_not_crashed,ecf688f85329
14927181,2026-10-06 13:43:49,actions-trading,Sim12,002820,skip,avoid_deadcat,6e8d2713e10c
14927181,2026-10-06 13:43:49,actions-trading,Sim12,066575,skip,pb2_not_crashed,0708026be122
14927181,2026-10-06 13:43:49,actions-trading,Sim12,018670,skip,avoid_frgn_sell_20d,c29040c93137
14927181,2026-10-06 13:43:49,actions-trading,Sim12,090460,skip,pb2_not_crashed,ce1659c784eb
14927181,2026-10-06 13:43:49,actions-trading,Sim12,020150,skip,avoid_frgn_sell_20d,8868729098e3
14927181,2026-10-06 13:43:49,actions-trading,Sim12,298020,skip,avoid_orgn_sell_high_per,0027cd77c44b
14927181,2026-10-06 13:43:49,actions-trading,Sim12,000760,skip,pb2_not_crashed,4645571c880a
14927181,2026-10-06 13:43:49,actions-trading,Sim12,005320,skip,pb2_not_crashed,19517e9cdc6d
14927181,2026-10-06 13:43:49,actions-trading,Sim12,005690,skip,pb2_not_crashed,60fe49252f09
14927181,2026-10-06 13:43:49,actions-trading,Sim12,000155,skip,pb2_thin_liquidity,d72f6ba69905
14927181,2026-10-06 13:43:49,actions-trading,Sim12,322000,skip,pb2_not_crashed,029086b9b6ea
14927181,2026-10-06 13:43:49,actions-trading,Sim12,001250,skip,pb2_not_crashed,870e0105f391
14927181,2026-10-06 13:43:49,actions-trading,Sim12,063160,skip,avoid_frgn_sell_20d,95f0b9d1f1a9
14927181,2026-10-06 13:43:49,actions-trading,Sim12,005110,skip,avoid_amount_dry,c47d7f451b4b
14927181,2026-10-06 13:43:49,actions-trading,Sim12,015260,skip,pb2_no_inst_buying,608ce4fa5d6f
14927181,2026-10-06 13:43:49,actions-trading,Sim12,020120,skip,pb2_not_crashed,bf5e210902fe
14927181,2026-10-06 13:43:49,actions-trading,Sim12,004920,skip,pb2_not_crashed,e762e202657c
14927181,2026-10-06 13:43:49,actions-trading,Sim12,001525,skip,avoid_amount_dry,81205546f5c2
14927181,2026-10-06 13:43:49,actions-trading,Sim12,003010,skip,pb2_not_crashed,4dabe1f52d4a
14927181,2026-10-06 13:43:49,actions-trading,Sim12,079550,skip,pb2_not_crashed,6be8cddae3c3
14927181,2026-10-06 13:43:49,actions-trading,Sim12,002870,skip,avoid_frgn_sell_20d,72fb4a14f4da
14927181,2026-10-06 13:43:49,actions-trading,Sim12,002785,skip,pb2_no_inst_buying,8f393f53ef85
14927181,2026-10-06 13:43:49,actions-trading,Sim12,014915,skip,pb2_not_crashed,6a49f6f7ba1f
14927181,2026-10-06 13:43:49,actions-trading,Sim12,044820,skip,avoid_frgn_sell_20d,a53a2aa5078a
14927181,2026-10-06 13:43:49,actions-trading,Sim12,003350,skip,avoid_amount_dry,1e19bb2a0d6e
14927181,2026-10-06 13:43:49,actions-trading,Sim12,001380,skip,avoid_frgn_sell_20d,eddfa295a1da
14927181,2026-10-06 13:43:49,actions-trading,Sim12,036570,skip,pb2_not_crashed,9bb126f5bfc3
14927181,2026-10-06 13:43:49,actions-trading,Sim12,002787,skip,avoid_amount_dry,06a1b559f51b
14927181,2026-10-06 13:43:49,actions-trading,Sim12,051630,skip,avoid_amount_dry,39ea17281c30
14927181,2026-10-06 13:43:49,actions-trading,Sim12,003570,skip,avoid_frgn_sell_20d,18b0ad7bc54a
14927181,2026-10-06 13:43:49,actions-trading,Sim12,084680,skip,avoid_frgn_sell_20d,10b70ae37106
14927181,2026-10-06 13:43:49,actions-trading,Sim12,465770,skip,avoid_amount_dry,ab1467a7178d
14927181,2026-10-06 13:43:49,actions-trading,Sim12,109070,skip,pb2_not_crashed,ab5af030d608
14927181,2026-10-06 13:43:49,actions-trading,Sim12,071950,skip,pb2_no_inst_buying,79b4965be8e6
14927181,2026-10-06 13:43:49,actions-trading,Sim12,443060,skip,avoid_amount_dry,6c8f8bb80dc7
14927181,2026-10-06 13:43:49,actions-trading,Sim12,005880,skip,pb2_not_crashed,5601efd4a7c3
14927181,2026-10-06 13:43:49,actions-trading,Sim12,100840,skip,avoid_amount_dry,8d98b90ded6d
14927181,2026-10-06 13:43:49,actions-trading,Sim12,026960,skip,pb2_not_crashed,e6a75fc395e5
14927181,2026-10-06 13:43:49,actions-trading,Sim12,027740,skip,avoid_frgn_sell_20d,41f71a3a7c14
14927181,2026-10-06 13:43:49,actions-trading,Sim12,088790,skip,avoid_amount_dry,cfb860b41bae
14927181,2026-10-06 13:43:49,actions-trading,Sim12,011300,skip,avoid_amount_dry,5a70741bdff0
14927181,2026-10-06 13:43:49,actions-trading,Sim12,001527,skip,avoid_amount_dry,0a62090de076
14927181,2026-10-06 13:43:49,actions-trading,Sim12,064350,skip,avoid_frgn_sell_20d,9b6fb9f2be6c
14927181,2026-10-06 13:43:49,actions-trading,Sim13,480370,skip,no_frgn_support,da9e9e2aa65f
14927181,2026-10-06 13:43:49,actions-trading,Sim13,003580,skip,theme_momentum_weak,4f515e7b5c50
14927181,2026-10-06 13:43:49,actions-trading,Sim13,000020,skip,theme_momentum_weak,d138c21f1294
14927181,2026-10-06 13:43:49,actions-trading,Sim13,281820,skip,no_frgn_support,6d971b94b0cc
14927181,2026-10-06 13:43:49,actions-trading,Sim13,006110,skip,theme_momentum_weak,e71d62617b5c
14927181,2026-10-06 13:43:49,actions-trading,Sim13,011070,skip,theme_momentum_weak,02ac3c4a35f1
14927181,2026-10-06 13:43:49,actions-trading,Sim13,002710,skip,adx_weak,526d0400fa24
14927181,2026-10-06 13:43:49,actions-trading,Sim13,008970,skip,adx_weak,0d560947ccba
14927181,2026-10-06 13:43:49,actions-trading,Sim13,066970,skip,theme_momentum_weak,7966b55410dc
14927181,2026-10-06 13:43:49,actions-trading,Sim13,007660,skip,adx_weak,23782bd15318
14927181,2026-10-06 13:43:49,actions-trading,Sim13,000150,skip,adx_weak,028c3a674d0d
14927181,2026-10-06 13:43:49,actions-trading,Sim13,005030,skip,theme_momentum_weak,f386437b9c5b
14927181,2026-10-06 13:43:49,actions-trading,Sim13,006400,skip,theme_momentum_weak,3fb11be163c3
14927181,2026-10-06 13:43:49,actions-trading,Sim13,000157,skip,theme_momentum_weak,65451c39d63a
14927181,2026-10-06 13:43:49,actions-trading,Sim13,336370,skip,adx_weak,5263ea02250e
14927181,2026-10-06 13:43:49,actions-trading,Sim13,066570,skip,theme_momentum_weak,07235691178b
14927181,2026-10-06 13:43:49,actions-trading,Sim13,007810,skip,amount_not_surprised,ecf688f85329
14927181,2026-10-06 13:43:49,actions-trading,Sim13,002820,skip,theme_momentum_weak,6e8d2713e10c
14927181,2026-10-06 13:43:49,actions-trading,Sim13,066575,skip,theme_momentum_weak,0708026be122
14927181,2026-10-06 13:43:49,actions-trading,Sim13,018670,skip,theme_momentum_weak,c29040c93137
14927181,2026-10-06 13:43:49,actions-trading,Sim13,090460,skip,theme_momentum_weak,ce1659c784eb
14927181,2026-10-06 13:43:49,actions-trading,Sim13,020150,skip,no_frgn_support,8868729098e3
14927181,2026-10-06 13:43:49,actions-trading,Sim13,298020,skip,theme_momentum_weak,0027cd77c44b
14927181,2026-10-06 13:43:49,actions-trading,Sim13,000760,skip,theme_momentum_weak,4645571c880a
14927181,2026-10-06 13:43:49,actions-trading,Sim13,005320,skip,adx_weak,19517e9cdc6d
14927181,2026-10-06 13:43:49,actions-trading,Sim13,005690,skip,adx_weak,60fe49252f09
14927181,2026-10-06 13:43:49,actions-trading,Sim13,000155,skip,theme_momentum_weak,d72f6ba69905
14927181,2026-10-06 13:43:49,actions-trading,Sim13,322000,skip,theme_momentum_weak,029086b9b6ea
14927181,2026-10-06 13:43:49,actions-trading,Sim13,001250,skip,theme_momentum_weak,870e0105f391
14927181,2026-10-06 13:43:49,actions-trading,Sim13,063160,skip,theme_momentum_weak,95f0b9d1f1a9
14927181,2026-10-06 13:43:49,actions-trading,Sim14,_gate,skip,regime_blocked,e3b0c44298fc
14927181,2026-10-06 13:43:49,actions-trading,Sim15,_gate,skip,already_rebalanced,e3b0c44298fc
14927181,2026-10-06 13:43:49,actions-trading,Sim15,069500,seen,,08d3957cf807
14927181,2026-10-06 13:43:49,actions-trading,Sim15,133690,seen,,42954d4b6476
14927181,2026-10-06 13:43:49,actions-trading,Sim15,148070,seen,,ce5182694fbf
14927181,2026-10-06 13:43:49,actions-trading,Sim16,_gate,skip,already_rebalanced,e3b0c44298fc
14927181,2026-10-06 13:43:49,actions-trading,Sim16,122630,seen,,4f8fd787f00b
14927181,2026-10-06 13:43:49,actions-trading,Sim16,418660,seen,,127f0d4c5c7d
14927181,2026-10-06 13:43:49,actions-trading,Sim16,148070,seen,,ce5182694fbf
14927182,2026-10-06 13:45:09,actions-trading,Sim3,402340,skip,qty_zero,d4dbab026723
14927182,2026-10-06 13:45:09,actions-trading,Sim3,383800,skip,amount,d3d746093fd1
14927182,2026-10-06 13:45:09,actions-trading,Sim3,462870,skip,amount,f772aed4af11
14927182,2026-10-06 13:45:09,actions-trading,Sim3,000660,skip,qty_zero,73fecca35d44
14927182,2026-10-06 13:45:09,actions-trading,Sim3,071970,skip,cooldown,2eba5e2ec800
14927182,2026-10-06 13:45:09,actions-trading,Sim3,042700,skip,not_cheap,07639daddcee
14927182,2026-10-06 13:45:09,actions-trading,Sim3,326030,skip,cooldown,8c3d8abb895d
14927182,2026-10-06 13:45:09,actions-trading,Sim3,207940,skip,not_cheap,73df11262854
14927182,2026-10-06 13:45:09,actions-trading,Sim3,033920,skip,amount,777015227534
14927182,2026-10-06 13:45:09,actions-trading,Sim3,004770,skip,amount,cba3b7819a85
14927182,2026-10-06 13:45:09,actions-trading,Sim3,0126Z0,skip,not_cheap,c20777919342
14927182,2026-10-06 13:45:09,actions-trading,Sim3,062040,skip,not_cheap,64a1136c2453
14927182,2026-10-06 13:45:09,actions-trading,Sim3,317450,skip,amount,ba0132fb6866
14927182,2026-10-06 13:45:09,actions-trading,Sim3,026960,skip,amount,1ecf5fb7a53e
14927182,2026-10-06 13:45:09,actions-trading,Sim3,021820,skip,amount,f007d2bd0ad4
14927182,2026-10-06 13:45:09,actions-trading,Sim3,192080,skip,amount,3f3b33e6e5db
14927182,2026-10-06 13:45:09,actions-trading,Sim3,068270,skip,cooldown,bc2e3958eb3e
14927182,2026-10-06 13:45:09,actions-trading,Sim3,123890,skip,amount,683f0e07d1df
14927182,2026-10-06 13:45:09,actions-trading,Sim3,000240,skip,amount,925d01938019
14927182,2026-10-06 13:45:09,actions-trading,Sim3,002380,skip,amount,6ddfd14d86c7
14927182,2026-10-06 13:45:09,actions-trading,Sim3,009770,skip,amount,860ccffb5a7b
14927182,2026-10-06 13:45:09,actions-trading,Sim3,259960,skip,cooldown,8047f6a6e95d
14927182,2026-10-06 13:45:09,actions-trading,Sim3,035250,skip,amount,e79b885c5e94
14927182,2026-10-06 13:45:09,actions-trading,Sim3,383220,skip,amount,9fafbbc6a5a6
14927182,2026-10-06 13:45:09,actions-trading,Sim3,226320,skip,amount,6d9bec02e13a
14927182,2026-10-06 13:45:09,actions-trading,Sim3,439260,skip,amount,12cd638e8117
14927182,2026-10-06 13:45:09,actions-trading,Sim3,025560,skip,cooldown,ab67a0ab69dd
14927182,2026-10-06 13:45:09,actions-trading,Sim3,007700,skip,amount,c5cf5ff191a7
14927182,2026-10-06 13:45:09,actions-trading,Sim3,278470,skip,not_cheap,7894da9ac62e
14927182,2026-10-06 13:45:09,actions-trading,Sim3,000990,skip,not_cheap,a8caa1a49555
14927182,2026-10-06 13:45:48,actions-trading,MFHS2,018880,skip,max_holdings,ca25f9dc3d0f
14927182,2026-10-06 13:45:48,actions-trading,MFHS2,047040,seen,,780ed971538c
14927182,2026-10-06 13:45:48,actions-trading,MFHS2,007660,seen,,f9dbcf371812
14927182,2026-10-06 13:45:48,actions-trading,MFHS2,066570,seen,,cb97408c15ff
14927182,2026-10-06 13:45:48,actions-trading,MFHS2,009190,seen,,9d7ed9d70793
14927182,2026-10-06 13:45:48,actions-trading,MFHS2,002710,seen,,e25fdb2126c9
14927182,2026-10-06 13:45:48,actions-trading,MFHS2,005690,seen,,1d6b9cc22643
14927182,2026-10-06 13:45:48,actions-trading,MFHS2,025560,seen,,381c81a787e1
14927182,2026-10-06 13:45:48,actions-trading,MFHS2,005360,seen,,be52d1bf374f
14927182,2026-10-06 13:45:48,actions-trading,MFHS2,009830,seen,,1b2670a77a8d
14927182,2026-10-06 13:45:48,actions-trading,MFHS2,006400,seen,,94d3c05d77cd
14927182,2026-10-06 13:45:48,actions-trading,MFHS2,002700,seen,,71b8f7b18c48
14927182,2026-10-06 13:45:48,actions-trading,MFHS2,279570,seen,,27139d3c6cd8
14927182,2026-10-06 13:45:48,actions-trading,MFHS2,138930,seen,,08cb5fc70eb7
14927182,2026-10-06 13:45:48,actions-trading,MFHS2,090460,seen,,8a484fc4704e
14927182,2026-10-06 13:45:48,actions-trading,MFHS2,009150,seen,,10f59bedbc7f
14927182,2026-10-06 13:45:48,actions-trading,MFHS2,317400,seen,,4aa272e0ce96
14927182,2026-10-06 13:45:48,actions-trading,MFHS2,460860,seen,,f3828d0f6fb4
14927182,2026-10-06 13:45:48,actions-trading,MFHS2,006800,seen,,5ace121cb901
14927182,2026-10-06 13:45:48,actions-trading,MFHS2,010120,seen,,7dde54f2e4df
14927182,2026-10-06 13:45:48,actions-trading,MFHS2,011070,seen,,1aa73645265a
14927182,2026-10-06 13:45:48,actions-trading,MFHS2,022100,seen,,9aa1520576e8
14927182,2026-10-06 13:45:48,actions-trading,MFHS2,003620,seen,,d9ac596f5c38
14927182,2026-10-06 13:45:48,actions-trading,MFHS2,015260,seen,,815078b88877
14927182,2026-10-06 13:45:48,actions-trading,MFHS2,452260,seen,,d8ad1361c578
14927182,2026-10-06 13:45:48,actions-trading,MFHS2,001230,seen,,9892974e20d1
14927182,2026-10-06 13:45:48,actions-trading,MFHS2,066970,seen,,bd88ef3fc6ea
14927182,2026-10-06 13:45:48,actions-trading,MFHS2,066575,seen,,62c9365b11b3
14927182,2026-10-06 13:45:48,actions-trading,MFHS2,004020,seen,,2ee5265a060d
14927182,2026-10-06 13:45:48,actions-trading,MFHS2,002990,seen,,a1654571aeee
14927182,2026-10-06 13:45:49,actions-trading,상승모멘텀,480370,skip,adx_high,fd13ab33fbb6
14927182,2026-10-06 13:45:49,actions-trading,상승모멘텀,003580,skip,adx_high,4992ad08233b
14927182,2026-10-06 13:45:49,actions-trading,상승모멘텀,281820,skip,adx_high,f1d68e2610a3
14927182,2026-10-06 13:45:49,actions-trading,상승모멘텀,006110,skip,adx_high,54dabf94e0c9
14927182,2026-10-06 13:45:49,actions-trading,상승모멘텀,000020,skip,adx_low,d0bc88bcd82e
14927182,2026-10-06 13:45:49,actions-trading,상승모멘텀,011070,skip,adx_low,1aa73645265a
14927182,2026-10-06 13:45:49,actions-trading,상승모멘텀,002710,skip,tick,e25fdb2126c9
14927182,2026-10-06 13:45:49,actions-trading,상승모멘텀,008970,skip,tick,6d0a4b256098
14927182,2026-10-06 13:45:49,actions-trading,상승모멘텀,007660,skip,held_or_sold_today,f9dbcf371812
14927182,2026-10-06 13:45:49,actions-trading,상승모멘텀,066970,skip,adx_low,bd88ef3fc6ea
14927182,2026-10-06 13:45:49,actions-trading,상승모멘텀,000150,skip,adx_high,4b1c330df75a
14927182,2026-10-06 13:45:49,actions-trading,상승모멘텀,066570,skip,adx_low,cb97408c15ff
14927182,2026-10-06 13:45:49,actions-trading,상승모멘텀,006400,skip,adx_low,94d3c05d77cd
14927182,2026-10-06 13:45:49,actions-trading,상승모멘텀,005030,skip,amount,f386437b9c5b
14927182,2026-10-06 13:45:49,actions-trading,상승모멘텀,000157,skip,amount,65451c39d63a
14927182,2026-10-06 13:45:49,actions-trading,상승모멘텀,066575,skip,adx_high,62c9365b11b3
14927182,2026-10-06 13:45:49,actions-trading,상승모멘텀,002820,skip,amount,e574c7436d70
14927182,2026-10-06 13:45:49,actions-trading,상승모멘텀,007810,skip,adx_high,587e68085e03
14927182,2026-10-06 13:45:49,actions-trading,상승모멘텀,090460,skip,period,8a484fc4704e
14927182,2026-10-06 13:45:49,actions-trading,상승모멘텀,018670,skip,period,e9f400a2fac5
14927182,2026-10-06 13:45:49,actions-trading,상승모멘텀,336370,skip,adx_high,985b1121c77e
14927182,2026-10-06 13:45:49,actions-trading,상승모멘텀,020150,skip,held_or_sold_today,9a8a5af8ff2b
14927182,2026-10-06 13:45:49,actions-trading,상승모멘텀,000760,skip,amount,4645571c880a
14927182,2026-10-06 13:45:49,actions-trading,상승모멘텀,322000,skip,adx_high,1491c46d0b9c
14927182,2026-10-06 13:45:49,actions-trading,상승모멘텀,001250,skip,adx_high,db62c56dc4f6
14927182,2026-10-06 13:45:49,actions-trading,상승모멘텀,005320,skip,amount,19517e9cdc6d
14927182,2026-10-06 13:45:49,actions-trading,상승모멘텀,298020,skip,adx_high,21ab68baa1a5
14927182,2026-10-06 13:45:49,actions-trading,상승모멘텀,000155,skip,adx_high,94772c2160dc
14927182,2026-10-06 13:45:49,actions-trading,상승모멘텀,005690,skip,period,1d6b9cc22643
14927182,2026-10-06 13:45:49,actions-trading,상승모멘텀,084010,skip,amount,2d1515ca0bde
14927182,2026-10-06 13:45:49,actions-trading,Sim6,_gate,skip,already_rebalanced,e3b0c44298fc
14927182,2026-10-06 13:45:49,actions-trading,Sim6,069500,seen,,8112e322ca83
14927182,2026-10-06 13:45:49,actions-trading,Sim6,360750,seen,,f7f1877dce1f
14927182,2026-10-06 13:45:49,actions-trading,Sim6,148070,seen,,ce5182694fbf
14927182,2026-10-06 13:45:49,actions-trading,Sim6,411060,seen,,cfebede0fe3a
14927182,2026-10-06 13:45:49,actions-trading,Sim6,305080,seen,,c4a568127368
14927182,2026-10-06 13:45:49,actions-trading,Sim6,357870,seen,,8e6e350d71df
14927182,2026-10-06 13:45:50,actions-trading,Sim4-1,480370,skip,adx_high,fd13ab33fbb6
14927182,2026-10-06 13:45:50,actions-trading,Sim4-1,003580,skip,adx_high,4992ad08233b
14927182,2026-10-06 13:45:50,actions-trading,Sim4-1,281820,skip,adx_high,f1d68e2610a3
14927182,2026-10-06 13:45:50,actions-trading,Sim4-1,006110,skip,adx_high,54dabf94e0c9
14927182,2026-10-06 13:45:50,actions-trading,Sim4-1,000020,skip,adx_low,d0bc88bcd82e
14927182,2026-10-06 13:45:50,actions-trading,Sim4-1,011070,skip,adx_low,1aa73645265a
14927182,2026-10-06 13:45:50,actions-trading,Sim4-1,002710,skip,held_or_cooldown,e25fdb2126c9
14927182,2026-10-06 13:45:50,actions-trading,Sim4-1,008970,skip,held_or_cooldown,6d0a4b256098
14927182,2026-10-06 13:45:50,actions-trading,Sim4-1,007660,skip,held_or_cooldown,f9dbcf371812
14927182,2026-10-06 13:45:50,actions-trading,Sim4-1,066970,skip,adx_low,bd88ef3fc6ea
14927182,2026-10-06 13:45:50,actions-trading,Sim4-1,000150,skip,adx_high,4b1c330df75a
14927182,2026-10-06 13:45:50,actions-trading,Sim4-1,066570,skip,adx_low,cb97408c15ff
14927182,2026-10-06 13:45:50,actions-trading,Sim4-1,006400,skip,adx_low,94d3c05d77cd
14927182,2026-10-06 13:45:50,actions-trading,Sim4-1,005030,skip,amount,f386437b9c5b
14927182,2026-10-06 13:45:50,actions-trading,Sim4-1,000157,skip,amount,65451c39d63a
14927182,2026-10-06 13:45:50,actions-trading,Sim4-1,066575,skip,adx_high,62c9365b11b3
14927182,2026-10-06 13:45:50,actions-trading,Sim4-1,002820,skip,amount,e574c7436d70
14927182,2026-10-06 13:45:50,actions-trading,Sim4-1,007810,skip,adx_high,587e68085e03
14927182,2026-10-06 13:45:50,actions-trading,Sim4-1,090460,skip,period,8a484fc4704e
14927182,2026-10-06 13:45:50,actions-trading,Sim4-1,018670,skip,period,e9f400a2fac5
14927182,2026-10-06 13:45:50,actions-trading,Sim4-1,336370,skip,adx_high,985b1121c77e
14927182,2026-10-06 13:45:50,actions-trading,Sim4-1,020150,skip,held_or_cooldown,9a8a5af8ff2b
14927182,2026-10-06 13:45:50,actions-trading,Sim4-1,000760,skip,amount,4645571c880a
14927182,2026-10-06 13:45:50,actions-trading,Sim4-1,322000,skip,adx_high,1491c46d0b9c
14927182,2026-10-06 13:45:50,actions-trading,Sim4-1,001250,skip,adx_high,db62c56dc4f6
14927182,2026-10-06 13:45:50,actions-trading,Sim4-1,005320,skip,amount,19517e9cdc6d
14927182,2026-10-06 13:45:50,actions-trading,Sim4-1,298020,skip,adx_high,21ab68baa1a5
14927182,2026-10-06 13:45:50,actions-trading,Sim4-1,000155,skip,adx_high,94772c2160dc
14927182,2026-10-06 13:45:50,actions-trading,Sim4-1,005690,skip,period,1d6b9cc22643
14927182,2026-10-06 13:45:50,actions-trading,Sim4-1,084010,skip,amount,2d1515ca0bde
14927182,2026-10-06 13:45:52,actions-trading,선행매집,018880,skip,below_anchor,ca25f9dc3d0f
14927182,2026-10-06 13:45:52,actions-trading,선행매집,047040,skip,below_anchor,780ed971538c
14927182,2026-10-06 13:45:52,actions-trading,선행매집,007660,skip,below_anchor,f9dbcf371812
14927182,2026-10-06 13:45:52,actions-trading,선행매집,066570,skip,below_anchor,cb97408c15ff
14927182,2026-10-06 13:45:52,actions-trading,선행매집,002710,skip,below_anchor,e25fdb2126c9
14927182,2026-10-06 13:45:52,actions-trading,선행매집,006800,skip,below_anchor,5ace121cb901
14927182,2026-10-06 13:45:52,actions-trading,선행매집,001250,skip,below_anchor,db62c56dc4f6
14927182,2026-10-06 13:45:52,actions-trading,선행매집,009190,skip,below_anchor,9d7ed9d70793
14927182,2026-10-06 13:45:52,actions-trading,선행매집,005320,skip,amount,19517e9cdc6d
14927182,2026-10-06 13:45:52,actions-trading,선행매집,009830,skip,below_anchor,1b2670a77a8d
14927182,2026-10-06 13:45:52,actions-trading,선행매집,006400,skip,below_anchor,94d3c05d77cd
14927182,2026-10-06 13:45:52,actions-trading,선행매집,005690,skip,below_anchor,1d6b9cc22643
14927182,2026-10-06 13:45:52,actions-trading,선행매집,025560,skip,below_anchor,381c81a787e1
14927182,2026-10-06 13:45:52,actions-trading,선행매집,336370,skip,below_anchor,985b1121c77e
14927182,2026-10-06 13:45:52,actions-trading,선행매집,009150,skip,below_anchor,10f59bedbc7f
14927182,2026-10-06 13:45:52,actions-trading,선행매집,005360,skip,amount,be52d1bf374f
14927182,2026-10-06 13:45:52,actions-trading,선행매집,279570,skip,below_anchor,27139d3c6cd8
14927182,2026-10-06 13:45:52,actions-trading,선행매집,002700,skip,amount,71b8f7b18c48
14927182,2026-10-06 13:45:52,actions-trading,선행매집,090460,skip,below_anchor,8a484fc4704e
14927182,2026-10-06 13:45:52,actions-trading,선행매집,011070,skip,below_anchor,1aa73645265a
14927182,2026-10-06 13:45:52,actions-trading,선행매집,022100,skip,below_anchor,9aa1520576e8
14927182,2026-10-06 13:45:52,actions-trading,선행매집,010120,skip,below_anchor,7dde54f2e4df
14927182,2026-10-06 13:45:52,actions-trading,선행매집,192650,skip,sold_or_cooldown,88baa803a7ca
14927182,2026-10-06 13:45:52,actions-trading,선행매집,138930,skip,below_anchor,08cb5fc70eb7
14927182,2026-10-06 13:45:52,actions-trading,선행매집,066970,skip,below_anchor,bd88ef3fc6ea
14927182,2026-10-06 13:45:52,actions-trading,선행매집,015760,skip,below_anchor,6f712d1ae473
14927182,2026-10-06 13:45:52,actions-trading,선행매집,003620,skip,below_anchor,d9ac596f5c38
14927182,2026-10-06 13:45:52,actions-trading,선행매집,460860,skip,below_anchor,f3828d0f6fb4
14927182,2026-10-06 13:45:52,actions-trading,선행매집,015260,skip,amount,815078b88877
14927182,2026-10-06 13:45:52,actions-trading,선행매집,452260,skip,below_anchor,d8ad1361c578
14927182,2026-10-06 13:45:52,actions-trading,Sim9,_gate,skip,outside_entry_window,e3b0c44298fc
14927182,2026-10-06 13:45:52,actions-trading,Sim9,480370,seen,,fd13ab33fbb6
14927182,2026-10-06 13:45:52,actions-trading,Sim9,003580,seen,,4992ad08233b
14927182,2026-10-06 13:45:52,actions-trading,Sim9,281820,seen,,f1d68e2610a3
14927182,2026-10-06 13:45:52,actions-trading,Sim9,006110,seen,,54dabf94e0c9
14927182,2026-10-06 13:45:52,actions-trading,Sim9,000020,seen,,d0bc88bcd82e
14927182,2026-10-06 13:45:52,actions-trading,Sim9,011070,seen,,1aa73645265a
14927182,2026-10-06 13:45:52,actions-trading,Sim9,002710,seen,,e25fdb2126c9
14927182,2026-10-06 13:45:52,actions-trading,Sim9,008970,seen,,6d0a4b256098
14927182,2026-10-06 13:45:52,actions-trading,Sim9,007660,seen,,f9dbcf371812
14927182,2026-10-06 13:45:52,actions-trading,Sim9,066970,seen,,bd88ef3fc6ea
14927182,2026-10-06 13:45:52,actions-trading,Sim9,000150,seen,,4b1c330df75a
14927182,2026-10-06 13:45:52,actions-trading,Sim9,066570,seen,,cb97408c15ff
14927182,2026-10-06 13:45:52,actions-trading,Sim9,006400,seen,,94d3c05d77cd
14927182,2026-10-06 13:45:52,actions-trading,Sim9,005030,seen,,f386437b9c5b
14927182,2026-10-06 13:45:52,actions-trading,Sim9,000157,seen,,65451c39d63a
14927182,2026-10-06 13:45:52,actions-trading,Sim9,066575,seen,,62c9365b11b3
14927182,2026-10-06 13:45:52,actions-trading,Sim9,002820,seen,,e574c7436d70
14927182,2026-10-06 13:45:52,actions-trading,Sim9,007810,seen,,587e68085e03
14927182,2026-10-06 13:45:52,actions-trading,Sim9,090460,seen,,8a484fc4704e
14927182,2026-10-06 13:45:52,actions-trading,Sim9,018670,seen,,e9f400a2fac5
14927182,2026-10-06 13:45:52,actions-trading,Sim9,336370,seen,,985b1121c77e
14927182,2026-10-06 13:45:52,actions-trading,Sim9,020150,seen,,9a8a5af8ff2b
14927182,2026-10-06 13:45:52,actions-trading,Sim9,000760,seen,,4645571c880a
14927182,2026-10-06 13:45:52,actions-trading,Sim9,322000,seen,,1491c46d0b9c
14927182,2026-10-06 13:45:52,actions-trading,Sim9,001250,seen,,db62c56dc4f6
14927182,2026-10-06 13:45:52,actions-trading,Sim9,005320,seen,,19517e9cdc6d
14927182,2026-10-06 13:45:52,actions-trading,Sim9,298020,seen,,21ab68baa1a5
14927182,2026-10-06 13:45:52,actions-trading,Sim9,000155,seen,,94772c2160dc
14927182,2026-10-06 13:45:52,actions-trading,Sim9,005690,seen,,1d6b9cc22643
14927182,2026-10-06 13:45:52,actions-trading,Sim9,084010,seen,,2d1515ca0bde
14927182,2026-10-06 13:45:52,actions-trading,미너비니,192820,skip,below_pivot,c4dd9bdcb607
14927182,2026-10-06 13:45:52,actions-trading,미너비니,443060,skip,below_pivot,38737b02eb37
14927182,2026-10-06 13:45:52,actions-trading,Sim12,480370,skip,pb2_not_crashed,fd13ab33fbb6
14927182,2026-10-06 13:45:52,actions-trading,Sim12,003580,skip,pb2_not_crashed,4992ad08233b
14927182,2026-10-06 13:45:52,actions-trading,Sim12,281820,skip,pb2_not_crashed,f1d68e2610a3
14927182,2026-10-06 13:45:52,actions-trading,Sim12,006110,skip,pb2_not_crashed,54dabf94e0c9
14927182,2026-10-06 13:45:52,actions-trading,Sim12,000020,skip,pb2_not_crashed,d0bc88bcd82e
14927182,2026-10-06 13:45:52,actions-trading,Sim12,011070,skip,avoid_orgn_sell_high_per,1aa73645265a
14927182,2026-10-06 13:45:52,actions-trading,Sim12,002710,skip,avoid_frgn_sell_20d,e25fdb2126c9
14927182,2026-10-06 13:45:52,actions-trading,Sim12,008970,skip,pb2_not_crashed,6d0a4b256098
14927182,2026-10-06 13:45:52,actions-trading,Sim12,007660,skip,pb2_not_crashed,f9dbcf371812
14927182,2026-10-06 13:45:52,actions-trading,Sim12,066970,skip,pb2_not_crashed,bd88ef3fc6ea
14927182,2026-10-06 13:45:52,actions-trading,Sim12,000150,skip,avoid_frgn_sell_20d,4b1c330df75a
14927182,2026-10-06 13:45:52,actions-trading,Sim12,066570,skip,pb2_not_crashed,cb97408c15ff
14927182,2026-10-06 13:45:52,actions-trading,Sim12,006400,skip,pb2_not_crashed,94d3c05d77cd
14927182,2026-10-06 13:45:52,actions-trading,Sim12,005030,skip,avoid_amount_dry,f386437b9c5b
14927182,2026-10-06 13:45:52,actions-trading,Sim12,000157,skip,pb2_thin_liquidity,65451c39d63a
14927182,2026-10-06 13:45:52,actions-trading,Sim12,066575,skip,pb2_not_crashed,62c9365b11b3
14927182,2026-10-06 13:45:52,actions-trading,Sim12,002820,skip,avoid_deadcat,e574c7436d70
14927182,2026-10-06 13:45:52,actions-trading,Sim12,007810,skip,pb2_not_crashed,587e68085e03
14927182,2026-10-06 13:45:52,actions-trading,Sim12,090460,skip,pb2_not_crashed,8a484fc4704e
14927182,2026-10-06 13:45:52,actions-trading,Sim12,018670,skip,avoid_frgn_sell_20d,e9f400a2fac5
14927182,2026-10-06 13:45:52,actions-trading,Sim12,336370,skip,avoid_frgn_sell_20d,985b1121c77e
14927182,2026-10-06 13:45:52,actions-trading,Sim12,020150,skip,avoid_frgn_sell_20d,9a8a5af8ff2b
14927182,2026-10-06 13:45:52,actions-trading,Sim12,000760,skip,pb2_not_crashed,4645571c880a
14927182,2026-10-06 13:45:52,actions-trading,Sim12,322000,skip,pb2_not_crashed,1491c46d0b9c
14927182,2026-10-06 13:45:52,actions-trading,Sim12,001250,skip,pb2_not_crashed,db62c56dc4f6
14927182,2026-10-06 13:45:52,actions-trading,Sim12,005320,skip,pb2_not_crashed,19517e9cdc6d
14927182,2026-10-06 13:45:52,actions-trading,Sim12,298020,skip,avoid_orgn_sell_high_per,21ab68baa1a5
14927182,2026-10-06 13:45:52,actions-trading,Sim12,000155,skip,pb2_thin_liquidity,94772c2160dc
14927182,2026-10-06 13:45:52,actions-trading,Sim12,005690,skip,pb2_not_crashed,1d6b9cc22643
14927182,2026-10-06 13:45:52,actions-trading,Sim12,084010,skip,avoid_frgn_sell_20d,2d1515ca0bde
14927182,2026-10-06 13:45:52,actions-trading,Sim12,005110,skip,avoid_amount_dry,c47d7f451b4b
14927182,2026-10-06 13:45:52,actions-trading,Sim12,015260,skip,pb2_no_inst_buying,815078b88877
14927182,2026-10-06 13:45:52,actions-trading,Sim12,020120,skip,pb2_not_crashed,6d93d0b40a39
14927182,2026-10-06 13:45:52,actions-trading,Sim12,004920,skip,pb2_not_crashed,1fcc2314394f
14927182,2026-10-06 13:45:52,actions-trading,Sim12,001525,skip,avoid_amount_dry,81205546f5c2
14927182,2026-10-06 13:45:52,actions-trading,Sim12,003010,skip,pb2_not_crashed,08d4f784cd29
14927182,2026-10-06 13:45:52,actions-trading,Sim12,002870,skip,avoid_frgn_sell_20d,eeb7059337e9
14927182,2026-10-06 13:45:52,actions-trading,Sim12,079550,skip,pb2_not_crashed,ebd44ca1fac8
14927182,2026-10-06 13:45:52,actions-trading,Sim12,051630,skip,avoid_amount_dry,0e2575220869
14927182,2026-10-06 13:45:52,actions-trading,Sim12,036570,skip,pb2_not_crashed,43c98c34508f
14927182,2026-10-06 13:45:52,actions-trading,Sim12,002785,skip,pb2_no_inst_buying,8f393f53ef85
14927182,2026-10-06 13:45:52,actions-trading,Sim12,014915,skip,pb2_not_crashed,6a49f6f7ba1f
14927182,2026-10-06 13:45:52,actions-trading,Sim12,044820,skip,avoid_frgn_sell_20d,a53a2aa5078a
14927182,2026-10-06 13:45:52,actions-trading,Sim12,003350,skip,avoid_amount_dry,f065f618aae9
14927182,2026-10-06 13:45:52,actions-trading,Sim12,001380,skip,avoid_frgn_sell_20d,049bc27fd061
14927182,2026-10-06 13:45:52,actions-trading,Sim12,002787,skip,avoid_amount_dry,01129d6b524d
14927182,2026-10-06 13:45:52,actions-trading,Sim12,003570,skip,avoid_frgn_sell_20d,a0745fc66ddd
14927182,2026-10-06 13:45:52,actions-trading,Sim12,084680,skip,avoid_frgn_sell_20d,10b70ae37106
14927182,2026-10-06 13:45:52,actions-trading,Sim12,465770,skip,avoid_amount_dry,51f2adc83cb7
14927182,2026-10-06 13:45:52,actions-trading,Sim12,109070,skip,pb2_not_crashed,acfede422eed
14927182,2026-10-06 13:45:52,actions-trading,Sim12,443060,skip,avoid_amount_dry,38737b02eb37
14927182,2026-10-06 13:45:52,actions-trading,Sim12,071950,skip,pb2_no_inst_buying,37d610622267
14927182,2026-10-06 13:45:52,actions-trading,Sim12,100840,skip,avoid_amount_dry,3996fff71fdd
14927182,2026-10-06 13:45:52,actions-trading,Sim12,005880,skip,pb2_not_crashed,7dc01b330a1b
14927182,2026-10-06 13:45:52,actions-trading,Sim12,026960,skip,pb2_not_crashed,7d32ad9662b8
14927182,2026-10-06 13:45:52,actions-trading,Sim12,027740,skip,avoid_frgn_sell_20d,41f71a3a7c14
14927182,2026-10-06 13:45:52,actions-trading,Sim12,103140,skip,pb2_not_crashed,77315907fb95
14927182,2026-10-06 13:45:52,actions-trading,Sim12,088790,skip,avoid_amount_dry,c9116870ca42
14927182,2026-10-06 13:45:52,actions-trading,Sim12,009190,skip,pb2_no_inst_buying,9d7ed9d70793
14927182,2026-10-06 13:45:52,actions-trading,Sim12,011300,skip,avoid_amount_dry,5a70741bdff0
14927182,2026-10-06 13:45:52,actions-trading,Sim13,480370,skip,no_frgn_support,fd13ab33fbb6
14927182,2026-10-06 13:45:52,actions-trading,Sim13,003580,skip,theme_momentum_weak,4992ad08233b
14927182,2026-10-06 13:45:52,actions-trading,Sim13,281820,skip,no_frgn_support,f1d68e2610a3
14927182,2026-10-06 13:45:52,actions-trading,Sim13,006110,skip,theme_momentum_weak,54dabf94e0c9
14927182,2026-10-06 13:45:52,actions-trading,Sim13,000020,skip,theme_momentum_weak,d0bc88bcd82e
14927182,2026-10-06 13:45:52,actions-trading,Sim13,011070,skip,theme_momentum_weak,1aa73645265a
14927182,2026-10-06 13:45:52,actions-trading,Sim13,002710,skip,adx_weak,e25fdb2126c9
14927182,2026-10-06 13:45:52,actions-trading,Sim13,008970,skip,adx_weak,6d0a4b256098
14927182,2026-10-06 13:45:52,actions-trading,Sim13,007660,skip,adx_weak,f9dbcf371812
14927182,2026-10-06 13:45:52,actions-trading,Sim13,066970,skip,theme_momentum_weak,bd88ef3fc6ea
14927182,2026-10-06 13:45:52,actions-trading,Sim13,000150,skip,adx_weak,4b1c330df75a
14927182,2026-10-06 13:45:52,actions-trading,Sim13,066570,skip,theme_momentum_weak,cb97408c15ff
14927182,2026-10-06 13:45:52,actions-trading,Sim13,006400,skip,theme_momentum_weak,94d3c05d77cd
14927182,2026-10-06 13:45:52,actions-trading,Sim13,005030,skip,theme_momentum_weak,f386437b9c5b
14927182,2026-10-06 13:45:52,actions-trading,Sim13,000157,skip,theme_momentum_weak,65451c39d63a
14927182,2026-10-06 13:45:52,actions-trading,Sim13,066575,skip,theme_momentum_weak,62c9365b11b3
14927182,2026-10-06 13:45:52,actions-trading,Sim13,002820,skip,theme_momentum_weak,e574c7436d70
14927182,2026-10-06 13:45:52,actions-trading,Sim13,007810,skip,amount_not_surprised,587e68085e03
14927182,2026-10-06 13:45:52,actions-trading,Sim13,090460,skip,theme_momentum_weak,8a484fc4704e
14927182,2026-10-06 13:45:52,actions-trading,Sim13,018670,skip,theme_momentum_weak,e9f400a2fac5
14927182,2026-10-06 13:45:52,actions-trading,Sim13,336370,skip,adx_weak,985b1121c77e
14927182,2026-10-06 13:45:52,actions-trading,Sim13,020150,skip,no_frgn_support,9a8a5af8ff2b
14927182,2026-10-06 13:45:52,actions-trading,Sim13,000760,skip,theme_momentum_weak,4645571c880a
14927182,2026-10-06 13:45:52,actions-trading,Sim13,322000,skip,theme_momentum_weak,1491c46d0b9c
14927182,2026-10-06 13:45:52,actions-trading,Sim13,001250,skip,theme_momentum_weak,db62c56dc4f6
14927182,2026-10-06 13:45:52,actions-trading,Sim13,005320,skip,adx_weak,19517e9cdc6d
14927182,2026-10-06 13:45:52,actions-trading,Sim13,298020,skip,theme_momentum_weak,21ab68baa1a5
14927182,2026-10-06 13:45:52,actions-trading,Sim13,000155,skip,theme_momentum_weak,94772c2160dc
14927182,2026-10-06 13:45:52,actions-trading,Sim13,005690,skip,adx_weak,1d6b9cc22643
14927182,2026-10-06 13:45:52,actions-trading,Sim13,084010,skip,theme_momentum_weak,2d1515ca0bde
14927182,2026-10-06 13:45:52,actions-trading,Sim14,_gate,skip,regime_blocked,e3b0c44298fc
14927182,2026-10-06 13:45:52,actions-trading,Sim15,_gate,skip,already_rebalanced,e3b0c44298fc
14927182,2026-10-06 13:45:52,actions-trading,Sim15,069500,seen,,8112e322ca83
14927182,2026-10-06 13:45:52,actions-trading,Sim15,133690,seen,,eafce04028bc
14927182,2026-10-06 13:45:52,actions-trading,Sim15,148070,seen,,ce5182694fbf
14927182,2026-10-06 13:45:52,actions-trading,Sim16,_gate,skip,already_rebalanced,e3b0c44298fc
14927182,2026-10-06 13:45:52,actions-trading,Sim16,122630,seen,,8115809a5ef1
14927182,2026-10-06 13:45:52,actions-trading,Sim16,418660,seen,,2a54a1dd5b05
14927182,2026-10-06 13:45:52,actions-trading,Sim16,148070,seen,,ce5182694fbf
14927183,2026-10-06 13:46:57,actions-trading,Sim3,402340,skip,qty_zero,86fdea3a5dc9
14927183,2026-10-06 13:46:57,actions-trading,Sim3,383800,skip,amount,b11620d2f554
14927183,2026-10-06 13:46:57,actions-trading,Sim3,462870,skip,amount,b4225457fa33
14927183,2026-10-06 13:46:57,actions-trading,Sim3,000660,skip,qty_zero,24c6855ff621
14927183,2026-10-06 13:46:57,actions-trading,Sim3,071970,skip,cooldown,6f4d6f153966
14927183,2026-10-06 13:46:57,actions-trading,Sim3,042700,skip,not_cheap,26eea604f062
14927183,2026-10-06 13:46:57,actions-trading,Sim3,326030,skip,cooldown,cacdbb59c49c
14927183,2026-10-06 13:46:57,actions-trading,Sim3,207940,skip,not_cheap,168f0ac9a89c
14927183,2026-10-06 13:46:57,actions-trading,Sim3,033920,skip,amount,777015227534
14927183,2026-10-06 13:46:57,actions-trading,Sim3,004770,skip,amount,53cf7570698f
14927183,2026-10-06 13:46:57,actions-trading,Sim3,0126Z0,skip,not_cheap,7aed15ffe2fd
14927183,2026-10-06 13:46:57,actions-trading,Sim3,062040,skip,not_cheap,875eac4080c5
14927183,2026-10-06 13:46:57,actions-trading,Sim3,317450,skip,amount,16de42b20889
14927183,2026-10-06 13:46:57,actions-trading,Sim3,026960,skip,amount,c9e0867cb347
14927183,2026-10-06 13:46:57,actions-trading,Sim3,021820,skip,amount,f007d2bd0ad4
14927183,2026-10-06 13:46:57,actions-trading,Sim3,192080,skip,amount,07ca49885733
14927183,2026-10-06 13:46:57,actions-trading,Sim3,068270,skip,cooldown,ba89621e274e
14927183,2026-10-06 13:46:57,actions-trading,Sim3,123890,skip,amount,8a90da5aaa63
14927183,2026-10-06 13:46:57,actions-trading,Sim3,000240,skip,amount,4a187e6a12a5
14927183,2026-10-06 13:46:57,actions-trading,Sim3,002380,skip,amount,1ada5d06ad25
14927183,2026-10-06 13:46:57,actions-trading,Sim3,009770,skip,amount,65f50820cb1b
14927183,2026-10-06 13:46:57,actions-trading,Sim3,259960,skip,cooldown,f1b27e1d926b
14927183,2026-10-06 13:46:57,actions-trading,Sim3,035250,skip,amount,9055b81670ca
14927183,2026-10-06 13:46:57,actions-trading,Sim3,383220,skip,amount,1e7e1d3f1ca0
14927183,2026-10-06 13:46:57,actions-trading,Sim3,226320,skip,amount,3dd0249d5e89
14927183,2026-10-06 13:46:57,actions-trading,Sim3,439260,skip,amount,93b2cf732c71
14927183,2026-10-06 13:46:57,actions-trading,Sim3,025560,skip,cooldown,a2c1bbe88770
14927183,2026-10-06 13:46:57,actions-trading,Sim3,007700,skip,amount,c5cf5ff191a7
14927183,2026-10-06 13:46:57,actions-trading,Sim3,278470,skip,not_cheap,8b3c8a266e67
14927183,2026-10-06 13:46:57,actions-trading,Sim3,000990,skip,not_cheap,98cdce3803d2
14927183,2026-10-06 13:47:34,actions-trading,MFHS2,018880,skip,max_holdings,9869a6fd453b
14927183,2026-10-06 13:47:34,actions-trading,MFHS2,047040,seen,,718fe0bf37e9
14927183,2026-10-06 13:47:34,actions-trading,MFHS2,007660,seen,,eb29ec20f041
14927183,2026-10-06 13:47:34,actions-trading,MFHS2,066570,seen,,b882debc9fc8
14927183,2026-10-06 13:47:34,actions-trading,MFHS2,009190,seen,,9303387457be
14927183,2026-10-06 13:47:34,actions-trading,MFHS2,002710,seen,,56f7abccc058
14927183,2026-10-06 13:47:34,actions-trading,MFHS2,005690,seen,,5b68eefbfa68
14927183,2026-10-06 13:47:34,actions-trading,MFHS2,025560,seen,,2dee6b41c650
14927183,2026-10-06 13:47:34,actions-trading,MFHS2,005360,seen,,1a0e1045eb1c
14927183,2026-10-06 13:47:34,actions-trading,MFHS2,009830,seen,,5cf7df9fe51d
14927183,2026-10-06 13:47:34,actions-trading,MFHS2,006400,seen,,e0f85145e7e0
14927183,2026-10-06 13:47:34,actions-trading,MFHS2,002700,seen,,2643bc3ef595
14927183,2026-10-06 13:47:34,actions-trading,MFHS2,279570,seen,,fe106119ddd6
14927183,2026-10-06 13:47:34,actions-trading,MFHS2,138930,seen,,9feeedce27bb
14927183,2026-10-06 13:47:34,actions-trading,MFHS2,090460,seen,,489f5a0de901
14927183,2026-10-06 13:47:34,actions-trading,MFHS2,009150,seen,,b24344b4694d
14927183,2026-10-06 13:47:34,actions-trading,MFHS2,317400,seen,,2031d68b4097
14927183,2026-10-06 13:47:34,actions-trading,MFHS2,460860,seen,,5bf22379e649
14927183,2026-10-06 13:47:34,actions-trading,MFHS2,006800,seen,,b148621a317f
14927183,2026-10-06 13:47:34,actions-trading,MFHS2,010120,seen,,54afb936b0e3
14927183,2026-10-06 13:47:34,actions-trading,MFHS2,011070,seen,,c7aeafea00b5
14927183,2026-10-06 13:47:34,actions-trading,MFHS2,022100,seen,,721e21d732c8
14927183,2026-10-06 13:47:34,actions-trading,MFHS2,003620,seen,,90138a5f9307
14927183,2026-10-06 13:47:34,actions-trading,MFHS2,015260,seen,,65c7a62e920b
14927183,2026-10-06 13:47:34,actions-trading,MFHS2,452260,seen,,ae4fa88c05fd
14927183,2026-10-06 13:47:34,actions-trading,MFHS2,001230,seen,,9892974e20d1
14927183,2026-10-06 13:47:34,actions-trading,MFHS2,066970,seen,,9a2c58e19846
14927183,2026-10-06 13:47:34,actions-trading,MFHS2,066575,seen,,ce487118da2a
14927183,2026-10-06 13:47:34,actions-trading,MFHS2,004020,seen,,f4d838e00a98
14927183,2026-10-06 13:47:34,actions-trading,MFHS2,002990,seen,,0d4432de8dec
14927183,2026-10-06 13:47:35,actions-trading,상승모멘텀,480370,skip,adx_high,e893f3975e35
14927183,2026-10-06 13:47:35,actions-trading,상승모멘텀,003580,skip,adx_high,809680910447
14927183,2026-10-06 13:47:35,actions-trading,상승모멘텀,281820,skip,adx_high,8611f273552a
14927183,2026-10-06 13:47:35,actions-trading,상승모멘텀,006110,skip,adx_high,5222fdf098dd
14927183,2026-10-06 13:47:35,actions-trading,상승모멘텀,000020,skip,adx_low,af63de849100
14927183,2026-10-06 13:47:35,actions-trading,상승모멘텀,011070,skip,adx_low,c7aeafea00b5
14927183,2026-10-06 13:47:35,actions-trading,상승모멘텀,002710,skip,tick,56f7abccc058
14927183,2026-10-06 13:47:35,actions-trading,상승모멘텀,008970,skip,tick,32bae5662206
14927183,2026-10-06 13:47:35,actions-trading,상승모멘텀,007660,skip,held_or_sold_today,eb29ec20f041
14927183,2026-10-06 13:47:35,actions-trading,상승모멘텀,066970,skip,adx_low,9a2c58e19846
14927183,2026-10-06 13:47:35,actions-trading,상승모멘텀,066570,skip,adx_low,b882debc9fc8
14927183,2026-10-06 13:47:35,actions-trading,상승모멘텀,000150,skip,adx_high,a031250588ae
14927183,2026-10-06 13:47:35,actions-trading,상승모멘텀,006400,skip,adx_low,e0f85145e7e0
14927183,2026-10-06 13:47:35,actions-trading,상승모멘텀,005030,skip,amount,f386437b9c5b
14927183,2026-10-06 13:47:35,actions-trading,상승모멘텀,066575,skip,adx_high,ce487118da2a
14927183,2026-10-06 13:47:35,actions-trading,상승모멘텀,002820,skip,amount,11462c3bdd55
14927183,2026-10-06 13:47:35,actions-trading,상승모멘텀,007810,skip,adx_high,cce6480134f4
14927183,2026-10-06 13:47:35,actions-trading,상승모멘텀,090460,skip,period,489f5a0de901
14927183,2026-10-06 13:47:35,actions-trading,상승모멘텀,000157,skip,amount,ef8a94340ba4
14927183,2026-10-06 13:47:35,actions-trading,상승모멘텀,018670,skip,period,68479010d572
14927183,2026-10-06 13:47:35,actions-trading,상승모멘텀,336370,skip,adx_high,b98e341becfd
14927183,2026-10-06 13:47:35,actions-trading,상승모멘텀,298020,skip,adx_high,bba90b1e09bc
14927183,2026-10-06 13:47:35,actions-trading,상승모멘텀,020150,skip,held_or_sold_today,aa0bcc328b1a
14927183,2026-10-06 13:47:35,actions-trading,상승모멘텀,000760,skip,amount,4645571c880a
14927183,2026-10-06 13:47:35,actions-trading,상승모멘텀,005320,skip,amount,19517e9cdc6d
14927183,2026-10-06 13:47:35,actions-trading,상승모멘텀,084010,skip,amount,f40821231874
14927183,2026-10-06 13:47:35,actions-trading,상승모멘텀,000155,skip,adx_high,dd49f7b567c1
14927183,2026-10-06 13:47:35,actions-trading,상승모멘텀,005690,skip,period,5b68eefbfa68
14927183,2026-10-06 13:47:35,actions-trading,상승모멘텀,322000,skip,adx_high,f69412701106
14927183,2026-10-06 13:47:35,actions-trading,상승모멘텀,006405,skip,amount,80da04c3c1b1
14927183,2026-10-06 13:47:35,actions-trading,Sim6,_gate,skip,already_rebalanced,e3b0c44298fc
14927183,2026-10-06 13:47:35,actions-trading,Sim6,069500,seen,,bc2faa9f7185
14927183,2026-10-06 13:47:35,actions-trading,Sim6,360750,seen,,3b6847cefb59
14927183,2026-10-06 13:47:35,actions-trading,Sim6,148070,seen,,0fea078a5b90
14927183,2026-10-06 13:47:35,actions-trading,Sim6,411060,seen,,fd068d046080
14927183,2026-10-06 13:47:35,actions-trading,Sim6,305080,seen,,93efcd09481f
14927183,2026-10-06 13:47:35,actions-trading,Sim6,357870,seen,,2294095de056
14927183,2026-10-06 13:47:36,actions-trading,Sim4-1,480370,skip,adx_high,e893f3975e35
14927183,2026-10-06 13:47:36,actions-trading,Sim4-1,003580,skip,adx_high,809680910447
14927183,2026-10-06 13:47:36,actions-trading,Sim4-1,281820,skip,adx_high,8611f273552a
14927183,2026-10-06 13:47:36,actions-trading,Sim4-1,006110,skip,adx_high,5222fdf098dd
14927183,2026-10-06 13:47:36,actions-trading,Sim4-1,000020,skip,adx_low,af63de849100
14927183,2026-10-06 13:47:36,actions-trading,Sim4-1,011070,skip,adx_low,c7aeafea00b5
14927183,2026-10-06 13:47:36,actions-trading,Sim4-1,002710,skip,held_or_cooldown,56f7abccc058
14927183,2026-10-06 13:47:36,actions-trading,Sim4-1,008970,skip,held_or_cooldown,32bae5662206
14927183,2026-10-06 13:47:36,actions-trading,Sim4-1,007660,skip,held_or_cooldown,eb29ec20f041
14927183,2026-10-06 13:47:36,actions-trading,Sim4-1,066970,skip,adx_low,9a2c58e19846
14927183,2026-10-06 13:47:36,actions-trading,Sim4-1,066570,skip,adx_low,b882debc9fc8
14927183,2026-10-06 13:47:36,actions-trading,Sim4-1,000150,skip,adx_high,a031250588ae
14927183,2026-10-06 13:47:36,actions-trading,Sim4-1,006400,skip,adx_low,e0f85145e7e0
14927183,2026-10-06 13:47:36,actions-trading,Sim4-1,005030,skip,amount,f386437b9c5b
14927183,2026-10-06 13:47:36,actions-trading,Sim4-1,066575,skip,adx_high,ce487118da2a
14927183,2026-10-06 13:47:36,actions-trading,Sim4-1,002820,skip,amount,11462c3bdd55
14927183,2026-10-06 13:47:36,actions-trading,Sim4-1,007810,skip,adx_high,cce6480134f4
14927183,2026-10-06 13:47:36,actions-trading,Sim4-1,090460,skip,period,489f5a0de901
14927183,2026-10-06 13:47:36,actions-trading,Sim4-1,000157,skip,amount,ef8a94340ba4
14927183,2026-10-06 13:47:36,actions-trading,Sim4-1,018670,skip,period,68479010d572
14927183,2026-10-06 13:47:36,actions-trading,Sim4-1,336370,skip,adx_high,b98e341becfd
14927183,2026-10-06 13:47:36,actions-trading,Sim4-1,298020,skip,adx_high,bba90b1e09bc
14927183,2026-10-06 13:47:36,actions-trading,Sim4-1,020150,skip,held_or_cooldown,aa0bcc328b1a
14927183,2026-10-06 13:47:36,actions-trading,Sim4-1,000760,skip,amount,4645571c880a
14927183,2026-10-06 13:47:36,actions-trading,Sim4-1,005320,skip,amount,19517e9cdc6d
14927183,2026-10-06 13:47:36,actions-trading,Sim4-1,084010,skip,amount,f40821231874
14927183,2026-10-06 13:47:36,actions-trading,Sim4-1,000155,skip,adx_high,dd49f7b567c1
14927183,2026-10-06 13:47:36,actions-trading,Sim4-1,005690,skip,period,5b68eefbfa68
14927183,2026-10-06 13:47:36,actions-trading,Sim4-1,322000,skip,adx_high,f69412701106
14927183,2026-10-06 13:47:36,actions-trading,Sim4-1,006405,skip,amount,80da04c3c1b1
14927183,2026-10-06 13:47:38,actions-trading,선행매집,018880,skip,below_anchor,9869a6fd453b
14927183,2026-10-06 13:47:38,actions-trading,선행매집,047040,skip,below_anchor,718fe0bf37e9
14927183,2026-10-06 13:47:38,actions-trading,선행매집,007660,skip,below_anchor,eb29ec20f041
14927183,2026-10-06 13:47:38,actions-trading,선행매집,066570,skip,below_anchor,b882debc9fc8
14927183,2026-10-06 13:47:38,actions-trading,선행매집,002710,skip,below_anchor,56f7abccc058
14927183,2026-10-06 13:47:38,actions-trading,선행매집,006800,skip,below_anchor,b148621a317f
14927183,2026-10-06 13:47:38,actions-trading,선행매집,001250,skip,below_anchor,ba0c2cc9b247
14927183,2026-10-06 13:47:38,actions-trading,선행매집,009190,skip,below_anchor,9303387457be
14927183,2026-10-06 13:47:38,actions-trading,선행매집,005320,skip,amount,19517e9cdc6d
14927183,2026-10-06 13:47:38,actions-trading,선행매집,009830,skip,below_anchor,5cf7df9fe51d
14927183,2026-10-06 13:47:38,actions-trading,선행매집,006400,skip,below_anchor,e0f85145e7e0
14927183,2026-10-06 13:47:38,actions-trading,선행매집,005690,skip,below_anchor,5b68eefbfa68
14927183,2026-10-06 13:47:38,actions-trading,선행매집,025560,skip,below_anchor,2dee6b41c650
14927183,2026-10-06 13:47:38,actions-trading,선행매집,336370,skip,below_anchor,b98e341becfd
14927183,2026-10-06 13:47:38,actions-trading,선행매집,009150,skip,below_anchor,b24344b4694d
14927183,2026-10-06 13:47:38,actions-trading,선행매집,005360,skip,amount,1a0e1045eb1c
14927183,2026-10-06 13:47:38,actions-trading,선행매집,279570,skip,below_anchor,fe106119ddd6
14927183,2026-10-06 13:47:38,actions-trading,선행매집,002700,skip,amount,2643bc3ef595
14927183,2026-10-06 13:47:38,actions-trading,선행매집,090460,skip,below_anchor,489f5a0de901
14927183,2026-10-06 13:47:38,actions-trading,선행매집,011070,skip,below_anchor,c7aeafea00b5
14927183,2026-10-06 13:47:38,actions-trading,선행매집,022100,skip,below_anchor,721e21d732c8
14927183,2026-10-06 13:47:38,actions-trading,선행매집,010120,skip,below_anchor,54afb936b0e3
14927183,2026-10-06 13:47:38,actions-trading,선행매집,192650,skip,sold_or_cooldown,66b3fd3fff3f
14927183,2026-10-06 13:47:38,actions-trading,선행매집,138930,skip,below_anchor,9feeedce27bb
14927183,2026-10-06 13:47:38,actions-trading,선행매집,066970,skip,below_anchor,9a2c58e19846
14927183,2026-10-06 13:47:38,actions-trading,선행매집,015760,skip,below_anchor,2f4ee10bd381
14927183,2026-10-06 13:47:38,actions-trading,선행매집,003620,skip,below_anchor,90138a5f9307
14927183,2026-10-06 13:47:38,actions-trading,선행매집,460860,skip,below_anchor,5bf22379e649
14927183,2026-10-06 13:47:38,actions-trading,선행매집,015260,skip,amount,65c7a62e920b
14927183,2026-10-06 13:47:38,actions-trading,선행매집,452260,skip,below_anchor,ae4fa88c05fd
14927183,2026-10-06 13:47:38,actions-trading,Sim9,_gate,skip,outside_entry_window,e3b0c44298fc
14927183,2026-10-06 13:47:38,actions-trading,Sim9,480370,seen,,e893f3975e35
14927183,2026-10-06 13:47:38,actions-trading,Sim9,003580,seen,,809680910447
14927183,2026-10-06 13:47:38,actions-trading,Sim9,281820,seen,,8611f273552a
14927183,2026-10-06 13:47:38,actions-trading,Sim9,006110,seen,,5222fdf098dd
14927183,2026-10-06 13:47:38,actions-trading,Sim9,000020,seen,,af63de849100
14927183,2026-10-06 13:47:38,actions-trading,Sim9,011070,seen,,c7aeafea00b5
14927183,2026-10-06 13:47:38,actions-trading,Sim9,002710,seen,,56f7abccc058
14927183,2026-10-06 13:47:38,actions-trading,Sim9,008970,seen,,32bae5662206
14927183,2026-10-06 13:47:38,actions-trading,Sim9,007660,seen,,eb29ec20f041
14927183,2026-10-06 13:47:38,actions-trading,Sim9,066970,seen,,9a2c58e19846
14927183,2026-10-06 13:47:38,actions-trading,Sim9,066570,seen,,b882debc9fc8
14927183,2026-10-06 13:47:38,actions-trading,Sim9,000150,seen,,a031250588ae
14927183,2026-10-06 13:47:38,actions-trading,Sim9,006400,seen,,e0f85145e7e0
14927183,2026-10-06 13:47:38,actions-trading,Sim9,005030,seen,,f386437b9c5b
14927183,2026-10-06 13:47:38,actions-trading,Sim9,066575,seen,,ce487118da2a
14927183,2026-10-06 13:47:38,actions-trading,Sim9,002820,seen,,11462c3bdd55
14927183,2026-10-06 13:47:38,actions-trading,Sim9,007810,seen,,cce6480134f4
14927183,2026-10-06 13:47:38,actions-trading,Sim9,090460,seen,,489f5a0de901
14927183,2026-10-06 13:47:38,actions-trading,Sim9,000157,seen,,ef8a94340ba4
14927183,2026-10-06 13:47:38,actions-trading,Sim9,018670,seen,,68479010d572
14927183,2026-10-06 13:47:38,actions-trading,Sim9,336370,seen,,b98e341becfd
14927183,2026-10-06 13:47:38,actions-trading,Sim9,298020,seen,,bba90b1e09bc
14927183,2026-10-06 13:47:38,actions-trading,Sim9,020150,seen,,aa0bcc328b1a
14927183,2026-10-06 13:47:38,actions-trading,Sim9,000760,seen,,4645571c880a
14927183,2026-10-06 13:47:38,actions-trading,Sim9,005320,seen,,19517e9cdc6d
14927183,2026-10-06 13:47:38,actions-trading,Sim9,084010,seen,,f40821231874
14927183,2026-10-06 13:47:38,actions-trading,Sim9,000155,seen,,dd49f7b567c1
14927183,2026-10-06 13:47:38,actions-trading,Sim9,005690,seen,,5b68eefbfa68
14927183,2026-10-06 13:47:38,actions-trading,Sim9,322000,seen,,f69412701106
14927183,2026-10-06 13:47:38,actions-trading,Sim9,006405,seen,,80da04c3c1b1
14927183,2026-10-06 13:47:38,actions-trading,미너비니,192820,skip,below_pivot,f6769695d37d
14927183,2026-10-06 13:47:38,actions-trading,미너비니,443060,skip,below_pivot,5e2a958f5127
14927183,2026-10-06 13:47:38,actions-trading,Sim12,480370,skip,pb2_not_crashed,e893f3975e35
14927183,2026-10-06 13:47:38,actions-trading,Sim12,003580,skip,pb2_not_crashed,809680910447
14927183,2026-10-06 13:47:38,actions-trading,Sim12,281820,skip,pb2_not_crashed,8611f273552a
14927183,2026-10-06 13:47:38,actions-trading,Sim12,006110,skip,pb2_not_crashed,5222fdf098dd
14927183,2026-10-06 13:47:38,actions-trading,Sim12,000020,skip,pb2_not_crashed,af63de849100
14927183,2026-10-06 13:47:38,actions-trading,Sim12,011070,skip,avoid_orgn_sell_high_per,c7aeafea00b5
14927183,2026-10-06 13:47:38,actions-trading,Sim12,002710,skip,avoid_frgn_sell_20d,56f7abccc058
14927183,2026-10-06 13:47:38,actions-trading,Sim12,008970,skip,pb2_not_crashed,32bae5662206
14927183,2026-10-06 13:47:38,actions-trading,Sim12,007660,skip,pb2_not_crashed,eb29ec20f041
14927183,2026-10-06 13:47:38,actions-trading,Sim12,066970,skip,pb2_not_crashed,9a2c58e19846
14927183,2026-10-06 13:47:38,actions-trading,Sim12,066570,skip,pb2_not_crashed,b882debc9fc8
14927183,2026-10-06 13:47:38,actions-trading,Sim12,000150,skip,avoid_frgn_sell_20d,a031250588ae
14927183,2026-10-06 13:47:38,actions-trading,Sim12,006400,skip,pb2_not_crashed,e0f85145e7e0
14927183,2026-10-06 13:47:38,actions-trading,Sim12,005030,skip,avoid_amount_dry,f386437b9c5b
14927183,2026-10-06 13:47:38,actions-trading,Sim12,066575,skip,pb2_not_crashed,ce487118da2a
14927183,2026-10-06 13:47:38,actions-trading,Sim12,002820,skip,avoid_deadcat,11462c3bdd55
14927183,2026-10-06 13:47:38,actions-trading,Sim12,007810,skip,pb2_not_crashed,cce6480134f4
14927183,2026-10-06 13:47:38,actions-trading,Sim12,090460,skip,pb2_not_crashed,489f5a0de901
14927183,2026-10-06 13:47:38,actions-trading,Sim12,000157,skip,pb2_thin_liquidity,ef8a94340ba4
14927183,2026-10-06 13:47:38,actions-trading,Sim12,018670,skip,avoid_frgn_sell_20d,68479010d572
14927183,2026-10-06 13:47:38,actions-trading,Sim12,336370,skip,avoid_frgn_sell_20d,b98e341becfd
14927183,2026-10-06 13:47:38,actions-trading,Sim12,298020,skip,avoid_orgn_sell_high_per,bba90b1e09bc
14927183,2026-10-06 13:47:38,actions-trading,Sim12,020150,skip,avoid_frgn_sell_20d,aa0bcc328b1a
14927183,2026-10-06 13:47:38,actions-trading,Sim12,000760,skip,pb2_not_crashed,4645571c880a
14927183,2026-10-06 13:47:38,actions-trading,Sim12,005320,skip,pb2_not_crashed,19517e9cdc6d
14927183,2026-10-06 13:47:38,actions-trading,Sim12,084010,skip,avoid_frgn_sell_20d,f40821231874
14927183,2026-10-06 13:47:38,actions-trading,Sim12,000155,skip,pb2_thin_liquidity,dd49f7b567c1
14927183,2026-10-06 13:47:38,actions-trading,Sim12,005690,skip,pb2_not_crashed,5b68eefbfa68
14927183,2026-10-06 13:47:38,actions-trading,Sim12,322000,skip,pb2_not_crashed,f69412701106
14927183,2026-10-06 13:47:38,actions-trading,Sim12,006405,skip,pb2_not_crashed,80da04c3c1b1
14927183,2026-10-06 13:47:38,actions-trading,Sim12,005110,skip,avoid_amount_dry,c47d7f451b4b
14927183,2026-10-06 13:47:38,actions-trading,Sim12,015260,skip,pb2_no_inst_buying,65c7a62e920b
14927183,2026-10-06 13:47:38,actions-trading,Sim12,020120,skip,pb2_not_crashed,9d1db4d6fb54
14927183,2026-10-06 13:47:38,actions-trading,Sim12,004920,skip,pb2_not_crashed,fd20ede9bb8a
14927183,2026-10-06 13:47:38,actions-trading,Sim12,001525,skip,avoid_amount_dry,81205546f5c2
14927183,2026-10-06 13:47:38,actions-trading,Sim12,003010,skip,pb2_not_crashed,d33ec6607d03
14927183,2026-10-06 13:47:38,actions-trading,Sim12,079550,skip,pb2_not_crashed,fb92390ba1a4
14927183,2026-10-06 13:47:38,actions-trading,Sim12,036570,skip,pb2_not_crashed,402f8a07a34f
14927183,2026-10-06 13:47:38,actions-trading,Sim12,002870,skip,avoid_frgn_sell_20d,a70bee776682
14927183,2026-10-06 13:47:38,actions-trading,Sim12,002785,skip,pb2_no_inst_buying,8f393f53ef85
14927183,2026-10-06 13:47:38,actions-trading,Sim12,051630,skip,avoid_amount_dry,cabdb29bef59
14927183,2026-10-06 13:47:38,actions-trading,Sim12,014915,skip,pb2_not_crashed,6a49f6f7ba1f
14927183,2026-10-06 13:47:38,actions-trading,Sim12,044820,skip,avoid_frgn_sell_20d,84eef2af24fa
14927183,2026-10-06 13:47:38,actions-trading,Sim12,003350,skip,avoid_amount_dry,5e88791c780b
14927183,2026-10-06 13:47:38,actions-trading,Sim12,001380,skip,avoid_frgn_sell_20d,ed62384a1e3a
14927183,2026-10-06 13:47:38,actions-trading,Sim12,002787,skip,avoid_amount_dry,06a1b559f51b
14927183,2026-10-06 13:47:38,actions-trading,Sim12,003570,skip,avoid_frgn_sell_20d,3d5504cf6e24
14927183,2026-10-06 13:47:38,actions-trading,Sim12,465770,skip,avoid_amount_dry,3932a195ac02
14927183,2026-10-06 13:47:38,actions-trading,Sim12,084680,skip,avoid_frgn_sell_20d,bbbae32f65f5
14927183,2026-10-06 13:47:38,actions-trading,Sim12,109070,skip,pb2_not_crashed,a57853d64f3d
14927183,2026-10-06 13:47:38,actions-trading,Sim12,443060,skip,avoid_amount_dry,5e2a958f5127
14927183,2026-10-06 13:47:38,actions-trading,Sim12,071950,skip,pb2_no_inst_buying,457e6d8ddbe2
14927183,2026-10-06 13:47:38,actions-trading,Sim12,005880,skip,pb2_not_crashed,19dc59e82f11
14927183,2026-10-06 13:47:38,actions-trading,Sim12,100840,skip,avoid_amount_dry,41b89e035e77
14927183,2026-10-06 13:47:38,actions-trading,Sim12,027740,skip,avoid_frgn_sell_20d,478aca22ef39
14927183,2026-10-06 13:47:38,actions-trading,Sim12,026960,skip,pb2_not_crashed,b130599fee39
14927183,2026-10-06 13:47:38,actions-trading,Sim12,010820,skip,pb2_not_crashed,5433af63750d
14927183,2026-10-06 13:47:38,actions-trading,Sim12,088790,skip,avoid_amount_dry,5bacff791225
14927183,2026-10-06 13:47:38,actions-trading,Sim12,103140,skip,pb2_not_crashed,faf1643d4168
14927183,2026-10-06 13:47:38,actions-trading,Sim12,064350,skip,avoid_frgn_sell_20d,52a90eab8612
14927183,2026-10-06 13:47:38,actions-trading,Sim13,480370,skip,no_frgn_support,e893f3975e35
14927183,2026-10-06 13:47:38,actions-trading,Sim13,003580,skip,theme_momentum_weak,809680910447
14927183,2026-10-06 13:47:38,actions-trading,Sim13,281820,skip,no_frgn_support,8611f273552a
14927183,2026-10-06 13:47:38,actions-trading,Sim13,006110,skip,theme_momentum_weak,5222fdf098dd
14927183,2026-10-06 13:47:38,actions-trading,Sim13,000020,skip,theme_momentum_weak,af63de849100
14927183,2026-10-06 13:47:38,actions-trading,Sim13,011070,skip,theme_momentum_weak,c7aeafea00b5
14927183,2026-10-06 13:47:38,actions-trading,Sim13,002710,skip,adx_weak,56f7abccc058
14927183,2026-10-06 13:47:38,actions-trading,Sim13,008970,skip,adx_weak,32bae5662206
14927183,2026-10-06 13:47:38,actions-trading,Sim13,007660,skip,adx_weak,eb29ec20f041
14927183,2026-10-06 13:47:38,actions-trading,Sim13,066970,skip,theme_momentum_weak,9a2c58e19846
14927183,2026-10-06 13:47:38,actions-trading,Sim13,066570,skip,theme_momentum_weak,b882debc9fc8
14927183,2026-10-06 13:47:38,actions-trading,Sim13,000150,skip,adx_weak,a031250588ae
14927183,2026-10-06 13:47:38,actions-trading,Sim13,006400,skip,theme_momentum_weak,e0f85145e7e0
14927183,2026-10-06 13:47:38,actions-trading,Sim13,005030,skip,theme_momentum_weak,f386437b9c5b
14927183,2026-10-06 13:47:38,actions-trading,Sim13,066575,skip,theme_momentum_weak,ce487118da2a
14927183,2026-10-06 13:47:38,actions-trading,Sim13,002820,skip,theme_momentum_weak,11462c3bdd55
14927183,2026-10-06 13:47:38,actions-trading,Sim13,007810,skip,amount_not_surprised,cce6480134f4
14927183,2026-10-06 13:47:38,actions-trading,Sim13,090460,skip,theme_momentum_weak,489f5a0de901
14927183,2026-10-06 13:47:38,actions-trading,Sim13,000157,skip,theme_momentum_weak,ef8a94340ba4
14927183,2026-10-06 13:47:38,actions-trading,Sim13,018670,skip,theme_momentum_weak,68479010d572
14927183,2026-10-06 13:47:38,actions-trading,Sim13,336370,skip,adx_weak,b98e341becfd
14927183,2026-10-06 13:47:38,actions-trading,Sim13,298020,skip,theme_momentum_weak,bba90b1e09bc
14927183,2026-10-06 13:47:38,actions-trading,Sim13,020150,skip,no_frgn_support,aa0bcc328b1a
14927183,2026-10-06 13:47:38,actions-trading,Sim13,000760,skip,theme_momentum_weak,4645571c880a
14927183,2026-10-06 13:47:38,actions-trading,Sim13,005320,skip,adx_weak,19517e9cdc6d
14927183,2026-10-06 13:47:38,actions-trading,Sim13,084010,skip,theme_momentum_weak,f40821231874
14927183,2026-10-06 13:47:38,actions-trading,Sim13,000155,skip,theme_momentum_weak,dd49f7b567c1
14927183,2026-10-06 13:47:38,actions-trading,Sim13,005690,skip,adx_weak,5b68eefbfa68
14927183,2026-10-06 13:47:38,actions-trading,Sim13,322000,skip,theme_momentum_weak,f69412701106
14927183,2026-10-06 13:47:38,actions-trading,Sim13,006405,skip,theme_momentum_weak,80da04c3c1b1
14927183,2026-10-06 13:47:38,actions-trading,Sim14,_gate,skip,regime_blocked,e3b0c44298fc
14927183,2026-10-06 13:47:38,actions-trading,Sim15,_gate,skip,already_rebalanced,e3b0c44298fc
14927183,2026-10-06 13:47:38,actions-trading,Sim15,069500,seen,,bc2faa9f7185
14927183,2026-10-06 13:47:38,actions-trading,Sim15,133690,seen,,93ea73c6a2a6
14927183,2026-10-06 13:47:38,actions-trading,Sim15,148070,seen,,0fea078a5b90
14927183,2026-10-06 13:47:38,actions-trading,Sim16,_gate,skip,already_rebalanced,e3b0c44298fc
14927183,2026-10-06 13:47:38,actions-trading,Sim16,122630,seen,,0b63288e11f9
14927183,2026-10-06 13:47:38,actions-trading,Sim16,418660,seen,,72b42b61e177
14927183,2026-10-06 13:47:38,actions-trading,Sim16,148070,seen,,0fea078a5b90
14927184,2026-10-06 13:49:39,actions-trading,Sim3,402340,skip,qty_zero,15ee0a45de6f
14927184,2026-10-06 13:49:39,actions-trading,Sim3,383800,skip,amount,bba1efdeed45
14927184,2026-10-06 13:49:39,actions-trading,Sim3,462870,skip,amount,d52bff2dbed8
14927184,2026-10-06 13:49:39,actions-trading,Sim3,000660,skip,qty_zero,f4f97481a295
14927184,2026-10-06 13:49:39,actions-trading,Sim3,071970,skip,cooldown,04344c4f24ac
14927184,2026-10-06 13:49:39,actions-trading,Sim3,042700,skip,not_cheap,6618fcd26578
14927184,2026-10-06 13:49:39,actions-trading,Sim3,326030,skip,cooldown,fa86128f1bf7
14927184,2026-10-06 13:49:39,actions-trading,Sim3,207940,skip,not_cheap,295cca861f20
14927184,2026-10-06 13:49:39,actions-trading,Sim3,033920,skip,amount,777015227534
14927184,2026-10-06 13:49:39,actions-trading,Sim3,004770,skip,amount,73b80e4c2971
14927184,2026-10-06 13:49:39,actions-trading,Sim3,0126Z0,skip,not_cheap,b129d5e6a4f0
14927184,2026-10-06 13:49:39,actions-trading,Sim3,062040,skip,not_cheap,aa6d9ad944d1
14927184,2026-10-06 13:49:39,actions-trading,Sim3,317450,skip,amount,16de42b20889
14927184,2026-10-06 13:49:39,actions-trading,Sim3,026960,skip,amount,9dcf2f1af9ff
14927184,2026-10-06 13:49:39,actions-trading,Sim3,021820,skip,amount,f007d2bd0ad4
14927184,2026-10-06 13:49:39,actions-trading,Sim3,192080,skip,amount,743e02bd2612
14927184,2026-10-06 13:49:39,actions-trading,Sim3,068270,skip,cooldown,fc7260c0d612
14927184,2026-10-06 13:49:39,actions-trading,Sim3,123890,skip,amount,a3cf9ac623b3
14927184,2026-10-06 13:49:39,actions-trading,Sim3,000240,skip,amount,b9ddb40016da
14927184,2026-10-06 13:49:39,actions-trading,Sim3,002380,skip,amount,83173937e944
14927184,2026-10-06 13:49:39,actions-trading,Sim3,009770,skip,amount,65f50820cb1b
14927184,2026-10-06 13:49:39,actions-trading,Sim3,259960,skip,cooldown,bbf5d0788501
14927184,2026-10-06 13:49:39,actions-trading,Sim3,035250,skip,amount,cd610e048b92
14927184,2026-10-06 13:49:39,actions-trading,Sim3,383220,skip,amount,9a590cede668
14927184,2026-10-06 13:49:39,actions-trading,Sim3,226320,skip,amount,48763ac2e3f0
14927184,2026-10-06 13:49:39,actions-trading,Sim3,439260,skip,amount,f9198ddde189
14927184,2026-10-06 13:49:39,actions-trading,Sim3,025560,skip,cooldown,f5896d2357c9
14927184,2026-10-06 13:49:39,actions-trading,Sim3,007700,skip,amount,c5cf5ff191a7
14927184,2026-10-06 13:49:39,actions-trading,Sim3,278470,skip,not_cheap,bd1a5fc5687d
14927184,2026-10-06 13:49:39,actions-trading,Sim3,000990,skip,not_cheap,bb9c93198d4d
14927184,2026-10-06 13:49:40,actions-trading,Sim3,402340,skip,qty_zero,15ee0a45de6f
14927184,2026-10-06 13:49:40,actions-trading,Sim3,383800,skip,amount,bba1efdeed45
14927184,2026-10-06 13:49:40,actions-trading,Sim3,462870,skip,amount,d52bff2dbed8
14927184,2026-10-06 13:49:40,actions-trading,Sim3,000660,skip,qty_zero,f4f97481a295
14927184,2026-10-06 13:49:40,actions-trading,Sim3,071970,skip,held_or_sold_today,04344c4f24ac
14927184,2026-10-06 13:49:40,actions-trading,Sim3,042700,skip,not_cheap,6618fcd26578
14927184,2026-10-06 13:49:40,actions-trading,Sim3,326030,skip,held_or_sold_today,fa86128f1bf7
14927184,2026-10-06 13:49:40,actions-trading,Sim3,207940,skip,not_cheap,295cca861f20
14927184,2026-10-06 13:49:40,actions-trading,Sim3,033920,skip,amount,777015227534
14927184,2026-10-06 13:49:40,actions-trading,Sim3,004770,skip,amount,73b80e4c2971
14927184,2026-10-06 13:49:40,actions-trading,Sim3,0126Z0,skip,not_cheap,b129d5e6a4f0
14927184,2026-10-06 13:49:40,actions-trading,Sim3,062040,skip,not_cheap,aa6d9ad944d1
14927184,2026-10-06 13:49:40,actions-trading,Sim3,317450,skip,amount,16de42b20889
14927184,2026-10-06 13:49:40,actions-trading,Sim3,026960,skip,amount,9dcf2f1af9ff
14927184,2026-10-06 13:49:40,actions-trading,Sim3,021820,skip,amount,f007d2bd0ad4
14927184,2026-10-06 13:49:40,actions-trading,Sim3,192080,skip,amount,743e02bd2612
14927184,2026-10-06 13:49:40,actions-trading,Sim3,068270,skip,held_or_sold_today,fc7260c0d612
14927184,2026-10-06 13:49:40,actions-trading,Sim3,123890,skip,amount,a3cf9ac623b3
14927184,2026-10-06 13:49:40,actions-trading,Sim3,000240,skip,amount,b9ddb40016da
14927184,2026-10-06 13:49:40,actions-trading,Sim3,002380,skip,held_or_sold_today,83173937e944
14927184,2026-10-06 13:49:40,actions-trading,Sim3,009770,skip,amount,65f50820cb1b
14927184,2026-10-06 13:49:40,actions-trading,Sim3,259960,skip,held_or_sold_today,bbf5d0788501
14927184,2026-10-06 13:49:40,actions-trading,Sim3,035250,skip,amount,cd610e048b92
14927184,2026-10-06 13:49:40,actions-trading,Sim3,383220,skip,amount,9a590cede668
14927184,2026-10-06 13:49:40,actions-trading,Sim3,226320,skip,amount,48763ac2e3f0
14927184,2026-10-06 13:49:40,actions-trading,Sim3,439260,skip,amount,f9198ddde189
14927184,2026-10-06 13:49:40,actions-trading,Sim3,025560,skip,amount,f5896d2357c9
14927184,2026-10-06 13:49:40,actions-trading,Sim3,007700,skip,amount,c5cf5ff191a7
14927184,2026-10-06 13:49:40,actions-trading,Sim3,278470,skip,not_cheap,bd1a5fc5687d
14927184,2026-10-06 13:49:40,actions-trading,Sim3,000990,skip,not_cheap,bb9c93198d4d
14927184,2026-10-06 13:50:21,actions-trading,MFHS2,018880,skip,max_holdings,c85cd9e2e03c
14927184,2026-10-06 13:50:21,actions-trading,MFHS2,047040,seen,,94f6047a4bb6
14927184,2026-10-06 13:50:21,actions-trading,MFHS2,007660,seen,,bfb4c24f447d
14927184,2026-10-06 13:50:21,actions-trading,MFHS2,066570,seen,,97dfd2ab3a9f
14927184,2026-10-06 13:50:21,actions-trading,MFHS2,009190,seen,,b76c10a926ce
14927184,2026-10-06 13:50:21,actions-trading,MFHS2,002710,seen,,37e94a35bb34
14927184,2026-10-06 13:50:21,actions-trading,MFHS2,005690,seen,,b85605a3523a
14927184,2026-10-06 13:50:21,actions-trading,MFHS2,025560,seen,,2c1f44385313
14927184,2026-10-06 13:50:21,actions-trading,MFHS2,005360,seen,,99dcd82baadf
14927184,2026-10-06 13:50:21,actions-trading,MFHS2,009830,seen,,ce8b8c320068
14927184,2026-10-06 13:50:21,actions-trading,MFHS2,006400,seen,,77c2284683cf
14927184,2026-10-06 13:50:21,actions-trading,MFHS2,002700,seen,,74f2a2ffb2fb
14927184,2026-10-06 13:50:21,actions-trading,MFHS2,279570,seen,,e1fad11d6bc6
14927184,2026-10-06 13:50:21,actions-trading,MFHS2,138930,seen,,c845ee70a61d
14927184,2026-10-06 13:50:21,actions-trading,MFHS2,090460,seen,,23cdb3b784b2
14927184,2026-10-06 13:50:21,actions-trading,MFHS2,009150,seen,,6d39eec9b3af
14927184,2026-10-06 13:50:21,actions-trading,MFHS2,317400,seen,,2d75d51cbad6
14927184,2026-10-06 13:50:21,actions-trading,MFHS2,460860,seen,,4ee4a00bedbc
14927184,2026-10-06 13:50:21,actions-trading,MFHS2,006800,seen,,1f22916efebb
14927184,2026-10-06 13:50:21,actions-trading,MFHS2,010120,seen,,803bf4a08e03
14927184,2026-10-06 13:50:21,actions-trading,MFHS2,011070,seen,,85d2bf8e4eda
14927184,2026-10-06 13:50:21,actions-trading,MFHS2,022100,seen,,4b53610affc3
14927184,2026-10-06 13:50:21,actions-trading,MFHS2,003620,seen,,f1af51701656
14927184,2026-10-06 13:50:21,actions-trading,MFHS2,015260,seen,,083fcd01ef16
14927184,2026-10-06 13:50:21,actions-trading,MFHS2,452260,seen,,ed96a3a2b5a5
14927184,2026-10-06 13:50:21,actions-trading,MFHS2,001230,seen,,47d50de15d6e
14927184,2026-10-06 13:50:21,actions-trading,MFHS2,066970,seen,,03f06b42be26
14927184,2026-10-06 13:50:21,actions-trading,MFHS2,066575,seen,,659b38d4da32
14927184,2026-10-06 13:50:21,actions-trading,MFHS2,004020,seen,,c4e155e8fd04
14927184,2026-10-06 13:50:21,actions-trading,MFHS2,002990,seen,,5541b1b5e8aa
14927184,2026-10-06 13:50:23,actions-trading,상승모멘텀,480370,skip,adx_high,89b40430e203
14927184,2026-10-06 13:50:23,actions-trading,상승모멘텀,003580,skip,adx_high,88e9ce9f6c1f
14927184,2026-10-06 13:50:23,actions-trading,상승모멘텀,281820,skip,adx_high,4704e67def87
14927184,2026-10-06 13:50:23,actions-trading,상승모멘텀,006110,skip,adx_high,720b6ddbbb6f
14927184,2026-10-06 13:50:23,actions-trading,상승모멘텀,000020,skip,adx_low,a037457ec788
14927184,2026-10-06 13:50:23,actions-trading,상승모멘텀,011070,skip,adx_low,85d2bf8e4eda
14927184,2026-10-06 13:50:23,actions-trading,상승모멘텀,002710,skip,tick,37e94a35bb34
14927184,2026-10-06 13:50:23,actions-trading,상승모멘텀,008970,skip,tick,f13108dd9f19
14927184,2026-10-06 13:50:23,actions-trading,상승모멘텀,007660,skip,held_or_sold_today,bfb4c24f447d
14927184,2026-10-06 13:50:23,actions-trading,상승모멘텀,066970,skip,adx_low,03f06b42be26
14927184,2026-10-06 13:50:23,actions-trading,상승모멘텀,066570,skip,adx_low,97dfd2ab3a9f
14927184,2026-10-06 13:50:23,actions-trading,상승모멘텀,005030,skip,amount,f386437b9c5b
14927184,2026-10-06 13:50:23,actions-trading,상승모멘텀,006400,skip,adx_low,77c2284683cf
14927184,2026-10-06 13:50:23,actions-trading,상승모멘텀,066575,skip,adx_high,659b38d4da32
14927184,2026-10-06 13:50:23,actions-trading,상승모멘텀,000150,skip,adx_high,9e91e6cf151c
14927184,2026-10-06 13:50:23,actions-trading,상승모멘텀,002820,skip,amount,c916fd3e7e54
14927184,2026-10-06 13:50:23,actions-trading,상승모멘텀,018670,skip,period,e3b2f6a73088
14927184,2026-10-06 13:50:23,actions-trading,상승모멘텀,007810,skip,adx_high,aa9cefea93db
14927184,2026-10-06 13:50:23,actions-trading,상승모멘텀,336370,skip,adx_high,d3d73330f5d5
14927184,2026-10-06 13:50:23,actions-trading,상승모멘텀,000157,skip,amount,1080f7ed57af
14927184,2026-10-06 13:50:23,actions-trading,상승모멘텀,090460,skip,period,23cdb3b784b2
14927184,2026-10-06 13:50:23,actions-trading,상승모멘텀,000155,skip,adx_high,b1d46d9af029
14927184,2026-10-06 13:50:23,actions-trading,상승모멘텀,000760,skip,amount,4645571c880a
14927184,2026-10-06 13:50:23,actions-trading,상승모멘텀,063160,skip,amount,034e27156729
14927184,2026-10-06 13:50:23,actions-trading,상승모멘텀,005320,skip,amount,b90bd9f8bcef
14927184,2026-10-06 13:50:23,actions-trading,상승모멘텀,020150,skip,held_or_sold_today,85c6247bfcf0
14927184,2026-10-06 13:50:23,actions-trading,상승모멘텀,298020,skip,adx_high,b8e1cebc87e4
14927184,2026-10-06 13:50:23,actions-trading,상승모멘텀,084010,skip,amount,90da6b9c8a65
14927184,2026-10-06 13:50:23,actions-trading,상승모멘텀,006405,skip,amount,42c0a4c807a1
14927184,2026-10-06 13:50:23,actions-trading,상승모멘텀,001250,skip,adx_high,a19f2af539a3
14927184,2026-10-06 13:50:23,actions-trading,Sim6,_gate,skip,already_rebalanced,e3b0c44298fc
14927184,2026-10-06 13:50:23,actions-trading,Sim6,069500,seen,,73deee58ae7c
14927184,2026-10-06 13:50:23,actions-trading,Sim6,360750,seen,,8519aeac0813
14927184,2026-10-06 13:50:23,actions-trading,Sim6,148070,seen,,0fea078a5b90
14927184,2026-10-06 13:50:23,actions-trading,Sim6,411060,seen,,afe97f91af0b
14927184,2026-10-06 13:50:23,actions-trading,Sim6,305080,seen,,d5519c950790
14927184,2026-10-06 13:50:23,actions-trading,Sim6,357870,seen,,4774135b6eb8
14927184,2026-10-06 13:50:23,actions-trading,Sim4-1,480370,skip,adx_high,89b40430e203
14927184,2026-10-06 13:50:23,actions-trading,Sim4-1,003580,skip,adx_high,88e9ce9f6c1f
14927184,2026-10-06 13:50:23,actions-trading,Sim4-1,281820,skip,adx_high,4704e67def87
14927184,2026-10-06 13:50:23,actions-trading,Sim4-1,006110,skip,adx_high,720b6ddbbb6f
14927184,2026-10-06 13:50:23,actions-trading,Sim4-1,000020,skip,adx_low,a037457ec788
14927184,2026-10-06 13:50:23,actions-trading,Sim4-1,011070,skip,adx_low,85d2bf8e4eda
14927184,2026-10-06 13:50:23,actions-trading,Sim4-1,002710,skip,held_or_cooldown,37e94a35bb34
14927184,2026-10-06 13:50:23,actions-trading,Sim4-1,008970,skip,held_or_cooldown,f13108dd9f19
14927184,2026-10-06 13:50:23,actions-trading,Sim4-1,007660,skip,held_or_cooldown,bfb4c24f447d
14927184,2026-10-06 13:50:23,actions-trading,Sim4-1,066970,skip,adx_low,03f06b42be26
14927184,2026-10-06 13:50:23,actions-trading,Sim4-1,066570,skip,adx_low,97dfd2ab3a9f
14927184,2026-10-06 13:50:23,actions-trading,Sim4-1,005030,skip,amount,f386437b9c5b
14927184,2026-10-06 13:50:23,actions-trading,Sim4-1,006400,skip,adx_low,77c2284683cf
14927184,2026-10-06 13:50:23,actions-trading,Sim4-1,066575,skip,adx_high,659b38d4da32
14927184,2026-10-06 13:50:23,actions-trading,Sim4-1,000150,skip,adx_high,9e91e6cf151c
14927184,2026-10-06 13:50:23,actions-trading,Sim4-1,002820,skip,amount,c916fd3e7e54
14927184,2026-10-06 13:50:23,actions-trading,Sim4-1,018670,skip,period,e3b2f6a73088
14927184,2026-10-06 13:50:23,actions-trading,Sim4-1,007810,skip,adx_high,aa9cefea93db
14927184,2026-10-06 13:50:23,actions-trading,Sim4-1,336370,skip,adx_high,d3d73330f5d5
14927184,2026-10-06 13:50:23,actions-trading,Sim4-1,000157,skip,amount,1080f7ed57af
14927184,2026-10-06 13:50:23,actions-trading,Sim4-1,090460,skip,period,23cdb3b784b2
14927184,2026-10-06 13:50:23,actions-trading,Sim4-1,000155,skip,adx_high,b1d46d9af029
14927184,2026-10-06 13:50:23,actions-trading,Sim4-1,000760,skip,amount,4645571c880a
14927184,2026-10-06 13:50:23,actions-trading,Sim4-1,063160,skip,amount,034e27156729
14927184,2026-10-06 13:50:23,actions-trading,Sim4-1,005320,skip,amount,b90bd9f8bcef
14927184,2026-10-06 13:50:23,actions-trading,Sim4-1,020150,skip,held_or_cooldown,85c6247bfcf0
14927184,2026-10-06 13:50:23,actions-trading,Sim4-1,298020,skip,adx_high,b8e1cebc87e4
14927184,2026-10-06 13:50:23,actions-trading,Sim4-1,084010,skip,amount,90da6b9c8a65
14927184,2026-10-06 13:50:23,actions-trading,Sim4-1,006405,skip,amount,42c0a4c807a1
14927184,2026-10-06 13:50:23,actions-trading,Sim4-1,001250,skip,adx_high,a19f2af539a3
14927184,2026-10-06 13:50:25,actions-trading,선행매집,018880,skip,below_anchor,c85cd9e2e03c
14927184,2026-10-06 13:50:25,actions-trading,선행매집,047040,skip,below_anchor,94f6047a4bb6
14927184,2026-10-06 13:50:25,actions-trading,선행매집,007660,skip,below_anchor,bfb4c24f447d
14927184,2026-10-06 13:50:25,actions-trading,선행매집,066570,skip,below_anchor,97dfd2ab3a9f
14927184,2026-10-06 13:50:25,actions-trading,선행매집,002710,skip,below_anchor,37e94a35bb34
14927184,2026-10-06 13:50:25,actions-trading,선행매집,006800,skip,below_anchor,1f22916efebb
14927184,2026-10-06 13:50:25,actions-trading,선행매집,001250,skip,below_anchor,a19f2af539a3
14927184,2026-10-06 13:50:25,actions-trading,선행매집,009190,skip,below_anchor,b76c10a926ce
14927184,2026-10-06 13:50:25,actions-trading,선행매집,005320,skip,amount,b90bd9f8bcef
14927184,2026-10-06 13:50:25,actions-trading,선행매집,009830,skip,below_anchor,ce8b8c320068
14927184,2026-10-06 13:50:25,actions-trading,선행매집,006400,skip,below_anchor,77c2284683cf
14927184,2026-10-06 13:50:25,actions-trading,선행매집,005690,skip,below_anchor,b85605a3523a
14927184,2026-10-06 13:50:25,actions-trading,선행매집,025560,skip,below_anchor,2c1f44385313
14927184,2026-10-06 13:50:25,actions-trading,선행매집,336370,skip,below_anchor,d3d73330f5d5
14927184,2026-10-06 13:50:25,actions-trading,선행매집,009150,skip,below_anchor,6d39eec9b3af
14927184,2026-10-06 13:50:25,actions-trading,선행매집,005360,skip,amount,99dcd82baadf
14927184,2026-10-06 13:50:25,actions-trading,선행매집,279570,skip,below_anchor,e1fad11d6bc6
14927184,2026-10-06 13:50:25,actions-trading,선행매집,002700,skip,amount,74f2a2ffb2fb
14927184,2026-10-06 13:50:25,actions-trading,선행매집,090460,skip,below_anchor,23cdb3b784b2
14927184,2026-10-06 13:50:25,actions-trading,선행매집,011070,skip,below_anchor,85d2bf8e4eda
14927184,2026-10-06 13:50:25,actions-trading,선행매집,022100,skip,below_anchor,4b53610affc3
14927184,2026-10-06 13:50:25,actions-trading,선행매집,010120,skip,below_anchor,803bf4a08e03
14927184,2026-10-06 13:50:25,actions-trading,선행매집,192650,skip,sold_or_cooldown,bb683aefcf6e
14927184,2026-10-06 13:50:25,actions-trading,선행매집,138930,skip,below_anchor,c845ee70a61d
14927184,2026-10-06 13:50:25,actions-trading,선행매집,066970,skip,below_anchor,03f06b42be26
14927184,2026-10-06 13:50:25,actions-trading,선행매집,015760,skip,below_anchor,80213425a44f
14927184,2026-10-06 13:50:25,actions-trading,선행매집,003620,skip,below_anchor,f1af51701656
14927184,2026-10-06 13:50:25,actions-trading,선행매집,460860,skip,below_anchor,4ee4a00bedbc
14927184,2026-10-06 13:50:25,actions-trading,선행매집,015260,skip,amount,083fcd01ef16
14927184,2026-10-06 13:50:25,actions-trading,선행매집,452260,skip,below_anchor,ed96a3a2b5a5
14927184,2026-10-06 13:50:25,actions-trading,Sim9,_gate,skip,outside_entry_window,e3b0c44298fc
14927184,2026-10-06 13:50:25,actions-trading,Sim9,480370,seen,,89b40430e203
14927184,2026-10-06 13:50:25,actions-trading,Sim9,003580,seen,,88e9ce9f6c1f
14927184,2026-10-06 13:50:25,actions-trading,Sim9,281820,seen,,4704e67def87
14927184,2026-10-06 13:50:25,actions-trading,Sim9,006110,seen,,720b6ddbbb6f
14927184,2026-10-06 13:50:25,actions-trading,Sim9,000020,seen,,a037457ec788
14927184,2026-10-06 13:50:25,actions-trading,Sim9,011070,seen,,85d2bf8e4eda
14927184,2026-10-06 13:50:25,actions-trading,Sim9,002710,seen,,37e94a35bb34
14927184,2026-10-06 13:50:25,actions-trading,Sim9,008970,seen,,f13108dd9f19
14927184,2026-10-06 13:50:25,actions-trading,Sim9,007660,seen,,bfb4c24f447d
14927184,2026-10-06 13:50:25,actions-trading,Sim9,066970,seen,,03f06b42be26
14927184,2026-10-06 13:50:25,actions-trading,Sim9,066570,seen,,97dfd2ab3a9f
14927184,2026-10-06 13:50:25,actions-trading,Sim9,005030,seen,,f386437b9c5b
14927184,2026-10-06 13:50:25,actions-trading,Sim9,006400,seen,,77c2284683cf
14927184,2026-10-06 13:50:25,actions-trading,Sim9,066575,seen,,659b38d4da32
14927184,2026-10-06 13:50:25,actions-trading,Sim9,000150,seen,,9e91e6cf151c
14927184,2026-10-06 13:50:25,actions-trading,Sim9,002820,seen,,c916fd3e7e54
14927184,2026-10-06 13:50:25,actions-trading,Sim9,018670,seen,,e3b2f6a73088
14927184,2026-10-06 13:50:25,actions-trading,Sim9,007810,seen,,aa9cefea93db
14927184,2026-10-06 13:50:25,actions-trading,Sim9,336370,seen,,d3d73330f5d5
14927184,2026-10-06 13:50:25,actions-trading,Sim9,000157,seen,,1080f7ed57af
14927184,2026-10-06 13:50:25,actions-trading,Sim9,090460,seen,,23cdb3b784b2
14927184,2026-10-06 13:50:25,actions-trading,Sim9,000155,seen,,b1d46d9af029
14927184,2026-10-06 13:50:25,actions-trading,Sim9,000760,seen,,4645571c880a
14927184,2026-10-06 13:50:25,actions-trading,Sim9,063160,seen,,034e27156729
14927184,2026-10-06 13:50:25,actions-trading,Sim9,005320,seen,,b90bd9f8bcef
14927184,2026-10-06 13:50:25,actions-trading,Sim9,020150,seen,,85c6247bfcf0
14927184,2026-10-06 13:50:25,actions-trading,Sim9,298020,seen,,b8e1cebc87e4
14927184,2026-10-06 13:50:25,actions-trading,Sim9,084010,seen,,90da6b9c8a65
14927184,2026-10-06 13:50:25,actions-trading,Sim9,006405,seen,,42c0a4c807a1
14927184,2026-10-06 13:50:25,actions-trading,Sim9,001250,seen,,a19f2af539a3
14927184,2026-10-06 13:50:25,actions-trading,미너비니,192820,skip,below_pivot,bc1680c08596
14927184,2026-10-06 13:50:25,actions-trading,미너비니,443060,skip,below_pivot,9b2a89c5e314
14927184,2026-10-06 13:50:25,actions-trading,Sim12,000157,entry,entry,1080f7ed57af
14927184,2026-10-06 13:50:25,actions-trading,Sim12,480370,skip,pb2_not_crashed,89b40430e203
14927184,2026-10-06 13:50:25,actions-trading,Sim12,003580,skip,pb2_not_crashed,88e9ce9f6c1f
14927184,2026-10-06 13:50:25,actions-trading,Sim12,281820,skip,pb2_not_crashed,4704e67def87
14927184,2026-10-06 13:50:25,actions-trading,Sim12,006110,skip,pb2_not_crashed,720b6ddbbb6f
14927184,2026-10-06 13:50:25,actions-trading,Sim12,000020,skip,pb2_not_crashed,a037457ec788
14927184,2026-10-06 13:50:25,actions-trading,Sim12,011070,skip,avoid_orgn_sell_high_per,85d2bf8e4eda
14927184,2026-10-06 13:50:25,actions-trading,Sim12,002710,skip,avoid_frgn_sell_20d,37e94a35bb34
14927184,2026-10-06 13:50:25,actions-trading,Sim12,008970,skip,pb2_not_crashed,f13108dd9f19
14927184,2026-10-06 13:50:25,actions-trading,Sim12,007660,skip,pb2_not_crashed,bfb4c24f447d
14927184,2026-10-06 13:50:25,actions-trading,Sim12,066970,skip,pb2_not_crashed,03f06b42be26
14927184,2026-10-06 13:50:25,actions-trading,Sim12,066570,skip,pb2_not_crashed,97dfd2ab3a9f
14927184,2026-10-06 13:50:25,actions-trading,Sim12,005030,skip,avoid_amount_dry,f386437b9c5b
14927184,2026-10-06 13:50:25,actions-trading,Sim12,006400,skip,pb2_not_crashed,77c2284683cf
14927184,2026-10-06 13:50:25,actions-trading,Sim12,066575,skip,pb2_not_crashed,659b38d4da32
14927184,2026-10-06 13:50:25,actions-trading,Sim12,000150,skip,avoid_frgn_sell_20d,9e91e6cf151c
14927184,2026-10-06 13:50:25,actions-trading,Sim12,002820,skip,avoid_deadcat,c916fd3e7e54
14927184,2026-10-06 13:50:25,actions-trading,Sim12,018670,skip,avoid_frgn_sell_20d,e3b2f6a73088
14927184,2026-10-06 13:50:25,actions-trading,Sim12,007810,skip,pb2_not_crashed,aa9cefea93db
14927184,2026-10-06 13:50:25,actions-trading,Sim12,336370,skip,avoid_frgn_sell_20d,d3d73330f5d5
14927184,2026-10-06 13:50:25,actions-trading,Sim12,090460,skip,pb2_not_crashed,23cdb3b784b2
14927184,2026-10-06 13:50:25,actions-trading,Sim12,000155,skip,pb2_thin_liquidity,b1d46d9af029
14927184,2026-10-06 13:50:25,actions-trading,Sim12,000760,skip,pb2_not_crashed,4645571c880a
14927184,2026-10-06 13:50:25,actions-trading,Sim12,063160,skip,avoid_frgn_sell_20d,034e27156729
14927184,2026-10-06 13:50:25,actions-trading,Sim12,005320,skip,pb2_not_crashed,b90bd9f8bcef
14927184,2026-10-06 13:50:25,actions-trading,Sim12,020150,skip,avoid_frgn_sell_20d,85c6247bfcf0
14927184,2026-10-06 13:50:25,actions-trading,Sim12,298020,skip,avoid_orgn_sell_high_per,b8e1cebc87e4
14927184,2026-10-06 13:50:25,actions-trading,Sim12,084010,skip,avoid_frgn_sell_20d,90da6b9c8a65
14927184,2026-10-06 13:50:25,actions-trading,Sim12,006405,skip,pb2_not_crashed,42c0a4c807a1
14927184,2026-10-06 13:50:25,actions-trading,Sim12,001250,skip,pb2_not_crashed,a19f2af539a3
14927184,2026-10-06 13:50:25,actions-trading,Sim12,005110,skip,avoid_amount_dry,c47d7f451b4b
14927184,2026-10-06 13:50:25,actions-trading,Sim12,015260,skip,pb2_no_inst_buying,083fcd01ef16
14927184,2026-10-06 13:50:25,actions-trading,Sim12,020120,skip,pb2_not_crashed,3e2ed5a77db6
14927184,2026-10-06 13:50:25,actions-trading,Sim12,004920,skip,pb2_not_crashed,9433e4f75c84
14927184,2026-10-06 13:50:25,actions-trading,Sim12,001525,skip,avoid_amount_dry,81205546f5c2
14927184,2026-10-06 13:50:25,actions-trading,Sim12,003010,skip,pb2_not_crashed,4d27ff1b3f35
14927184,2026-10-06 13:50:25,actions-trading,Sim12,079550,skip,pb2_not_crashed,077e06d4d806
14927184,2026-10-06 13:50:25,actions-trading,Sim12,036570,skip,pb2_not_crashed,9a7b01d38f2c
14927184,2026-10-06 13:50:25,actions-trading,Sim12,051630,skip,avoid_amount_dry,a3b027b6edfc
14927184,2026-10-06 13:50:25,actions-trading,Sim12,002870,skip,avoid_frgn_sell_20d,747f9c04c12c
14927184,2026-10-06 13:50:25,actions-trading,Sim12,002785,skip,pb2_no_inst_buying,8f393f53ef85
14927184,2026-10-06 13:50:25,actions-trading,Sim12,014915,skip,pb2_not_crashed,6a49f6f7ba1f
14927184,2026-10-06 13:50:25,actions-trading,Sim12,003350,skip,avoid_amount_dry,4ae9e3328302
14927184,2026-10-06 13:50:25,actions-trading,Sim12,044820,skip,avoid_frgn_sell_20d,68d4e31ea224
14927184,2026-10-06 13:50:25,actions-trading,Sim12,003570,skip,avoid_frgn_sell_20d,2426e5bb6806
14927184,2026-10-06 13:50:25,actions-trading,Sim12,002787,skip,avoid_amount_dry,06a1b559f51b
14927184,2026-10-06 13:50:25,actions-trading,Sim12,001380,skip,avoid_frgn_sell_20d,b797f598f41f
14927184,2026-10-06 13:50:25,actions-trading,Sim12,084680,skip,avoid_frgn_sell_20d,b0996bc9ec35
14927184,2026-10-06 13:50:25,actions-trading,Sim12,109070,skip,pb2_not_crashed,a57853d64f3d
14927184,2026-10-06 13:50:25,actions-trading,Sim12,465770,skip,avoid_amount_dry,7dfc89337571
14927184,2026-10-06 13:50:25,actions-trading,Sim12,443060,skip,avoid_amount_dry,9b2a89c5e314
14927184,2026-10-06 13:50:25,actions-trading,Sim12,071950,skip,pb2_no_inst_buying,90879619563d
14927184,2026-10-06 13:50:25,actions-trading,Sim12,100840,skip,avoid_amount_dry,b3505edb5158
14927184,2026-10-06 13:50:25,actions-trading,Sim12,005880,skip,pb2_not_crashed,10920168ba70
14927184,2026-10-06 13:50:25,actions-trading,Sim12,027740,skip,avoid_frgn_sell_20d,8075a94a99f7
14927184,2026-10-06 13:50:25,actions-trading,Sim12,026960,skip,pb2_not_crashed,041f847bb5c5
14927184,2026-10-06 13:50:25,actions-trading,Sim12,088790,skip,avoid_amount_dry,56420470164e
14927184,2026-10-06 13:50:25,actions-trading,Sim12,103140,skip,pb2_not_crashed,7382d7c1432d
14927184,2026-10-06 13:50:25,actions-trading,Sim12,064350,skip,avoid_frgn_sell_20d,6ab885db04e8
14927184,2026-10-06 13:50:25,actions-trading,Sim12,010820,skip,pb2_not_crashed,521d7caea6dd
14927184,2026-10-06 13:50:25,actions-trading,Sim13,480370,skip,no_frgn_support,89b40430e203
14927184,2026-10-06 13:50:25,actions-trading,Sim13,003580,skip,theme_momentum_weak,88e9ce9f6c1f
14927184,2026-10-06 13:50:25,actions-trading,Sim13,281820,skip,no_frgn_support,4704e67def87
14927184,2026-10-06 13:50:25,actions-trading,Sim13,006110,skip,theme_momentum_weak,720b6ddbbb6f
14927184,2026-10-06 13:50:25,actions-trading,Sim13,000020,skip,theme_momentum_weak,a037457ec788
14927184,2026-10-06 13:50:25,actions-trading,Sim13,011070,skip,theme_momentum_weak,85d2bf8e4eda
14927184,2026-10-06 13:50:25,actions-trading,Sim13,002710,skip,adx_weak,37e94a35bb34
14927184,2026-10-06 13:50:25,actions-trading,Sim13,008970,skip,adx_weak,f13108dd9f19
14927184,2026-10-06 13:50:25,actions-trading,Sim13,007660,skip,adx_weak,bfb4c24f447d
14927184,2026-10-06 13:50:25,actions-trading,Sim13,066970,skip,theme_momentum_weak,03f06b42be26
14927184,2026-10-06 13:50:25,actions-trading,Sim13,066570,skip,theme_momentum_weak,97dfd2ab3a9f
14927184,2026-10-06 13:50:25,actions-trading,Sim13,005030,skip,theme_momentum_weak,f386437b9c5b
14927184,2026-10-06 13:50:25,actions-trading,Sim13,006400,skip,theme_momentum_weak,77c2284683cf
14927184,2026-10-06 13:50:25,actions-trading,Sim13,066575,skip,theme_momentum_weak,659b38d4da32
14927184,2026-10-06 13:50:25,actions-trading,Sim13,000150,skip,adx_weak,9e91e6cf151c
14927184,2026-10-06 13:50:25,actions-trading,Sim13,002820,skip,theme_momentum_weak,c916fd3e7e54
14927184,2026-10-06 13:50:25,actions-trading,Sim13,018670,skip,theme_momentum_weak,e3b2f6a73088
14927184,2026-10-06 13:50:25,actions-trading,Sim13,007810,skip,amount_not_surprised,aa9cefea93db
14927184,2026-10-06 13:50:25,actions-trading,Sim13,336370,skip,adx_weak,d3d73330f5d5
14927184,2026-10-06 13:50:25,actions-trading,Sim13,000157,skip,theme_momentum_weak,1080f7ed57af
14927184,2026-10-06 13:50:25,actions-trading,Sim13,090460,skip,theme_momentum_weak,23cdb3b784b2
14927184,2026-10-06 13:50:25,actions-trading,Sim13,000155,skip,theme_momentum_weak,b1d46d9af029
14927184,2026-10-06 13:50:25,actions-trading,Sim13,000760,skip,theme_momentum_weak,4645571c880a
14927184,2026-10-06 13:50:25,actions-trading,Sim13,063160,skip,theme_momentum_weak,034e27156729
14927184,2026-10-06 13:50:25,actions-trading,Sim13,005320,skip,adx_weak,b90bd9f8bcef
14927184,2026-10-06 13:50:25,actions-trading,Sim13,020150,skip,no_frgn_support,85c6247bfcf0
14927184,2026-10-06 13:50:25,actions-trading,Sim13,298020,skip,theme_momentum_weak,b8e1cebc87e4
14927184,2026-10-06 13:50:25,actions-trading,Sim13,084010,skip,theme_momentum_weak,90da6b9c8a65
14927184,2026-10-06 13:50:25,actions-trading,Sim13,006405,skip,theme_momentum_weak,42c0a4c807a1
14927184,2026-10-06 13:50:25,actions-trading,Sim13,001250,skip,theme_momentum_weak,a19f2af539a3
14927184,2026-10-06 13:50:25,actions-trading,Sim14,_gate,skip,regime_blocked,e3b0c44298fc
14927184,2026-10-06 13:50:25,actions-trading,Sim15,_gate,skip,already_rebalanced,e3b0c44298fc
14927184,2026-10-06 13:50:25,actions-trading,Sim15,069500,seen,,73deee58ae7c
14927184,2026-10-06 13:50:25,actions-trading,Sim15,133690,seen,,cecc451479a7
14927184,2026-10-06 13:50:25,actions-trading,Sim15,148070,seen,,0fea078a5b90
14927184,2026-10-06 13:50:25,actions-trading,Sim16,_gate,skip,already_rebalanced,e3b0c44298fc
14927184,2026-10-06 13:50:25,actions-trading,Sim16,122630,seen,,06dc685bfc17
14927184,2026-10-06 13:50:25,actions-trading,Sim16,418660,seen,,29bd5591de53
14927184,2026-10-06 13:50:25,actions-trading,Sim16,148070,seen,,0fea078a5b90
14927185,2026-10-06 13:51:38,actions-trading,Sim3,402340,skip,qty_zero,7bda660ca468
14927185,2026-10-06 13:51:38,actions-trading,Sim3,383800,skip,amount,14343c4e40ec
14927185,2026-10-06 13:51:38,actions-trading,Sim3,462870,skip,amount,315db70c811c
14927185,2026-10-06 13:51:38,actions-trading,Sim3,000660,skip,qty_zero,547833e338a5
14927185,2026-10-06 13:51:38,actions-trading,Sim3,071970,skip,cooldown,189acb67cd61
14927185,2026-10-06 13:51:38,actions-trading,Sim3,042700,skip,not_cheap,499295be911b
14927185,2026-10-06 13:51:38,actions-trading,Sim3,326030,skip,cooldown,9a430e3865f8
14927185,2026-10-06 13:51:38,actions-trading,Sim3,207940,skip,not_cheap,b9d6cb306e8b
14927185,2026-10-06 13:51:38,actions-trading,Sim3,033920,skip,amount,fb4d823751ea
14927185,2026-10-06 13:51:38,actions-trading,Sim3,004770,skip,amount,bd2e629f2a4d
14927185,2026-10-06 13:51:38,actions-trading,Sim3,0126Z0,skip,not_cheap,b033861c4732
14927185,2026-10-06 13:51:38,actions-trading,Sim3,062040,skip,not_cheap,ed38a7fd2991
14927185,2026-10-06 13:51:38,actions-trading,Sim3,317450,skip,amount,16de42b20889
14927185,2026-10-06 13:51:38,actions-trading,Sim3,026960,skip,amount,8a259e47fbbd
14927185,2026-10-06 13:51:38,actions-trading,Sim3,021820,skip,amount,c2485baea709
14927185,2026-10-06 13:51:38,actions-trading,Sim3,192080,skip,amount,d023e2f7eec8
14927185,2026-10-06 13:51:38,actions-trading,Sim3,068270,skip,cooldown,ea2926d68000
14927185,2026-10-06 13:51:38,actions-trading,Sim3,123890,skip,amount,de70101f0c36
14927185,2026-10-06 13:51:38,actions-trading,Sim3,000240,skip,amount,2bca4272f358
14927185,2026-10-06 13:51:38,actions-trading,Sim3,002380,skip,amount,d6045332ff18
14927185,2026-10-06 13:51:38,actions-trading,Sim3,009770,skip,amount,65f50820cb1b
14927185,2026-10-06 13:51:38,actions-trading,Sim3,259960,skip,cooldown,45de49759f83
14927185,2026-10-06 13:51:38,actions-trading,Sim3,035250,skip,amount,81d7040229cc
14927185,2026-10-06 13:51:38,actions-trading,Sim3,383220,skip,amount,a0d32fdfd0c0
14927185,2026-10-06 13:51:38,actions-trading,Sim3,226320,skip,amount,3675e81f6315
14927185,2026-10-06 13:51:38,actions-trading,Sim3,439260,skip,amount,640182f4420b
14927185,2026-10-06 13:51:38,actions-trading,Sim3,025560,skip,cooldown,a9062683aa51
14927185,2026-10-06 13:51:38,actions-trading,Sim3,007700,skip,amount,c5cf5ff191a7
14927185,2026-10-06 13:51:38,actions-trading,Sim3,278470,skip,not_cheap,c97b4c0a4287
14927185,2026-10-06 13:51:38,actions-trading,Sim3,000990,skip,not_cheap,b4b64c3d7350
14927185,2026-10-06 13:51:39,actions-trading,Sim3,402340,skip,qty_zero,7bda660ca468
14927185,2026-10-06 13:51:39,actions-trading,Sim3,383800,skip,amount,14343c4e40ec
14927185,2026-10-06 13:51:39,actions-trading,Sim3,462870,skip,amount,315db70c811c
14927185,2026-10-06 13:51:39,actions-trading,Sim3,000660,skip,qty_zero,547833e338a5
14927185,2026-10-06 13:51:39,actions-trading,Sim3,071970,skip,cooldown,189acb67cd61
14927185,2026-10-06 13:51:39,actions-trading,Sim3,042700,skip,not_cheap,499295be911b
14927185,2026-10-06 13:51:39,actions-trading,Sim3,326030,skip,held_or_sold_today,9a430e3865f8
14927185,2026-10-06 13:51:39,actions-trading,Sim3,207940,skip,not_cheap,b9d6cb306e8b
14927185,2026-10-06 13:51:39,actions-trading,Sim3,033920,skip,amount,fb4d823751ea
14927185,2026-10-06 13:51:39,actions-trading,Sim3,004770,skip,amount,bd2e629f2a4d
14927185,2026-10-06 13:51:39,actions-trading,Sim3,0126Z0,skip,not_cheap,b033861c4732
14927185,2026-10-06 13:51:39,actions-trading,Sim3,062040,skip,not_cheap,ed38a7fd2991
14927185,2026-10-06 13:51:39,actions-trading,Sim3,317450,skip,amount,16de42b20889
14927185,2026-10-06 13:51:39,actions-trading,Sim3,026960,skip,amount,8a259e47fbbd
14927185,2026-10-06 13:51:39,actions-trading,Sim3,021820,skip,amount,c2485baea709
14927185,2026-10-06 13:51:39,actions-trading,Sim3,192080,skip,amount,d023e2f7eec8
14927185,2026-10-06 13:51:39,actions-trading,Sim3,068270,skip,held_or_sold_today,ea2926d68000
14927185,2026-10-06 13:51:39,actions-trading,Sim3,123890,skip,amount,de70101f0c36
14927185,2026-10-06 13:51:39,actions-trading,Sim3,000240,skip,amount,2bca4272f358
14927185,2026-10-06 13:51:39,actions-trading,Sim3,002380,skip,held_or_sold_today,d6045332ff18
14927185,2026-10-06 13:51:39,actions-trading,Sim3,009770,skip,amount,65f50820cb1b
14927185,2026-10-06 13:51:39,actions-trading,Sim3,259960,skip,held_or_sold_today,45de49759f83
14927185,2026-10-06 13:51:39,actions-trading,Sim3,035250,skip,amount,81d7040229cc
14927185,2026-10-06 13:51:39,actions-trading,Sim3,383220,skip,amount,a0d32fdfd0c0
14927185,2026-10-06 13:51:39,actions-trading,Sim3,226320,skip,amount,3675e81f6315
14927185,2026-10-06 13:51:39,actions-trading,Sim3,439260,skip,amount,640182f4420b
14927185,2026-10-06 13:51:39,actions-trading,Sim3,025560,skip,amount,a9062683aa51
14927185,2026-10-06 13:51:39,actions-trading,Sim3,007700,skip,amount,c5cf5ff191a7
14927185,2026-10-06 13:51:39,actions-trading,Sim3,278470,skip,not_cheap,c97b4c0a4287
14927185,2026-10-06 13:51:39,actions-trading,Sim3,000990,skip,not_cheap,b4b64c3d7350
14927185,2026-10-06 13:52:22,actions-trading,MFHS2,018880,skip,max_holdings,41f87c320261
14927185,2026-10-06 13:52:22,actions-trading,MFHS2,047040,seen,,30d6f625d180
14927185,2026-10-06 13:52:22,actions-trading,MFHS2,007660,seen,,9817828aa51b
14927185,2026-10-06 13:52:22,actions-trading,MFHS2,066570,seen,,7740e75217cf
14927185,2026-10-06 13:52:22,actions-trading,MFHS2,009190,seen,,80c47feb5903
14927185,2026-10-06 13:52:22,actions-trading,MFHS2,002710,seen,,b84a0f6fa2fe
14927185,2026-10-06 13:52:22,actions-trading,MFHS2,005690,seen,,7166a2163485
14927185,2026-10-06 13:52:22,actions-trading,MFHS2,025560,seen,,f5df9e13a863
14927185,2026-10-06 13:52:22,actions-trading,MFHS2,005360,seen,,d327d75b7a0e
14927185,2026-10-06 13:52:22,actions-trading,MFHS2,009830,seen,,87ced24889ed
14927185,2026-10-06 13:52:22,actions-trading,MFHS2,006400,seen,,07c163100d3e
14927185,2026-10-06 13:52:22,actions-trading,MFHS2,002700,seen,,089ff2272401
14927185,2026-10-06 13:52:22,actions-trading,MFHS2,279570,seen,,a5b16396fb32
14927185,2026-10-06 13:52:22,actions-trading,MFHS2,138930,seen,,fae26af56d55
14927185,2026-10-06 13:52:22,actions-trading,MFHS2,090460,seen,,734a6f77a84f
14927185,2026-10-06 13:52:22,actions-trading,MFHS2,009150,seen,,b19ea4f5becf
14927185,2026-10-06 13:52:22,actions-trading,MFHS2,317400,seen,,c72f0a92d330
14927185,2026-10-06 13:52:22,actions-trading,MFHS2,460860,seen,,5fc79014239f
14927185,2026-10-06 13:52:22,actions-trading,MFHS2,006800,seen,,46ae77944150
14927185,2026-10-06 13:52:22,actions-trading,MFHS2,010120,seen,,efd10dc42bc0
14927185,2026-10-06 13:52:22,actions-trading,MFHS2,011070,seen,,3d7865615ca6
14927185,2026-10-06 13:52:22,actions-trading,MFHS2,022100,seen,,f8771ec650d2
14927185,2026-10-06 13:52:22,actions-trading,MFHS2,003620,seen,,bd1ec1797eb9
14927185,2026-10-06 13:52:22,actions-trading,MFHS2,015260,seen,,705b880e89af
14927185,2026-10-06 13:52:22,actions-trading,MFHS2,452260,seen,,a9e4a050843c
14927185,2026-10-06 13:52:22,actions-trading,MFHS2,001230,seen,,c2a74cfbe301
14927185,2026-10-06 13:52:22,actions-trading,MFHS2,066970,seen,,fbd5c54821a5
14927185,2026-10-06 13:52:22,actions-trading,MFHS2,066575,seen,,9818f5667ed6
14927185,2026-10-06 13:52:22,actions-trading,MFHS2,004020,seen,,6a324071f13a
14927185,2026-10-06 13:52:22,actions-trading,MFHS2,002990,seen,,5d3285e0b02c
14927185,2026-10-06 13:52:24,actions-trading,상승모멘텀,480370,skip,adx_high,42c5798ab7a4
14927185,2026-10-06 13:52:24,actions-trading,상승모멘텀,003580,skip,adx_high,2ad28f13f41d
14927185,2026-10-06 13:52:24,actions-trading,상승모멘텀,281820,skip,adx_high,fe8a73ba6124
14927185,2026-10-06 13:52:24,actions-trading,상승모멘텀,006110,skip,adx_high,6e7dcb4a4f36
14927185,2026-10-06 13:52:24,actions-trading,상승모멘텀,011070,skip,adx_low,3d7865615ca6
14927185,2026-10-06 13:52:24,actions-trading,상승모멘텀,000020,skip,adx_low,1348c0247625
14927185,2026-10-06 13:52:24,actions-trading,상승모멘텀,002710,skip,tick,b84a0f6fa2fe
14927185,2026-10-06 13:52:24,actions-trading,상승모멘텀,007660,skip,held_or_sold_today,9817828aa51b
14927185,2026-10-06 13:52:24,actions-trading,상승모멘텀,066970,skip,adx_low,fbd5c54821a5
14927185,2026-10-06 13:52:24,actions-trading,상승모멘텀,008970,skip,tick,99064692e6b9
14927185,2026-10-06 13:52:24,actions-trading,상승모멘텀,066570,skip,adx_low,7740e75217cf
14927185,2026-10-06 13:52:24,actions-trading,상승모멘텀,006400,skip,adx_low,07c163100d3e
14927185,2026-10-06 13:52:24,actions-trading,상승모멘텀,000150,skip,adx_high,97d6b7b3e8e7
14927185,2026-10-06 13:52:24,actions-trading,상승모멘텀,005030,skip,amount,f386437b9c5b
14927185,2026-10-06 13:52:24,actions-trading,상승모멘텀,066575,skip,adx_high,9818f5667ed6
14927185,2026-10-06 13:52:24,actions-trading,상승모멘텀,002820,skip,amount,f17784c1e129
14927185,2026-10-06 13:52:24,actions-trading,상승모멘텀,018670,skip,period,e2c535778851
14927185,2026-10-06 13:52:24,actions-trading,상승모멘텀,007810,skip,adx_high,a7b44c275ca3
14927185,2026-10-06 13:52:24,actions-trading,상승모멘텀,090460,skip,period,734a6f77a84f
14927185,2026-10-06 13:52:24,actions-trading,상승모멘텀,336370,skip,adx_high,4cd68025b5e9
14927185,2026-10-06 13:52:24,actions-trading,상승모멘텀,000157,skip,amount,1080f7ed57af
14927185,2026-10-06 13:52:24,actions-trading,상승모멘텀,063160,skip,amount,8244cdaf2cf3
14927185,2026-10-06 13:52:24,actions-trading,상승모멘텀,005320,skip,amount,cc87416b9571
14927185,2026-10-06 13:52:24,actions-trading,상승모멘텀,000760,skip,amount,4645571c880a
14927185,2026-10-06 13:52:24,actions-trading,상승모멘텀,005690,skip,period,7166a2163485
14927185,2026-10-06 13:52:24,actions-trading,상승모멘텀,298020,skip,adx_high,a0cb1d1a467d
14927185,2026-10-06 13:52:24,actions-trading,상승모멘텀,006405,skip,amount,aec2d7a85516
14927185,2026-10-06 13:52:24,actions-trading,상승모멘텀,020150,skip,held_or_sold_today,0b8b360af879
14927185,2026-10-06 13:52:24,actions-trading,상승모멘텀,000155,skip,adx_high,7202131da3b1
14927185,2026-10-06 13:52:24,actions-trading,상승모멘텀,001250,skip,adx_high,5d7050ee1ea9
14927185,2026-10-06 13:52:24,actions-trading,Sim6,_gate,skip,already_rebalanced,e3b0c44298fc
14927185,2026-10-06 13:52:24,actions-trading,Sim6,069500,seen,,b494a427dfa7
14927185,2026-10-06 13:52:24,actions-trading,Sim6,360750,seen,,7e3dd16f35aa
14927185,2026-10-06 13:52:24,actions-trading,Sim6,148070,seen,,361109a6a997
14927185,2026-10-06 13:52:24,actions-trading,Sim6,411060,seen,,33fbfb4a89e4
14927185,2026-10-06 13:52:24,actions-trading,Sim6,305080,seen,,949098009c4d
14927185,2026-10-06 13:52:24,actions-trading,Sim6,357870,seen,,2af07c54cf3e
14927185,2026-10-06 13:52:25,actions-trading,Sim4-1,480370,skip,adx_high,42c5798ab7a4
14927185,2026-10-06 13:52:25,actions-trading,Sim4-1,003580,skip,adx_high,2ad28f13f41d
14927185,2026-10-06 13:52:25,actions-trading,Sim4-1,281820,skip,adx_high,fe8a73ba6124
14927185,2026-10-06 13:52:25,actions-trading,Sim4-1,006110,skip,adx_high,6e7dcb4a4f36
14927185,2026-10-06 13:52:25,actions-trading,Sim4-1,011070,skip,adx_low,3d7865615ca6
14927185,2026-10-06 13:52:25,actions-trading,Sim4-1,000020,skip,adx_low,1348c0247625
14927185,2026-10-06 13:52:25,actions-trading,Sim4-1,002710,skip,held_or_cooldown,b84a0f6fa2fe
14927185,2026-10-06 13:52:25,actions-trading,Sim4-1,007660,skip,held_or_cooldown,9817828aa51b
14927185,2026-10-06 13:52:25,actions-trading,Sim4-1,066970,skip,adx_low,fbd5c54821a5
14927185,2026-10-06 13:52:25,actions-trading,Sim4-1,008970,skip,held_or_cooldown,99064692e6b9
14927185,2026-10-06 13:52:25,actions-trading,Sim4-1,066570,skip,adx_low,7740e75217cf
14927185,2026-10-06 13:52:25,actions-trading,Sim4-1,006400,skip,adx_low,07c163100d3e
14927185,2026-10-06 13:52:25,actions-trading,Sim4-1,000150,skip,adx_high,97d6b7b3e8e7
14927185,2026-10-06 13:52:25,actions-trading,Sim4-1,005030,skip,amount,f386437b9c5b
14927185,2026-10-06 13:52:25,actions-trading,Sim4-1,066575,skip,adx_high,9818f5667ed6
14927185,2026-10-06 13:52:25,actions-trading,Sim4-1,002820,skip,amount,f17784c1e129
14927185,2026-10-06 13:52:25,actions-trading,Sim4-1,018670,skip,period,e2c535778851
14927185,2026-10-06 13:52:25,actions-trading,Sim4-1,007810,skip,adx_high,a7b44c275ca3
14927185,2026-10-06 13:52:25,actions-trading,Sim4-1,090460,skip,period,734a6f77a84f
14927185,2026-10-06 13:52:25,actions-trading,Sim4-1,336370,skip,adx_high,4cd68025b5e9
14927185,2026-10-06 13:52:25,actions-trading,Sim4-1,000157,skip,amount,1080f7ed57af
14927185,2026-10-06 13:52:25,actions-trading,Sim4-1,063160,skip,amount,8244cdaf2cf3
14927185,2026-10-06 13:52:25,actions-trading,Sim4-1,005320,skip,amount,cc87416b9571
14927185,2026-10-06 13:52:25,actions-trading,Sim4-1,000760,skip,amount,4645571c880a
14927185,2026-10-06 13:52:25,actions-trading,Sim4-1,005690,skip,period,7166a2163485
14927185,2026-10-06 13:52:25,actions-trading,Sim4-1,298020,skip,adx_high,a0cb1d1a467d
14927185,2026-10-06 13:52:25,actions-trading,Sim4-1,006405,skip,amount,aec2d7a85516
14927185,2026-10-06 13:52:25,actions-trading,Sim4-1,020150,skip,held_or_cooldown,0b8b360af879
14927185,2026-10-06 13:52:25,actions-trading,Sim4-1,000155,skip,adx_high,7202131da3b1
14927185,2026-10-06 13:52:25,actions-trading,Sim4-1,001250,skip,adx_high,5d7050ee1ea9
14927185,2026-10-06 13:52:27,actions-trading,선행매집,018880,skip,below_anchor,41f87c320261
14927185,2026-10-06 13:52:27,actions-trading,선행매집,047040,skip,below_anchor,30d6f625d180
14927185,2026-10-06 13:52:27,actions-trading,선행매집,007660,skip,below_anchor,9817828aa51b
14927185,2026-10-06 13:52:27,actions-trading,선행매집,066570,skip,below_anchor,7740e75217cf
14927185,2026-10-06 13:52:27,actions-trading,선행매집,002710,skip,below_anchor,b84a0f6fa2fe
14927185,2026-10-06 13:52:27,actions-trading,선행매집,006800,skip,below_anchor,46ae77944150
14927185,2026-10-06 13:52:27,actions-trading,선행매집,001250,skip,below_anchor,5d7050ee1ea9
14927185,2026-10-06 13:52:27,actions-trading,선행매집,009190,skip,below_anchor,80c47feb5903
14927185,2026-10-06 13:52:27,actions-trading,선행매집,005320,skip,amount,cc87416b9571
14927185,2026-10-06 13:52:27,actions-trading,선행매집,009830,skip,below_anchor,87ced24889ed
14927185,2026-10-06 13:52:27,actions-trading,선행매집,006400,skip,below_anchor,07c163100d3e
14927185,2026-10-06 13:52:27,actions-trading,선행매집,005690,skip,below_anchor,7166a2163485
14927185,2026-10-06 13:52:27,actions-trading,선행매집,025560,skip,below_anchor,f5df9e13a863
14927185,2026-10-06 13:52:27,actions-trading,선행매집,336370,skip,below_anchor,4cd68025b5e9
14927185,2026-10-06 13:52:27,actions-trading,선행매집,009150,skip,below_anchor,b19ea4f5becf
14927185,2026-10-06 13:52:27,actions-trading,선행매집,005360,skip,amount,d327d75b7a0e
14927185,2026-10-06 13:52:27,actions-trading,선행매집,279570,skip,below_anchor,a5b16396fb32
14927185,2026-10-06 13:52:27,actions-trading,선행매집,002700,skip,amount,089ff2272401
14927185,2026-10-06 13:52:27,actions-trading,선행매집,090460,skip,below_anchor,734a6f77a84f
14927185,2026-10-06 13:52:27,actions-trading,선행매집,011070,skip,below_anchor,3d7865615ca6
14927185,2026-10-06 13:52:27,actions-trading,선행매집,022100,skip,below_anchor,f8771ec650d2
14927185,2026-10-06 13:52:27,actions-trading,선행매집,010120,skip,below_anchor,efd10dc42bc0
14927185,2026-10-06 13:52:27,actions-trading,선행매집,192650,skip,sold_or_cooldown,07734a6e7de2
14927185,2026-10-06 13:52:27,actions-trading,선행매집,138930,skip,below_anchor,fae26af56d55
14927185,2026-10-06 13:52:27,actions-trading,선행매집,066970,skip,below_anchor,fbd5c54821a5
14927185,2026-10-06 13:52:27,actions-trading,선행매집,015760,skip,below_anchor,e7484aa9c509
14927185,2026-10-06 13:52:27,actions-trading,선행매집,003620,skip,below_anchor,bd1ec1797eb9
14927185,2026-10-06 13:52:27,actions-trading,선행매집,460860,skip,below_anchor,5fc79014239f
14927185,2026-10-06 13:52:27,actions-trading,선행매집,015260,skip,amount,705b880e89af
14927185,2026-10-06 13:52:27,actions-trading,선행매집,452260,skip,below_anchor,a9e4a050843c
14927185,2026-10-06 13:52:27,actions-trading,Sim9,_gate,skip,outside_entry_window,e3b0c44298fc
14927185,2026-10-06 13:52:27,actions-trading,Sim9,480370,seen,,42c5798ab7a4
14927185,2026-10-06 13:52:27,actions-trading,Sim9,003580,seen,,2ad28f13f41d
14927185,2026-10-06 13:52:27,actions-trading,Sim9,281820,seen,,fe8a73ba6124
14927185,2026-10-06 13:52:27,actions-trading,Sim9,006110,seen,,6e7dcb4a4f36
14927185,2026-10-06 13:52:27,actions-trading,Sim9,011070,seen,,3d7865615ca6
14927185,2026-10-06 13:52:27,actions-trading,Sim9,000020,seen,,1348c0247625
14927185,2026-10-06 13:52:27,actions-trading,Sim9,002710,seen,,b84a0f6fa2fe
14927185,2026-10-06 13:52:27,actions-trading,Sim9,007660,seen,,9817828aa51b
14927185,2026-10-06 13:52:27,actions-trading,Sim9,066970,seen,,fbd5c54821a5
14927185,2026-10-06 13:52:27,actions-trading,Sim9,008970,seen,,99064692e6b9
14927185,2026-10-06 13:52:27,actions-trading,Sim9,066570,seen,,7740e75217cf
14927185,2026-10-06 13:52:27,actions-trading,Sim9,006400,seen,,07c163100d3e
14927185,2026-10-06 13:52:27,actions-trading,Sim9,000150,seen,,97d6b7b3e8e7
14927185,2026-10-06 13:52:27,actions-trading,Sim9,005030,seen,,f386437b9c5b
14927185,2026-10-06 13:52:27,actions-trading,Sim9,066575,seen,,9818f5667ed6
14927185,2026-10-06 13:52:27,actions-trading,Sim9,002820,seen,,f17784c1e129
14927185,2026-10-06 13:52:27,actions-trading,Sim9,018670,seen,,e2c535778851
14927185,2026-10-06 13:52:27,actions-trading,Sim9,007810,seen,,a7b44c275ca3
14927185,2026-10-06 13:52:27,actions-trading,Sim9,090460,seen,,734a6f77a84f
14927185,2026-10-06 13:52:27,actions-trading,Sim9,336370,seen,,4cd68025b5e9
14927185,2026-10-06 13:52:27,actions-trading,Sim9,000157,seen,,1080f7ed57af
14927185,2026-10-06 13:52:27,actions-trading,Sim9,063160,seen,,8244cdaf2cf3
14927185,2026-10-06 13:52:27,actions-trading,Sim9,005320,seen,,cc87416b9571
14927185,2026-10-06 13:52:27,actions-trading,Sim9,000760,seen,,4645571c880a
14927185,2026-10-06 13:52:27,actions-trading,Sim9,005690,seen,,7166a2163485
14927185,2026-10-06 13:52:27,actions-trading,Sim9,298020,seen,,a0cb1d1a467d
14927185,2026-10-06 13:52:27,actions-trading,Sim9,006405,seen,,aec2d7a85516
14927185,2026-10-06 13:52:27,actions-trading,Sim9,020150,seen,,0b8b360af879
14927185,2026-10-06 13:52:27,actions-trading,Sim9,000155,seen,,7202131da3b1
14927185,2026-10-06 13:52:27,actions-trading,Sim9,001250,seen,,5d7050ee1ea9
14927185,2026-10-06 13:52:27,actions-trading,미너비니,192820,skip,below_pivot,70b2d0dde275
14927185,2026-10-06 13:52:27,actions-trading,미너비니,443060,skip,below_pivot,9cf775076b64
14927185,2026-10-06 13:52:27,actions-trading,Sim12,480370,skip,pb2_not_crashed,42c5798ab7a4
14927185,2026-10-06 13:52:27,actions-trading,Sim12,003580,skip,pb2_not_crashed,2ad28f13f41d
14927185,2026-10-06 13:52:27,actions-trading,Sim12,281820,skip,pb2_not_crashed,fe8a73ba6124
14927185,2026-10-06 13:52:27,actions-trading,Sim12,006110,skip,pb2_not_crashed,6e7dcb4a4f36
14927185,2026-10-06 13:52:27,actions-trading,Sim12,011070,skip,avoid_orgn_sell_high_per,3d7865615ca6
14927185,2026-10-06 13:52:27,actions-trading,Sim12,000020,skip,pb2_not_crashed,1348c0247625
14927185,2026-10-06 13:52:27,actions-trading,Sim12,002710,skip,avoid_frgn_sell_20d,b84a0f6fa2fe
14927185,2026-10-06 13:52:27,actions-trading,Sim12,007660,skip,pb2_not_crashed,9817828aa51b
14927185,2026-10-06 13:52:27,actions-trading,Sim12,066970,skip,pb2_not_crashed,fbd5c54821a5
14927185,2026-10-06 13:52:27,actions-trading,Sim12,008970,skip,pb2_not_crashed,99064692e6b9
14927185,2026-10-06 13:52:27,actions-trading,Sim12,066570,skip,pb2_not_crashed,7740e75217cf
14927185,2026-10-06 13:52:27,actions-trading,Sim12,006400,skip,pb2_not_crashed,07c163100d3e
14927185,2026-10-06 13:52:27,actions-trading,Sim12,000150,skip,avoid_frgn_sell_20d,97d6b7b3e8e7
14927185,2026-10-06 13:52:27,actions-trading,Sim12,005030,skip,avoid_amount_dry,f386437b9c5b
14927185,2026-10-06 13:52:27,actions-trading,Sim12,066575,skip,pb2_not_crashed,9818f5667ed6
14927185,2026-10-06 13:52:27,actions-trading,Sim12,002820,skip,avoid_deadcat,f17784c1e129
14927185,2026-10-06 13:52:27,actions-trading,Sim12,018670,skip,avoid_frgn_sell_20d,e2c535778851
14927185,2026-10-06 13:52:27,actions-trading,Sim12,007810,skip,pb2_not_crashed,a7b44c275ca3
14927185,2026-10-06 13:52:27,actions-trading,Sim12,090460,skip,pb2_not_crashed,734a6f77a84f
14927185,2026-10-06 13:52:27,actions-trading,Sim12,336370,skip,avoid_frgn_sell_20d,4cd68025b5e9
14927185,2026-10-06 13:52:27,actions-trading,Sim12,000157,skip,held_or_cooldown,1080f7ed57af
14927185,2026-10-06 13:52:27,actions-trading,Sim12,063160,skip,avoid_frgn_sell_20d,8244cdaf2cf3
14927185,2026-10-06 13:52:27,actions-trading,Sim12,005320,skip,pb2_not_crashed,cc87416b9571
14927185,2026-10-06 13:52:27,actions-trading,Sim12,000760,skip,pb2_not_crashed,4645571c880a
14927185,2026-10-06 13:52:27,actions-trading,Sim12,005690,skip,pb2_not_crashed,7166a2163485
14927185,2026-10-06 13:52:27,actions-trading,Sim12,298020,skip,avoid_orgn_sell_high_per,a0cb1d1a467d
14927185,2026-10-06 13:52:27,actions-trading,Sim12,006405,skip,pb2_not_crashed,aec2d7a85516
14927185,2026-10-06 13:52:27,actions-trading,Sim12,020150,skip,avoid_frgn_sell_20d,0b8b360af879
14927185,2026-10-06 13:52:27,actions-trading,Sim12,000155,skip,pb2_thin_liquidity,7202131da3b1
14927185,2026-10-06 13:52:27,actions-trading,Sim12,001250,skip,pb2_not_crashed,5d7050ee1ea9
14927185,2026-10-06 13:52:27,actions-trading,Sim12,005110,skip,avoid_amount_dry,c47d7f451b4b
14927185,2026-10-06 13:52:27,actions-trading,Sim12,015260,skip,pb2_no_inst_buying,705b880e89af
14927185,2026-10-06 13:52:27,actions-trading,Sim12,020120,skip,pb2_not_crashed,944c45eeeb46
14927185,2026-10-06 13:52:27,actions-trading,Sim12,004920,skip,pb2_not_crashed,6a6cc354c0ed
14927185,2026-10-06 13:52:27,actions-trading,Sim12,001525,skip,avoid_amount_dry,81205546f5c2
14927185,2026-10-06 13:52:27,actions-trading,Sim12,003010,skip,pb2_not_crashed,4fc22e8b7b07
14927185,2026-10-06 13:52:27,actions-trading,Sim12,079550,skip,pb2_not_crashed,2807b38c5069
14927185,2026-10-06 13:52:27,actions-trading,Sim12,051630,skip,avoid_amount_dry,a3b027b6edfc
14927185,2026-10-06 13:52:27,actions-trading,Sim12,036570,skip,pb2_not_crashed,2562dc542f54
14927185,2026-10-06 13:52:27,actions-trading,Sim12,002870,skip,avoid_frgn_sell_20d,747f9c04c12c
14927185,2026-10-06 13:52:27,actions-trading,Sim12,002785,skip,pb2_no_inst_buying,8f393f53ef85
14927185,2026-10-06 13:52:27,actions-trading,Sim12,003350,skip,avoid_amount_dry,8295c7838f04
14927185,2026-10-06 13:52:27,actions-trading,Sim12,014915,skip,pb2_not_crashed,6a49f6f7ba1f
14927185,2026-10-06 13:52:27,actions-trading,Sim12,001380,skip,avoid_frgn_sell_20d,2ea87f646a48
14927185,2026-10-06 13:52:27,actions-trading,Sim12,044820,skip,avoid_frgn_sell_20d,467f57b7ad30
14927185,2026-10-06 13:52:27,actions-trading,Sim12,003570,skip,avoid_frgn_sell_20d,e0c5b0c5a6ee
14927185,2026-10-06 13:52:27,actions-trading,Sim12,002787,skip,avoid_amount_dry,06a1b559f51b
14927185,2026-10-06 13:52:27,actions-trading,Sim12,084680,skip,avoid_frgn_sell_20d,b0996bc9ec35
14927185,2026-10-06 13:52:27,actions-trading,Sim12,071950,skip,pb2_no_inst_buying,7317fc66dd05
14927185,2026-10-06 13:52:27,actions-trading,Sim12,109070,skip,pb2_not_crashed,a57853d64f3d
14927185,2026-10-06 13:52:27,actions-trading,Sim12,443060,skip,avoid_amount_dry,9cf775076b64
14927185,2026-10-06 13:52:27,actions-trading,Sim12,100840,skip,avoid_amount_dry,8f8681b4e261
14927185,2026-10-06 13:52:27,actions-trading,Sim12,465770,skip,avoid_amount_dry,420d3a3926c1
14927185,2026-10-06 13:52:27,actions-trading,Sim12,027740,skip,avoid_frgn_sell_20d,8075a94a99f7
14927185,2026-10-06 13:52:27,actions-trading,Sim12,005880,skip,pb2_not_crashed,40992d2007b6
14927185,2026-10-06 13:52:27,actions-trading,Sim12,088790,skip,avoid_amount_dry,56420470164e
14927185,2026-10-06 13:52:27,actions-trading,Sim12,103140,skip,pb2_not_crashed,542d21e9ea19
14927185,2026-10-06 13:52:27,actions-trading,Sim12,026960,skip,pb2_not_crashed,e11f3ea6a4ff
14927185,2026-10-06 13:52:27,actions-trading,Sim12,064350,skip,avoid_frgn_sell_20d,489b73c32660
14927185,2026-10-06 13:52:27,actions-trading,Sim12,011300,skip,avoid_amount_dry,5a70741bdff0
14927185,2026-10-06 13:52:27,actions-trading,Sim13,480370,skip,no_frgn_support,42c5798ab7a4
14927185,2026-10-06 13:52:27,actions-trading,Sim13,003580,skip,theme_momentum_weak,2ad28f13f41d
14927185,2026-10-06 13:52:27,actions-trading,Sim13,281820,skip,no_frgn_support,fe8a73ba6124
14927185,2026-10-06 13:52:27,actions-trading,Sim13,006110,skip,theme_momentum_weak,6e7dcb4a4f36
14927185,2026-10-06 13:52:27,actions-trading,Sim13,011070,skip,theme_momentum_weak,3d7865615ca6
14927185,2026-10-06 13:52:27,actions-trading,Sim13,000020,skip,theme_momentum_weak,1348c0247625
14927185,2026-10-06 13:52:27,actions-trading,Sim13,002710,skip,adx_weak,b84a0f6fa2fe
14927185,2026-10-06 13:52:27,actions-trading,Sim13,007660,skip,adx_weak,9817828aa51b
14927185,2026-10-06 13:52:27,actions-trading,Sim13,066970,skip,theme_momentum_weak,fbd5c54821a5
14927185,2026-10-06 13:52:27,actions-trading,Sim13,008970,skip,adx_weak,99064692e6b9
14927185,2026-10-06 13:52:27,actions-trading,Sim13,066570,skip,theme_momentum_weak,7740e75217cf
14927185,2026-10-06 13:52:27,actions-trading,Sim13,006400,skip,theme_momentum_weak,07c163100d3e
14927185,2026-10-06 13:52:27,actions-trading,Sim13,000150,skip,adx_weak,97d6b7b3e8e7
14927185,2026-10-06 13:52:27,actions-trading,Sim13,005030,skip,theme_momentum_weak,f386437b9c5b
14927185,2026-10-06 13:52:27,actions-trading,Sim13,066575,skip,theme_momentum_weak,9818f5667ed6
14927185,2026-10-06 13:52:27,actions-trading,Sim13,002820,skip,theme_momentum_weak,f17784c1e129
14927185,2026-10-06 13:52:27,actions-trading,Sim13,018670,skip,theme_momentum_weak,e2c535778851
14927185,2026-10-06 13:52:27,actions-trading,Sim13,007810,skip,amount_not_surprised,a7b44c275ca3
14927185,2026-10-06 13:52:27,actions-trading,Sim13,090460,skip,theme_momentum_weak,734a6f77a84f
14927185,2026-10-06 13:52:27,actions-trading,Sim13,336370,skip,adx_weak,4cd68025b5e9
14927185,2026-10-06 13:52:27,actions-trading,Sim13,000157,skip,theme_momentum_weak,1080f7ed57af
14927185,2026-10-06 13:52:27,actions-trading,Sim13,063160,skip,theme_momentum_weak,8244cdaf2cf3
14927185,2026-10-06 13:52:27,actions-trading,Sim13,005320,skip,adx_weak,cc87416b9571
14927185,2026-10-06 13:52:27,actions-trading,Sim13,000760,skip,theme_momentum_weak,4645571c880a
14927185,2026-10-06 13:52:27,actions-trading,Sim13,005690,skip,adx_weak,7166a2163485
14927185,2026-10-06 13:52:27,actions-trading,Sim13,298020,skip,theme_momentum_weak,a0cb1d1a467d
14927185,2026-10-06 13:52:27,actions-trading,Sim13,006405,skip,theme_momentum_weak,aec2d7a85516
14927185,2026-10-06 13:52:27,actions-trading,Sim13,020150,skip,no_frgn_support,0b8b360af879
14927185,2026-10-06 13:52:27,actions-trading,Sim13,000155,skip,theme_momentum_weak,7202131da3b1
14927185,2026-10-06 13:52:27,actions-trading,Sim13,001250,skip,theme_momentum_weak,5d7050ee1ea9
14927185,2026-10-06 13:52:27,actions-trading,Sim14,_gate,skip,regime_blocked,e3b0c44298fc
14927185,2026-10-06 13:52:27,actions-trading,Sim15,_gate,skip,already_rebalanced,e3b0c44298fc
14927185,2026-10-06 13:52:27,actions-trading,Sim15,069500,seen,,b494a427dfa7
14927185,2026-10-06 13:52:27,actions-trading,Sim15,133690,seen,,09a09938132a
14927185,2026-10-06 13:52:27,actions-trading,Sim15,148070,seen,,361109a6a997
14927185,2026-10-06 13:52:27,actions-trading,Sim16,_gate,skip,already_rebalanced,e3b0c44298fc
14927185,2026-10-06 13:52:27,actions-trading,Sim16,122630,seen,,1ad2330d33de
14927185,2026-10-06 13:52:27,actions-trading,Sim16,418660,seen,,363fc181de0f
14927185,2026-10-06 13:52:27,actions-trading,Sim16,148070,seen,,361109a6a997
14927186,2026-10-06 13:53:30,actions-trading,Sim3,402340,skip,qty_zero,e9aa7287e3ee
14927186,2026-10-06 13:53:30,actions-trading,Sim3,383800,skip,amount,9864dfabe058
14927186,2026-10-06 13:53:30,actions-trading,Sim3,462870,skip,amount,d127104be674
14927186,2026-10-06 13:53:30,actions-trading,Sim3,000660,skip,qty_zero,30e8efa1cd8b
14927186,2026-10-06 13:53:30,actions-trading,Sim3,071970,skip,cooldown,8b08775dd766
14927186,2026-10-06 13:53:30,actions-trading,Sim3,042700,skip,not_cheap,4a826b29421b
14927186,2026-10-06 13:53:30,actions-trading,Sim3,326030,skip,cooldown,6d5c9377d0e6
14927186,2026-10-06 13:53:30,actions-trading,Sim3,207940,skip,not_cheap,1f59f6662454
14927186,2026-10-06 13:53:30,actions-trading,Sim3,033920,skip,amount,2e37739a0f5f
14927186,2026-10-06 13:53:30,actions-trading,Sim3,004770,skip,amount,f71ae0b7c50f
14927186,2026-10-06 13:53:30,actions-trading,Sim3,0126Z0,skip,not_cheap,e98e8c836f28
14927186,2026-10-06 13:53:30,actions-trading,Sim3,062040,skip,not_cheap,836ef330c5c3
14927186,2026-10-06 13:53:30,actions-trading,Sim3,317450,skip,amount,cba22b5dfe52
14927186,2026-10-06 13:53:30,actions-trading,Sim3,026960,skip,amount,0c352cd8b749
14927186,2026-10-06 13:53:30,actions-trading,Sim3,021820,skip,amount,95124231b607
14927186,2026-10-06 13:53:30,actions-trading,Sim3,192080,skip,amount,77175e643511
14927186,2026-10-06 13:53:30,actions-trading,Sim3,068270,skip,cooldown,e6ea8547ab77
14927186,2026-10-06 13:53:30,actions-trading,Sim3,123890,skip,amount,de70101f0c36
14927186,2026-10-06 13:53:30,actions-trading,Sim3,000240,skip,amount,d96ec208daa6
14927186,2026-10-06 13:53:30,actions-trading,Sim3,002380,skip,amount,39ad499f6136
14927186,2026-10-06 13:53:30,actions-trading,Sim3,009770,skip,amount,65f50820cb1b
14927186,2026-10-06 13:53:30,actions-trading,Sim3,259960,skip,cooldown,9279f175fadc
14927186,2026-10-06 13:53:30,actions-trading,Sim3,035250,skip,amount,4d4fdb5cfcba
14927186,2026-10-06 13:53:30,actions-trading,Sim3,383220,skip,amount,8fa1b34e9836
14927186,2026-10-06 13:53:30,actions-trading,Sim3,226320,skip,amount,06b916f2e25e
14927186,2026-10-06 13:53:30,actions-trading,Sim3,439260,skip,amount,1596551bf18d
14927186,2026-10-06 13:53:30,actions-trading,Sim3,025560,skip,cooldown,a03a367a2b55
14927186,2026-10-06 13:53:30,actions-trading,Sim3,007700,skip,amount,c5cf5ff191a7
14927186,2026-10-06 13:53:30,actions-trading,Sim3,278470,skip,not_cheap,a76d010bc27e
14927186,2026-10-06 13:53:30,actions-trading,Sim3,000990,skip,not_cheap,0dcee7211a8a
14927186,2026-10-06 13:53:30,actions-trading,Sim3,402340,skip,qty_zero,e9aa7287e3ee
14927186,2026-10-06 13:53:30,actions-trading,Sim3,383800,skip,amount,9864dfabe058
14927186,2026-10-06 13:53:30,actions-trading,Sim3,462870,skip,amount,d127104be674
14927186,2026-10-06 13:53:30,actions-trading,Sim3,000660,skip,qty_zero,30e8efa1cd8b
14927186,2026-10-06 13:53:30,actions-trading,Sim3,071970,skip,cooldown,8b08775dd766
14927186,2026-10-06 13:53:30,actions-trading,Sim3,042700,skip,not_cheap,4a826b29421b
14927186,2026-10-06 13:53:30,actions-trading,Sim3,326030,skip,held_or_sold_today,6d5c9377d0e6
14927186,2026-10-06 13:53:30,actions-trading,Sim3,207940,skip,not_cheap,1f59f6662454
14927186,2026-10-06 13:53:30,actions-trading,Sim3,033920,skip,amount,2e37739a0f5f
14927186,2026-10-06 13:53:30,actions-trading,Sim3,004770,skip,amount,f71ae0b7c50f
14927186,2026-10-06 13:53:30,actions-trading,Sim3,0126Z0,skip,not_cheap,e98e8c836f28
14927186,2026-10-06 13:53:30,actions-trading,Sim3,062040,skip,not_cheap,836ef330c5c3
14927186,2026-10-06 13:53:30,actions-trading,Sim3,317450,skip,amount,cba22b5dfe52
14927186,2026-10-06 13:53:30,actions-trading,Sim3,026960,skip,amount,0c352cd8b749
14927186,2026-10-06 13:53:30,actions-trading,Sim3,021820,skip,amount,95124231b607
14927186,2026-10-06 13:53:30,actions-trading,Sim3,192080,skip,amount,77175e643511
14927186,2026-10-06 13:53:30,actions-trading,Sim3,068270,skip,held_or_sold_today,e6ea8547ab77
14927186,2026-10-06 13:53:30,actions-trading,Sim3,123890,skip,amount,de70101f0c36
14927186,2026-10-06 13:53:30,actions-trading,Sim3,000240,skip,amount,d96ec208daa6
14927186,2026-10-06 13:53:30,actions-trading,Sim3,002380,skip,held_or_sold_today,39ad499f6136
14927186,2026-10-06 13:53:30,actions-trading,Sim3,009770,skip,amount,65f50820cb1b
14927186,2026-10-06 13:53:30,actions-trading,Sim3,259960,skip,held_or_sold_today,9279f175fadc
14927186,2026-10-06 13:53:30,actions-trading,Sim3,035250,skip,amount,4d4fdb5cfcba
14927186,2026-10-06 13:53:30,actions-trading,Sim3,383220,skip,amount,8fa1b34e9836
14927186,2026-10-06 13:53:30,actions-trading,Sim3,226320,skip,amount,06b916f2e25e
14927186,2026-10-06 13:53:30,actions-trading,Sim3,439260,skip,amount,1596551bf18d
14927186,2026-10-06 13:53:30,actions-trading,Sim3,025560,skip,amount,a03a367a2b55
14927186,2026-10-06 13:53:30,actions-trading,Sim3,007700,skip,amount,c5cf5ff191a7
14927186,2026-10-06 13:53:30,actions-trading,Sim3,278470,skip,not_cheap,a76d010bc27e
14927186,2026-10-06 13:53:30,actions-trading,Sim3,000990,skip,not_cheap,0dcee7211a8a
14927186,2026-10-06 13:54:09,actions-trading,MFHS2,018880,skip,max_holdings,4805ee817be4
14927186,2026-10-06 13:54:09,actions-trading,MFHS2,047040,seen,,198d1c6d615d
14927186,2026-10-06 13:54:09,actions-trading,MFHS2,007660,seen,,6c8c12ae1afd
14927186,2026-10-06 13:54:09,actions-trading,MFHS2,066570,seen,,aacff6067f10
14927186,2026-10-06 13:54:09,actions-trading,MFHS2,009190,seen,,9e92328a7f23
14927186,2026-10-06 13:54:09,actions-trading,MFHS2,002710,seen,,ccac558bf4ca
14927186,2026-10-06 13:54:09,actions-trading,MFHS2,005690,seen,,4c509c6ddcf5
14927186,2026-10-06 13:54:09,actions-trading,MFHS2,025560,seen,,a03a367a2b55
14927186,2026-10-06 13:54:09,actions-trading,MFHS2,005360,seen,,4d6fd5cf481a
14927186,2026-10-06 13:54:09,actions-trading,MFHS2,009830,seen,,cf37c34bbace
14927186,2026-10-06 13:54:09,actions-trading,MFHS2,006400,seen,,d678b3f3345a
14927186,2026-10-06 13:54:09,actions-trading,MFHS2,002700,seen,,089ff2272401
14927186,2026-10-06 13:54:09,actions-trading,MFHS2,279570,seen,,9724789b366c
14927186,2026-10-06 13:54:09,actions-trading,MFHS2,138930,seen,,a3ea009882a6
14927186,2026-10-06 13:54:09,actions-trading,MFHS2,090460,seen,,a33d3bb86db2
14927186,2026-10-06 13:54:09,actions-trading,MFHS2,009150,seen,,688fd8f50d76
14927186,2026-10-06 13:54:09,actions-trading,MFHS2,317400,seen,,507e1fb8ade6
14927186,2026-10-06 13:54:09,actions-trading,MFHS2,460860,seen,,ebcb8f1c51a8
14927186,2026-10-06 13:54:09,actions-trading,MFHS2,006800,seen,,995c44de5b56
14927186,2026-10-06 13:54:09,actions-trading,MFHS2,010120,seen,,43c527bcb0be
14927186,2026-10-06 13:54:09,actions-trading,MFHS2,011070,seen,,6803e2294bbd
14927186,2026-10-06 13:54:09,actions-trading,MFHS2,022100,seen,,8703894d3831
14927186,2026-10-06 13:54:09,actions-trading,MFHS2,003620,seen,,067e25227c79
14927186,2026-10-06 13:54:09,actions-trading,MFHS2,015260,seen,,3cc1a87e1282
14927186,2026-10-06 13:54:09,actions-trading,MFHS2,452260,seen,,f02b572378e0
14927186,2026-10-06 13:54:09,actions-trading,MFHS2,001230,seen,,c2a74cfbe301
14927186,2026-10-06 13:54:09,actions-trading,MFHS2,066970,seen,,8f06be8d4b79
14927186,2026-10-06 13:54:09,actions-trading,MFHS2,066575,seen,,f93212b132e1
14927186,2026-10-06 13:54:09,actions-trading,MFHS2,004020,seen,,0915fac2ef6e
14927186,2026-10-06 13:54:09,actions-trading,MFHS2,002990,seen,,7117d6f6282d
14927186,2026-10-06 13:54:11,actions-trading,상승모멘텀,480370,skip,adx_high,915fa6d55c3b
14927186,2026-10-06 13:54:11,actions-trading,상승모멘텀,003580,skip,adx_high,80187a0eb862
14927186,2026-10-06 13:54:11,actions-trading,상승모멘텀,000020,skip,adx_low,9812103dcc79
14927186,2026-10-06 13:54:11,actions-trading,상승모멘텀,281820,skip,adx_high,c0d7988643f6
14927186,2026-10-06 13:54:11,actions-trading,상승모멘텀,006110,skip,adx_high,003adcc78775
14927186,2026-10-06 13:54:11,actions-trading,상승모멘텀,011070,skip,adx_low,6803e2294bbd
14927186,2026-10-06 13:54:11,actions-trading,상승모멘텀,002710,skip,tick,ccac558bf4ca
14927186,2026-10-06 13:54:11,actions-trading,상승모멘텀,066970,skip,adx_low,8f06be8d4b79
14927186,2026-10-06 13:54:11,actions-trading,상승모멘텀,007660,skip,held_or_sold_today,6c8c12ae1afd
14927186,2026-10-06 13:54:11,actions-trading,상승모멘텀,006400,skip,adx_low,d678b3f3345a
14927186,2026-10-06 13:54:11,actions-trading,상승모멘텀,008970,skip,tick,f13e5f079a8a
14927186,2026-10-06 13:54:11,actions-trading,상승모멘텀,066570,skip,adx_low,aacff6067f10
14927186,2026-10-06 13:54:11,actions-trading,상승모멘텀,005030,skip,amount,f386437b9c5b
14927186,2026-10-06 13:54:11,actions-trading,상승모멘텀,000150,skip,adx_high,462e9c91876b
14927186,2026-10-06 13:54:11,actions-trading,상승모멘텀,066575,skip,adx_high,f93212b132e1
14927186,2026-10-06 13:54:11,actions-trading,상승모멘텀,007810,skip,adx_high,b8490b4328de
14927186,2026-10-06 13:54:11,actions-trading,상승모멘텀,018670,skip,period,70c892a0fbfc
14927186,2026-10-06 13:54:11,actions-trading,상승모멘텀,002820,skip,amount,80e8bbd97c65
14927186,2026-10-06 13:54:11,actions-trading,상승모멘텀,090460,skip,period,a33d3bb86db2
14927186,2026-10-06 13:54:11,actions-trading,상승모멘텀,336370,skip,adx_high,dcca3bf21e40
14927186,2026-10-06 13:54:11,actions-trading,상승모멘텀,000157,skip,amount,1080f7ed57af
14927186,2026-10-06 13:54:11,actions-trading,상승모멘텀,005690,skip,period,4c509c6ddcf5
14927186,2026-10-06 13:54:11,actions-trading,상승모멘텀,005320,skip,amount,c17da18f1e57
14927186,2026-10-06 13:54:11,actions-trading,상승모멘텀,020150,skip,held_or_sold_today,55f5bae34ee9
14927186,2026-10-06 13:54:11,actions-trading,상승모멘텀,063160,skip,amount,8244cdaf2cf3
14927186,2026-10-06 13:54:11,actions-trading,상승모멘텀,000760,skip,amount,4645571c880a
14927186,2026-10-06 13:54:11,actions-trading,상승모멘텀,298020,skip,adx_high,952a35f2c660
14927186,2026-10-06 13:54:11,actions-trading,상승모멘텀,353200,skip,adx_high,7ff8f63b5eca
14927186,2026-10-06 13:54:11,actions-trading,상승모멘텀,006405,skip,amount,d959e0c689f9
14927186,2026-10-06 13:54:11,actions-trading,상승모멘텀,322000,skip,adx_high,03b387f4c4e1
14927186,2026-10-06 13:54:11,actions-trading,Sim6,_gate,skip,already_rebalanced,e3b0c44298fc
14927186,2026-10-06 13:54:11,actions-trading,Sim6,069500,seen,,a3d2c07717bb
14927186,2026-10-06 13:54:11,actions-trading,Sim6,360750,seen,,39d36689a888
14927186,2026-10-06 13:54:11,actions-trading,Sim6,148070,seen,,759e08017c8f
14927186,2026-10-06 13:54:11,actions-trading,Sim6,411060,seen,,9a16b8ad3543
14927186,2026-10-06 13:54:11,actions-trading,Sim6,305080,seen,,a2a00140d1a1
14927186,2026-10-06 13:54:11,actions-trading,Sim6,357870,seen,,07daca5bb06b
14927186,2026-10-06 13:54:12,actions-trading,Sim4-1,480370,skip,adx_high,915fa6d55c3b
14927186,2026-10-06 13:54:12,actions-trading,Sim4-1,003580,skip,adx_high,80187a0eb862
14927186,2026-10-06 13:54:12,actions-trading,Sim4-1,000020,skip,adx_low,9812103dcc79
14927186,2026-10-06 13:54:12,actions-trading,Sim4-1,281820,skip,adx_high,c0d7988643f6
14927186,2026-10-06 13:54:12,actions-trading,Sim4-1,006110,skip,adx_high,003adcc78775
14927186,2026-10-06 13:54:12,actions-trading,Sim4-1,011070,skip,adx_low,6803e2294bbd
14927186,2026-10-06 13:54:12,actions-trading,Sim4-1,002710,skip,held_or_cooldown,ccac558bf4ca
14927186,2026-10-06 13:54:12,actions-trading,Sim4-1,066970,skip,adx_low,8f06be8d4b79
14927186,2026-10-06 13:54:12,actions-trading,Sim4-1,007660,skip,held_or_cooldown,6c8c12ae1afd
14927186,2026-10-06 13:54:12,actions-trading,Sim4-1,006400,skip,adx_low,d678b3f3345a
14927186,2026-10-06 13:54:12,actions-trading,Sim4-1,008970,skip,held_or_cooldown,f13e5f079a8a
14927186,2026-10-06 13:54:12,actions-trading,Sim4-1,066570,skip,adx_low,aacff6067f10
14927186,2026-10-06 13:54:12,actions-trading,Sim4-1,005030,skip,amount,f386437b9c5b
14927186,2026-10-06 13:54:12,actions-trading,Sim4-1,000150,skip,adx_high,462e9c91876b
14927186,2026-10-06 13:54:12,actions-trading,Sim4-1,066575,skip,adx_high,f93212b132e1
14927186,2026-10-06 13:54:12,actions-trading,Sim4-1,007810,skip,adx_high,b8490b4328de
14927186,2026-10-06 13:54:12,actions-trading,Sim4-1,018670,skip,period,70c892a0fbfc
14927186,2026-10-06 13:54:12,actions-trading,Sim4-1,002820,skip,amount,80e8bbd97c65
14927186,2026-10-06 13:54:12,actions-trading,Sim4-1,090460,skip,period,a33d3bb86db2
14927186,2026-10-06 13:54:12,actions-trading,Sim4-1,336370,skip,adx_high,dcca3bf21e40
14927186,2026-10-06 13:54:12,actions-trading,Sim4-1,000157,skip,amount,1080f7ed57af
14927186,2026-10-06 13:54:12,actions-trading,Sim4-1,005690,skip,period,4c509c6ddcf5
14927186,2026-10-06 13:54:12,actions-trading,Sim4-1,005320,skip,amount,c17da18f1e57
14927186,2026-10-06 13:54:12,actions-trading,Sim4-1,020150,skip,held_or_cooldown,55f5bae34ee9
14927186,2026-10-06 13:54:12,actions-trading,Sim4-1,063160,skip,amount,8244cdaf2cf3
14927186,2026-10-06 13:54:12,actions-trading,Sim4-1,000760,skip,amount,4645571c880a
14927186,2026-10-06 13:54:12,actions-trading,Sim4-1,298020,skip,adx_high,952a35f2c660
14927186,2026-10-06 13:54:12,actions-trading,Sim4-1,353200,skip,adx_high,7ff8f63b5eca
14927186,2026-10-06 13:54:12,actions-trading,Sim4-1,006405,skip,amount,d959e0c689f9
14927186,2026-10-06 13:54:12,actions-trading,Sim4-1,322000,skip,adx_high,03b387f4c4e1
14927186,2026-10-06 13:54:15,actions-trading,선행매집,018880,skip,below_anchor,4805ee817be4
14927186,2026-10-06 13:54:15,actions-trading,선행매집,047040,skip,below_anchor,198d1c6d615d
14927186,2026-10-06 13:54:15,actions-trading,선행매집,007660,skip,below_anchor,6c8c12ae1afd
14927186,2026-10-06 13:54:15,actions-trading,선행매집,066570,skip,below_anchor,aacff6067f10
14927186,2026-10-06 13:54:15,actions-trading,선행매집,002710,skip,below_anchor,ccac558bf4ca
14927186,2026-10-06 13:54:15,actions-trading,선행매집,006800,skip,below_anchor,995c44de5b56
14927186,2026-10-06 13:54:15,actions-trading,선행매집,001250,skip,below_anchor,0aa37ac381f8
14927186,2026-10-06 13:54:15,actions-trading,선행매집,009190,skip,below_anchor,9e92328a7f23
14927186,2026-10-06 13:54:15,actions-trading,선행매집,005320,skip,amount,c17da18f1e57
14927186,2026-10-06 13:54:15,actions-trading,선행매집,009830,skip,below_anchor,cf37c34bbace
14927186,2026-10-06 13:54:15,actions-trading,선행매집,006400,skip,below_anchor,d678b3f3345a
14927186,2026-10-06 13:54:15,actions-trading,선행매집,005690,skip,below_anchor,4c509c6ddcf5
14927186,2026-10-06 13:54:15,actions-trading,선행매집,025560,skip,below_anchor,a03a367a2b55
14927186,2026-10-06 13:54:15,actions-trading,선행매집,336370,skip,below_anchor,dcca3bf21e40
14927186,2026-10-06 13:54:15,actions-trading,선행매집,009150,skip,below_anchor,688fd8f50d76
14927186,2026-10-06 13:54:15,actions-trading,선행매집,005360,skip,amount,4d6fd5cf481a
14927186,2026-10-06 13:54:15,actions-trading,선행매집,279570,skip,below_anchor,9724789b366c
14927186,2026-10-06 13:54:15,actions-trading,선행매집,002700,skip,amount,089ff2272401
14927186,2026-10-06 13:54:15,actions-trading,선행매집,090460,skip,below_anchor,a33d3bb86db2
14927186,2026-10-06 13:54:15,actions-trading,선행매집,011070,skip,below_anchor,6803e2294bbd
14927186,2026-10-06 13:54:15,actions-trading,선행매집,022100,skip,below_anchor,8703894d3831
14927186,2026-10-06 13:54:15,actions-trading,선행매집,010120,skip,below_anchor,43c527bcb0be
14927186,2026-10-06 13:54:15,actions-trading,선행매집,192650,skip,sold_or_cooldown,c3f65f012b41
14927186,2026-10-06 13:54:15,actions-trading,선행매집,138930,skip,below_anchor,a3ea009882a6
14927186,2026-10-06 13:54:15,actions-trading,선행매집,066970,skip,below_anchor,8f06be8d4b79
14927186,2026-10-06 13:54:15,actions-trading,선행매집,015760,skip,below_anchor,45fbca88b37f
14927186,2026-10-06 13:54:15,actions-trading,선행매집,003620,skip,below_anchor,067e25227c79
14927186,2026-10-06 13:54:15,actions-trading,선행매집,460860,skip,below_anchor,ebcb8f1c51a8
14927186,2026-10-06 13:54:15,actions-trading,선행매집,015260,skip,amount,3cc1a87e1282
14927186,2026-10-06 13:54:15,actions-trading,선행매집,452260,skip,below_anchor,f02b572378e0
14927186,2026-10-06 13:54:15,actions-trading,Sim9,_gate,skip,outside_entry_window,e3b0c44298fc
14927186,2026-10-06 13:54:15,actions-trading,Sim9,480370,seen,,915fa6d55c3b
14927186,2026-10-06 13:54:15,actions-trading,Sim9,003580,seen,,80187a0eb862
14927186,2026-10-06 13:54:15,actions-trading,Sim9,000020,seen,,9812103dcc79
14927186,2026-10-06 13:54:15,actions-trading,Sim9,281820,seen,,c0d7988643f6
14927186,2026-10-06 13:54:15,actions-trading,Sim9,006110,seen,,003adcc78775
14927186,2026-10-06 13:54:15,actions-trading,Sim9,011070,seen,,6803e2294bbd
14927186,2026-10-06 13:54:15,actions-trading,Sim9,002710,seen,,ccac558bf4ca
14927186,2026-10-06 13:54:15,actions-trading,Sim9,066970,seen,,8f06be8d4b79
14927186,2026-10-06 13:54:15,actions-trading,Sim9,007660,seen,,6c8c12ae1afd
14927186,2026-10-06 13:54:15,actions-trading,Sim9,006400,seen,,d678b3f3345a
14927186,2026-10-06 13:54:15,actions-trading,Sim9,008970,seen,,f13e5f079a8a
14927186,2026-10-06 13:54:15,actions-trading,Sim9,066570,seen,,aacff6067f10
14927186,2026-10-06 13:54:15,actions-trading,Sim9,005030,seen,,f386437b9c5b
14927186,2026-10-06 13:54:15,actions-trading,Sim9,000150,seen,,462e9c91876b
14927186,2026-10-06 13:54:15,actions-trading,Sim9,066575,seen,,f93212b132e1
14927186,2026-10-06 13:54:15,actions-trading,Sim9,007810,seen,,b8490b4328de
14927186,2026-10-06 13:54:15,actions-trading,Sim9,018670,seen,,70c892a0fbfc
14927186,2026-10-06 13:54:15,actions-trading,Sim9,002820,seen,,80e8bbd97c65
14927186,2026-10-06 13:54:15,actions-trading,Sim9,090460,seen,,a33d3bb86db2
14927186,2026-10-06 13:54:15,actions-trading,Sim9,336370,seen,,dcca3bf21e40
14927186,2026-10-06 13:54:15,actions-trading,Sim9,000157,seen,,1080f7ed57af
14927186,2026-10-06 13:54:15,actions-trading,Sim9,005690,seen,,4c509c6ddcf5
14927186,2026-10-06 13:54:15,actions-trading,Sim9,005320,seen,,c17da18f1e57
14927186,2026-10-06 13:54:15,actions-trading,Sim9,020150,seen,,55f5bae34ee9
14927186,2026-10-06 13:54:15,actions-trading,Sim9,063160,seen,,8244cdaf2cf3
14927186,2026-10-06 13:54:15,actions-trading,Sim9,000760,seen,,4645571c880a
14927186,2026-10-06 13:54:15,actions-trading,Sim9,298020,seen,,952a35f2c660
14927186,2026-10-06 13:54:15,actions-trading,Sim9,353200,seen,,7ff8f63b5eca
14927186,2026-10-06 13:54:15,actions-trading,Sim9,006405,seen,,d959e0c689f9
14927186,2026-10-06 13:54:15,actions-trading,Sim9,322000,seen,,03b387f4c4e1
14927186,2026-10-06 13:54:15,actions-trading,미너비니,192820,skip,below_pivot,d42aac5aa9f8
14927186,2026-10-06 13:54:15,actions-trading,미너비니,443060,skip,below_pivot,af42d7a51759
14927186,2026-10-06 13:54:15,actions-trading,Sim12,480370,skip,pb2_not_crashed,915fa6d55c3b
14927186,2026-10-06 13:54:15,actions-trading,Sim12,003580,skip,pb2_not_crashed,80187a0eb862
14927186,2026-10-06 13:54:15,actions-trading,Sim12,000020,skip,pb2_not_crashed,9812103dcc79
14927186,2026-10-06 13:54:15,actions-trading,Sim12,281820,skip,pb2_not_crashed,c0d7988643f6
14927186,2026-10-06 13:54:15,actions-trading,Sim12,006110,skip,pb2_not_crashed,003adcc78775
14927186,2026-10-06 13:54:15,actions-trading,Sim12,011070,skip,avoid_orgn_sell_high_per,6803e2294bbd
14927186,2026-10-06 13:54:15,actions-trading,Sim12,002710,skip,avoid_frgn_sell_20d,ccac558bf4ca
14927186,2026-10-06 13:54:15,actions-trading,Sim12,066970,skip,pb2_not_crashed,8f06be8d4b79
14927186,2026-10-06 13:54:15,actions-trading,Sim12,007660,skip,pb2_not_crashed,6c8c12ae1afd
14927186,2026-10-06 13:54:15,actions-trading,Sim12,006400,skip,pb2_not_crashed,d678b3f3345a
14927186,2026-10-06 13:54:15,actions-trading,Sim12,008970,skip,pb2_not_crashed,f13e5f079a8a
14927186,2026-10-06 13:54:15,actions-trading,Sim12,066570,skip,pb2_not_crashed,aacff6067f10
14927186,2026-10-06 13:54:15,actions-trading,Sim12,005030,skip,avoid_amount_dry,f386437b9c5b
14927186,2026-10-06 13:54:15,actions-trading,Sim12,000150,skip,avoid_frgn_sell_20d,462e9c91876b
14927186,2026-10-06 13:54:15,actions-trading,Sim12,066575,skip,pb2_not_crashed,f93212b132e1
14927186,2026-10-06 13:54:15,actions-trading,Sim12,007810,skip,pb2_not_crashed,b8490b4328de
14927186,2026-10-06 13:54:15,actions-trading,Sim12,018670,skip,avoid_frgn_sell_20d,70c892a0fbfc
14927186,2026-10-06 13:54:15,actions-trading,Sim12,002820,skip,avoid_deadcat,80e8bbd97c65
14927186,2026-10-06 13:54:15,actions-trading,Sim12,090460,skip,pb2_not_crashed,a33d3bb86db2
14927186,2026-10-06 13:54:15,actions-trading,Sim12,336370,skip,avoid_frgn_sell_20d,dcca3bf21e40
14927186,2026-10-06 13:54:15,actions-trading,Sim12,000157,skip,held_or_cooldown,1080f7ed57af
14927186,2026-10-06 13:54:15,actions-trading,Sim12,005690,skip,pb2_not_crashed,4c509c6ddcf5
14927186,2026-10-06 13:54:15,actions-trading,Sim12,005320,skip,pb2_not_crashed,c17da18f1e57
14927186,2026-10-06 13:54:15,actions-trading,Sim12,020150,skip,avoid_frgn_sell_20d,55f5bae34ee9
14927186,2026-10-06 13:54:15,actions-trading,Sim12,063160,skip,avoid_frgn_sell_20d,8244cdaf2cf3
14927186,2026-10-06 13:54:15,actions-trading,Sim12,000760,skip,pb2_not_crashed,4645571c880a
14927186,2026-10-06 13:54:15,actions-trading,Sim12,298020,skip,avoid_orgn_sell_high_per,952a35f2c660
14927186,2026-10-06 13:54:15,actions-trading,Sim12,353200,skip,avoid_orgn_sell_high_per,7ff8f63b5eca
14927186,2026-10-06 13:54:15,actions-trading,Sim12,006405,skip,pb2_not_crashed,d959e0c689f9
14927186,2026-10-06 13:54:15,actions-trading,Sim12,322000,skip,pb2_not_crashed,03b387f4c4e1
14927186,2026-10-06 13:54:15,actions-trading,Sim12,005110,skip,avoid_amount_dry,c47d7f451b4b
14927186,2026-10-06 13:54:15,actions-trading,Sim12,015260,skip,pb2_no_inst_buying,3cc1a87e1282
14927186,2026-10-06 13:54:15,actions-trading,Sim12,020120,skip,pb2_not_crashed,871f37c97d01
14927186,2026-10-06 13:54:15,actions-trading,Sim12,004920,skip,pb2_not_crashed,289918b45491
14927186,2026-10-06 13:54:15,actions-trading,Sim12,001525,skip,avoid_amount_dry,81205546f5c2
14927186,2026-10-06 13:54:15,actions-trading,Sim12,003010,skip,pb2_not_crashed,62d831e8867c
14927186,2026-10-06 13:54:15,actions-trading,Sim12,002870,skip,avoid_frgn_sell_20d,6d4fb3433a3a
14927186,2026-10-06 13:54:15,actions-trading,Sim12,079550,skip,pb2_not_crashed,0bf7aaac94c1
14927186,2026-10-06 13:54:15,actions-trading,Sim12,051630,skip,avoid_amount_dry,a3b027b6edfc
14927186,2026-10-06 13:54:15,actions-trading,Sim12,002785,skip,pb2_no_inst_buying,8f393f53ef85
14927186,2026-10-06 13:54:15,actions-trading,Sim12,003350,skip,avoid_amount_dry,432dc53a3e88
14927186,2026-10-06 13:54:15,actions-trading,Sim12,014915,skip,pb2_not_crashed,6a49f6f7ba1f
14927186,2026-10-06 13:54:15,actions-trading,Sim12,044820,skip,avoid_frgn_sell_20d,666562ed90d2
14927186,2026-10-06 13:54:15,actions-trading,Sim12,036570,skip,pb2_not_crashed,fa285318c520
14927186,2026-10-06 13:54:15,actions-trading,Sim12,002787,skip,avoid_amount_dry,06a1b559f51b
14927186,2026-10-06 13:54:15,actions-trading,Sim12,003570,skip,avoid_frgn_sell_20d,64b37790e0ad
14927186,2026-10-06 13:54:15,actions-trading,Sim12,001380,skip,avoid_frgn_sell_20d,b28c60580f57
14927186,2026-10-06 13:54:15,actions-trading,Sim12,443060,skip,avoid_amount_dry,af42d7a51759
14927186,2026-10-06 13:54:15,actions-trading,Sim12,084680,skip,avoid_frgn_sell_20d,b0996bc9ec35
14927186,2026-10-06 13:54:15,actions-trading,Sim12,071950,skip,pb2_no_inst_buying,7317fc66dd05
14927186,2026-10-06 13:54:15,actions-trading,Sim12,109070,skip,pb2_not_crashed,a57853d64f3d
14927186,2026-10-06 13:54:15,actions-trading,Sim12,100840,skip,avoid_amount_dry,6f61d30a198b
14927186,2026-10-06 13:54:15,actions-trading,Sim12,005880,skip,pb2_not_crashed,37acfd90cd83
14927186,2026-10-06 13:54:15,actions-trading,Sim12,027740,skip,avoid_frgn_sell_20d,f82fa30ba9fb
14927186,2026-10-06 13:54:15,actions-trading,Sim12,465770,skip,avoid_amount_dry,c694166ef4a3
14927186,2026-10-06 13:54:15,actions-trading,Sim12,103140,skip,pb2_not_crashed,7e55f0e13a9c
14927186,2026-10-06 13:54:15,actions-trading,Sim12,088790,skip,avoid_amount_dry,9faa27479548
14927186,2026-10-06 13:54:15,actions-trading,Sim12,026960,skip,pb2_not_crashed,43a3c9d92805
14927186,2026-10-06 13:54:15,actions-trading,Sim12,064350,skip,avoid_frgn_sell_20d,34ae7e205bd4
14927186,2026-10-06 13:54:15,actions-trading,Sim12,011300,skip,avoid_amount_dry,a3c12f9a272d
14927186,2026-10-06 13:54:15,actions-trading,Sim13,480370,skip,no_frgn_support,915fa6d55c3b
14927186,2026-10-06 13:54:15,actions-trading,Sim13,003580,skip,theme_momentum_weak,80187a0eb862
14927186,2026-10-06 13:54:15,actions-trading,Sim13,000020,skip,theme_momentum_weak,9812103dcc79
14927186,2026-10-06 13:54:15,actions-trading,Sim13,281820,skip,no_frgn_support,c0d7988643f6
14927186,2026-10-06 13:54:15,actions-trading,Sim13,006110,skip,theme_momentum_weak,003adcc78775
14927186,2026-10-06 13:54:15,actions-trading,Sim13,011070,skip,theme_momentum_weak,6803e2294bbd
14927186,2026-10-06 13:54:15,actions-trading,Sim13,002710,skip,adx_weak,ccac558bf4ca
14927186,2026-10-06 13:54:15,actions-trading,Sim13,066970,skip,theme_momentum_weak,8f06be8d4b79
14927186,2026-10-06 13:54:15,actions-trading,Sim13,007660,skip,adx_weak,6c8c12ae1afd
14927186,2026-10-06 13:54:15,actions-trading,Sim13,006400,skip,theme_momentum_weak,d678b3f3345a
14927186,2026-10-06 13:54:15,actions-trading,Sim13,008970,skip,adx_weak,f13e5f079a8a
14927186,2026-10-06 13:54:15,actions-trading,Sim13,066570,skip,theme_momentum_weak,aacff6067f10
14927186,2026-10-06 13:54:15,actions-trading,Sim13,005030,skip,theme_momentum_weak,f386437b9c5b
14927186,2026-10-06 13:54:15,actions-trading,Sim13,000150,skip,adx_weak,462e9c91876b
14927186,2026-10-06 13:54:15,actions-trading,Sim13,066575,skip,theme_momentum_weak,f93212b132e1
14927186,2026-10-06 13:54:15,actions-trading,Sim13,007810,skip,amount_not_surprised,b8490b4328de
14927186,2026-10-06 13:54:15,actions-trading,Sim13,018670,skip,theme_momentum_weak,70c892a0fbfc
14927186,2026-10-06 13:54:15,actions-trading,Sim13,002820,skip,theme_momentum_weak,80e8bbd97c65
14927186,2026-10-06 13:54:15,actions-trading,Sim13,090460,skip,theme_momentum_weak,a33d3bb86db2
14927186,2026-10-06 13:54:15,actions-trading,Sim13,336370,skip,adx_weak,dcca3bf21e40
14927186,2026-10-06 13:54:15,actions-trading,Sim13,000157,skip,theme_momentum_weak,1080f7ed57af
14927186,2026-10-06 13:54:15,actions-trading,Sim13,005690,skip,adx_weak,4c509c6ddcf5
14927186,2026-10-06 13:54:15,actions-trading,Sim13,005320,skip,adx_weak,c17da18f1e57
14927186,2026-10-06 13:54:15,actions-trading,Sim13,020150,skip,no_frgn_support,55f5bae34ee9
14927186,2026-10-06 13:54:15,actions-trading,Sim13,063160,skip,theme_momentum_weak,8244cdaf2cf3
14927186,2026-10-06 13:54:15,actions-trading,Sim13,000760,skip,theme_momentum_weak,4645571c880a
14927186,2026-10-06 13:54:15,actions-trading,Sim13,298020,skip,theme_momentum_weak,952a35f2c660
14927186,2026-10-06 13:54:15,actions-trading,Sim13,353200,skip,amount_not_surprised,7ff8f63b5eca
14927186,2026-10-06 13:54:15,actions-trading,Sim13,006405,skip,theme_momentum_weak,d959e0c689f9
14927186,2026-10-06 13:54:15,actions-trading,Sim13,322000,skip,theme_momentum_weak,03b387f4c4e1
14927186,2026-10-06 13:54:15,actions-trading,Sim14,_gate,skip,regime_blocked,e3b0c44298fc
14927186,2026-10-06 13:54:15,actions-trading,Sim15,_gate,skip,already_rebalanced,e3b0c44298fc
14927186,2026-10-06 13:54:15,actions-trading,Sim15,069500,seen,,a3d2c07717bb
14927186,2026-10-06 13:54:15,actions-trading,Sim15,133690,seen,,43538099db70
14927186,2026-10-06 13:54:15,actions-trading,Sim15,148070,seen,,759e08017c8f
14927186,2026-10-06 13:54:15,actions-trading,Sim16,_gate,skip,already_rebalanced,e3b0c44298fc
14927186,2026-10-06 13:54:15,actions-trading,Sim16,122630,seen,,b7c334003863
14927186,2026-10-06 13:54:15,actions-trading,Sim16,418660,seen,,6ccaf49bb0b0
14927186,2026-10-06 13:54:15,actions-trading,Sim16,148070,seen,,759e08017c8f
14927187,2026-10-06 13:55:37,actions-trading,Sim3,402340,skip,qty_zero,88cc8b1b2fe8
14927187,2026-10-06 13:55:37,actions-trading,Sim3,383800,skip,amount,eac22037d42d
14927187,2026-10-06 13:55:37,actions-trading,Sim3,462870,skip,amount,8f2982d7ac18
14927187,2026-10-06 13:55:37,actions-trading,Sim3,000660,skip,qty_zero,c4185eea11ee
14927187,2026-10-06 13:55:37,actions-trading,Sim3,071970,skip,cooldown,af3d26360c2f
14927187,2026-10-06 13:55:37,actions-trading,Sim3,042700,skip,not_cheap,30d461b84f1f
14927187,2026-10-06 13:55:37,actions-trading,Sim3,326030,skip,cooldown,c496c9ea809e
14927187,2026-10-06 13:55:37,actions-trading,Sim3,207940,skip,not_cheap,c0220a06d523
14927187,2026-10-06 13:55:37,actions-trading,Sim3,033920,skip,amount,df8b0dd73cda
14927187,2026-10-06 13:55:37,actions-trading,Sim3,004770,skip,amount,79b7ae4d24f8
14927187,2026-10-06 13:55:37,actions-trading,Sim3,0126Z0,skip,not_cheap,77f3c4e2442b
14927187,2026-10-06 13:55:37,actions-trading,Sim3,062040,skip,not_cheap,3c04365405a5
14927187,2026-10-06 13:55:37,actions-trading,Sim3,317450,skip,amount,cc99f2826294
14927187,2026-10-06 13:55:37,actions-trading,Sim3,026960,skip,amount,851b4bb69377
14927187,2026-10-06 13:55:37,actions-trading,Sim3,021820,skip,amount,95124231b607
14927187,2026-10-06 13:55:37,actions-trading,Sim3,192080,skip,amount,1dc75b7763b4
14927187,2026-10-06 13:55:37,actions-trading,Sim3,068270,skip,cooldown,08f21b157b59
14927187,2026-10-06 13:55:37,actions-trading,Sim3,123890,skip,amount,45e294e531ba
14927187,2026-10-06 13:55:37,actions-trading,Sim3,000240,skip,amount,c2f51785e516
14927187,2026-10-06 13:55:37,actions-trading,Sim3,002380,skip,amount,6bf8afc0adc2
14927187,2026-10-06 13:55:37,actions-trading,Sim3,009770,skip,amount,65f50820cb1b
14927187,2026-10-06 13:55:37,actions-trading,Sim3,259960,skip,cooldown,50a9901b28ec
14927187,2026-10-06 13:55:37,actions-trading,Sim3,035250,skip,amount,131767e30104
14927187,2026-10-06 13:55:37,actions-trading,Sim3,383220,skip,amount,109f1844e841
14927187,2026-10-06 13:55:37,actions-trading,Sim3,226320,skip,amount,50d7a473b074
14927187,2026-10-06 13:55:37,actions-trading,Sim3,439260,skip,amount,d964fdf267a3
14927187,2026-10-06 13:55:37,actions-trading,Sim3,025560,skip,cooldown,aa53b650b416
14927187,2026-10-06 13:55:37,actions-trading,Sim3,007700,skip,amount,c5cf5ff191a7
14927187,2026-10-06 13:55:37,actions-trading,Sim3,278470,skip,not_cheap,00a423bd5413
14927187,2026-10-06 13:55:37,actions-trading,Sim3,000990,skip,not_cheap,01c45b156406
14927187,2026-10-06 13:55:38,actions-trading,Sim3,402340,skip,qty_zero,88cc8b1b2fe8
14927187,2026-10-06 13:55:38,actions-trading,Sim3,383800,skip,amount,eac22037d42d
14927187,2026-10-06 13:55:38,actions-trading,Sim3,462870,skip,amount,8f2982d7ac18
14927187,2026-10-06 13:55:38,actions-trading,Sim3,000660,skip,qty_zero,c4185eea11ee
14927187,2026-10-06 13:55:38,actions-trading,Sim3,071970,skip,cooldown,af3d26360c2f
14927187,2026-10-06 13:55:38,actions-trading,Sim3,042700,skip,not_cheap,30d461b84f1f
14927187,2026-10-06 13:55:38,actions-trading,Sim3,326030,skip,held_or_sold_today,c496c9ea809e
14927187,2026-10-06 13:55:38,actions-trading,Sim3,207940,skip,not_cheap,c0220a06d523
14927187,2026-10-06 13:55:38,actions-trading,Sim3,033920,skip,amount,df8b0dd73cda
14927187,2026-10-06 13:55:38,actions-trading,Sim3,004770,skip,amount,79b7ae4d24f8
14927187,2026-10-06 13:55:38,actions-trading,Sim3,0126Z0,skip,not_cheap,77f3c4e2442b
14927187,2026-10-06 13:55:38,actions-trading,Sim3,062040,skip,not_cheap,3c04365405a5
14927187,2026-10-06 13:55:38,actions-trading,Sim3,317450,skip,amount,cc99f2826294
14927187,2026-10-06 13:55:38,actions-trading,Sim3,026960,skip,amount,851b4bb69377
14927187,2026-10-06 13:55:38,actions-trading,Sim3,021820,skip,amount,95124231b607
14927187,2026-10-06 13:55:38,actions-trading,Sim3,192080,skip,amount,1dc75b7763b4
14927187,2026-10-06 13:55:38,actions-trading,Sim3,068270,skip,held_or_sold_today,08f21b157b59
14927187,2026-10-06 13:55:38,actions-trading,Sim3,123890,skip,amount,45e294e531ba
14927187,2026-10-06 13:55:38,actions-trading,Sim3,000240,skip,amount,c2f51785e516
14927187,2026-10-06 13:55:38,actions-trading,Sim3,002380,skip,held_or_sold_today,6bf8afc0adc2
14927187,2026-10-06 13:55:38,actions-trading,Sim3,009770,skip,amount,65f50820cb1b
14927187,2026-10-06 13:55:38,actions-trading,Sim3,259960,skip,held_or_sold_today,50a9901b28ec
14927187,2026-10-06 13:55:38,actions-trading,Sim3,035250,skip,amount,131767e30104
14927187,2026-10-06 13:55:38,actions-trading,Sim3,383220,skip,amount,109f1844e841
14927187,2026-10-06 13:55:38,actions-trading,Sim3,226320,skip,amount,50d7a473b074
14927187,2026-10-06 13:55:38,actions-trading,Sim3,439260,skip,amount,d964fdf267a3
14927187,2026-10-06 13:55:38,actions-trading,Sim3,025560,skip,amount,aa53b650b416
14927187,2026-10-06 13:55:38,actions-trading,Sim3,007700,skip,amount,c5cf5ff191a7
14927187,2026-10-06 13:55:38,actions-trading,Sim3,278470,skip,not_cheap,00a423bd5413
14927187,2026-10-06 13:55:38,actions-trading,Sim3,000990,skip,not_cheap,01c45b156406
14927187,2026-10-06 13:56:15,actions-trading,MFHS2,018880,skip,max_holdings,af35bdecef52
14927187,2026-10-06 13:56:15,actions-trading,MFHS2,047040,seen,,a5a7a2d9b896
14927187,2026-10-06 13:56:15,actions-trading,MFHS2,007660,seen,,31d84df03677
14927187,2026-10-06 13:56:15,actions-trading,MFHS2,066570,seen,,98ac52071a15
14927187,2026-10-06 13:56:15,actions-trading,MFHS2,009190,seen,,abd1572799e9
14927187,2026-10-06 13:56:15,actions-trading,MFHS2,002710,seen,,291a82e2831d
14927187,2026-10-06 13:56:15,actions-trading,MFHS2,005690,seen,,bf35ef2bbb1d
14927187,2026-10-06 13:56:15,actions-trading,MFHS2,025560,seen,,aa53b650b416
14927187,2026-10-06 13:56:15,actions-trading,MFHS2,005360,seen,,66ea9eca9dc6
14927187,2026-10-06 13:56:15,actions-trading,MFHS2,009830,seen,,77147055047d
14927187,2026-10-06 13:56:15,actions-trading,MFHS2,006400,seen,,28f5e00ac6d9
14927187,2026-10-06 13:56:15,actions-trading,MFHS2,002700,seen,,103b3c1535e9
14927187,2026-10-06 13:56:15,actions-trading,MFHS2,279570,seen,,05979c567d1b
14927187,2026-10-06 13:56:15,actions-trading,MFHS2,138930,seen,,4410bbbf3c49
14927187,2026-10-06 13:56:15,actions-trading,MFHS2,090460,seen,,33b7eeee65c2
14927187,2026-10-06 13:56:15,actions-trading,MFHS2,009150,seen,,119e1945c2ff
14927187,2026-10-06 13:56:15,actions-trading,MFHS2,317400,seen,,41f3e77c5074
14927187,2026-10-06 13:56:15,actions-trading,MFHS2,460860,seen,,ab9100c47199
14927187,2026-10-06 13:56:15,actions-trading,MFHS2,006800,seen,,ba581d8a6540
14927187,2026-10-06 13:56:15,actions-trading,MFHS2,010120,seen,,9fdbb7038bd6
14927187,2026-10-06 13:56:15,actions-trading,MFHS2,011070,seen,,8dc5403d883a
14927187,2026-10-06 13:56:15,actions-trading,MFHS2,022100,seen,,2fb4c488e6e4
14927187,2026-10-06 13:56:15,actions-trading,MFHS2,003620,seen,,72fb83812522
14927187,2026-10-06 13:56:15,actions-trading,MFHS2,015260,seen,,052eb7e2ba9c
14927187,2026-10-06 13:56:15,actions-trading,MFHS2,452260,seen,,1f97f891ce19
14927187,2026-10-06 13:56:15,actions-trading,MFHS2,001230,seen,,1cac2175327e
14927187,2026-10-06 13:56:15,actions-trading,MFHS2,066970,seen,,1cc2ef1c6984
14927187,2026-10-06 13:56:15,actions-trading,MFHS2,066575,seen,,b6cccad0e8b7
14927187,2026-10-06 13:56:15,actions-trading,MFHS2,004020,seen,,00b6f322e9a7
14927187,2026-10-06 13:56:15,actions-trading,MFHS2,002990,seen,,1e841b7bf661
14927187,2026-10-06 13:56:16,actions-trading,상승모멘텀,480370,skip,adx_high,7ddc87f2b1fc
14927187,2026-10-06 13:56:16,actions-trading,상승모멘텀,003580,skip,adx_high,ab0989b9902b
14927187,2026-10-06 13:56:16,actions-trading,상승모멘텀,281820,skip,adx_high,9ddabca16868
14927187,2026-10-06 13:56:16,actions-trading,상승모멘텀,006110,skip,adx_high,1a11216b65ec
14927187,2026-10-06 13:56:16,actions-trading,상승모멘텀,000020,skip,adx_low,84be30ac86cd
14927187,2026-10-06 13:56:16,actions-trading,상승모멘텀,011070,skip,adx_low,8dc5403d883a
14927187,2026-10-06 13:56:16,actions-trading,상승모멘텀,002710,skip,tick,291a82e2831d
14927187,2026-10-06 13:56:16,actions-trading,상승모멘텀,066970,skip,adx_low,1cc2ef1c6984
14927187,2026-10-06 13:56:16,actions-trading,상승모멘텀,007660,skip,held_or_sold_today,31d84df03677
14927187,2026-10-06 13:56:16,actions-trading,상승모멘텀,008970,skip,tick,377c24a25e7b
14927187,2026-10-06 13:56:16,actions-trading,상승모멘텀,006400,skip,adx_low,28f5e00ac6d9
14927187,2026-10-06 13:56:16,actions-trading,상승모멘텀,066570,skip,adx_low,98ac52071a15
14927187,2026-10-06 13:56:16,actions-trading,상승모멘텀,000150,skip,adx_high,34326b119ba4
14927187,2026-10-06 13:56:16,actions-trading,상승모멘텀,005030,skip,amount,f386437b9c5b
14927187,2026-10-06 13:56:16,actions-trading,상승모멘텀,066575,skip,adx_high,b6cccad0e8b7
14927187,2026-10-06 13:56:16,actions-trading,상승모멘텀,002820,skip,amount,361b67962b55
14927187,2026-10-06 13:56:16,actions-trading,상승모멘텀,018670,skip,period,c796f29fad5b
14927187,2026-10-06 13:56:16,actions-trading,상승모멘텀,007810,skip,adx_high,e26e06825ef9
14927187,2026-10-06 13:56:16,actions-trading,상승모멘텀,090460,skip,period,33b7eeee65c2
14927187,2026-10-06 13:56:16,actions-trading,상승모멘텀,336370,skip,adx_high,06b1f371be23
14927187,2026-10-06 13:56:16,actions-trading,상승모멘텀,000157,skip,amount,1080f7ed57af
14927187,2026-10-06 13:56:16,actions-trading,상승모멘텀,000155,skip,adx_high,f4920f5c7229
14927187,2026-10-06 13:56:16,actions-trading,상승모멘텀,005690,skip,period,bf35ef2bbb1d
14927187,2026-10-06 13:56:16,actions-trading,상승모멘텀,353200,skip,adx_high,6c2310cc4c08
14927187,2026-10-06 13:56:16,actions-trading,상승모멘텀,005320,skip,amount,c17da18f1e57
14927187,2026-10-06 13:56:16,actions-trading,상승모멘텀,020150,skip,held_or_sold_today,4af7ec117c6c
14927187,2026-10-06 13:56:16,actions-trading,상승모멘텀,063160,skip,amount,8244cdaf2cf3
14927187,2026-10-06 13:56:16,actions-trading,상승모멘텀,001250,skip,adx_high,3898b4103d16
14927187,2026-10-06 13:56:16,actions-trading,상승모멘텀,006405,skip,amount,175ae147287c
14927187,2026-10-06 13:56:16,actions-trading,상승모멘텀,322000,skip,adx_high,ddf37188afd5
14927187,2026-10-06 13:56:16,actions-trading,Sim6,_gate,skip,already_rebalanced,e3b0c44298fc
14927187,2026-10-06 13:56:16,actions-trading,Sim6,069500,seen,,67e4e8588bce
14927187,2026-10-06 13:56:16,actions-trading,Sim6,360750,seen,,3c035c447401
14927187,2026-10-06 13:56:16,actions-trading,Sim6,148070,seen,,174bc2afda04
14927187,2026-10-06 13:56:16,actions-trading,Sim6,411060,seen,,b417c38f7ddb
14927187,2026-10-06 13:56:16,actions-trading,Sim6,305080,seen,,051e7d9e340f
14927187,2026-10-06 13:56:16,actions-trading,Sim6,357870,seen,,eb91264792c8
14927187,2026-10-06 13:56:17,actions-trading,Sim4-1,480370,skip,adx_high,7ddc87f2b1fc
14927187,2026-10-06 13:56:17,actions-trading,Sim4-1,003580,skip,adx_high,ab0989b9902b
14927187,2026-10-06 13:56:17,actions-trading,Sim4-1,281820,skip,adx_high,9ddabca16868
14927187,2026-10-06 13:56:17,actions-trading,Sim4-1,006110,skip,adx_high,1a11216b65ec
14927187,2026-10-06 13:56:17,actions-trading,Sim4-1,000020,skip,adx_low,84be30ac86cd
14927187,2026-10-06 13:56:17,actions-trading,Sim4-1,011070,skip,adx_low,8dc5403d883a
14927187,2026-10-06 13:56:17,actions-trading,Sim4-1,002710,skip,held_or_cooldown,291a82e2831d
14927187,2026-10-06 13:56:17,actions-trading,Sim4-1,066970,skip,adx_low,1cc2ef1c6984
14927187,2026-10-06 13:56:17,actions-trading,Sim4-1,007660,skip,held_or_cooldown,31d84df03677
14927187,2026-10-06 13:56:17,actions-trading,Sim4-1,008970,skip,held_or_cooldown,377c24a25e7b
14927187,2026-10-06 13:56:17,actions-trading,Sim4-1,006400,skip,adx_low,28f5e00ac6d9
14927187,2026-10-06 13:56:17,actions-trading,Sim4-1,066570,skip,adx_low,98ac52071a15
14927187,2026-10-06 13:56:17,actions-trading,Sim4-1,000150,skip,adx_high,34326b119ba4
14927187,2026-10-06 13:56:17,actions-trading,Sim4-1,005030,skip,amount,f386437b9c5b
14927187,2026-10-06 13:56:17,actions-trading,Sim4-1,066575,skip,adx_high,b6cccad0e8b7
14927187,2026-10-06 13:56:17,actions-trading,Sim4-1,002820,skip,amount,361b67962b55
14927187,2026-10-06 13:56:17,actions-trading,Sim4-1,018670,skip,period,c796f29fad5b
14927187,2026-10-06 13:56:17,actions-trading,Sim4-1,007810,skip,adx_high,e26e06825ef9
14927187,2026-10-06 13:56:17,actions-trading,Sim4-1,090460,skip,period,33b7eeee65c2
14927187,2026-10-06 13:56:17,actions-trading,Sim4-1,336370,skip,adx_high,06b1f371be23
14927187,2026-10-06 13:56:17,actions-trading,Sim4-1,000157,skip,amount,1080f7ed57af
14927187,2026-10-06 13:56:17,actions-trading,Sim4-1,000155,skip,adx_high,f4920f5c7229
14927187,2026-10-06 13:56:17,actions-trading,Sim4-1,005690,skip,period,bf35ef2bbb1d
14927187,2026-10-06 13:56:17,actions-trading,Sim4-1,353200,skip,adx_high,6c2310cc4c08
14927187,2026-10-06 13:56:17,actions-trading,Sim4-1,005320,skip,amount,c17da18f1e57
14927187,2026-10-06 13:56:17,actions-trading,Sim4-1,020150,skip,held_or_cooldown,4af7ec117c6c
14927187,2026-10-06 13:56:17,actions-trading,Sim4-1,063160,skip,amount,8244cdaf2cf3
14927187,2026-10-06 13:56:17,actions-trading,Sim4-1,001250,skip,adx_high,3898b4103d16
14927187,2026-10-06 13:56:17,actions-trading,Sim4-1,006405,skip,amount,175ae147287c
14927187,2026-10-06 13:56:17,actions-trading,Sim4-1,322000,skip,adx_high,ddf37188afd5
14927187,2026-10-06 13:56:18,actions-trading,선행매집,018880,skip,below_anchor,af35bdecef52
14927187,2026-10-06 13:56:18,actions-trading,선행매집,047040,skip,below_anchor,a5a7a2d9b896
14927187,2026-10-06 13:56:18,actions-trading,선행매집,007660,skip,below_anchor,31d84df03677
14927187,2026-10-06 13:56:18,actions-trading,선행매집,066570,skip,below_anchor,98ac52071a15
14927187,2026-10-06 13:56:18,actions-trading,선행매집,002710,skip,below_anchor,291a82e2831d
14927187,2026-10-06 13:56:18,actions-trading,선행매집,006800,skip,below_anchor,ba581d8a6540
14927187,2026-10-06 13:56:18,actions-trading,선행매집,001250,skip,below_anchor,3898b4103d16
14927187,2026-10-06 13:56:18,actions-trading,선행매집,009190,skip,below_anchor,abd1572799e9
14927187,2026-10-06 13:56:18,actions-trading,선행매집,005320,skip,amount,c17da18f1e57
14927187,2026-10-06 13:56:18,actions-trading,선행매집,009830,skip,below_anchor,77147055047d
14927187,2026-10-06 13:56:18,actions-trading,선행매집,006400,skip,below_anchor,28f5e00ac6d9
14927187,2026-10-06 13:56:18,actions-trading,선행매집,005690,skip,below_anchor,bf35ef2bbb1d
14927187,2026-10-06 13:56:18,actions-trading,선행매집,025560,skip,below_anchor,aa53b650b416
14927187,2026-10-06 13:56:18,actions-trading,선행매집,336370,skip,below_anchor,06b1f371be23
14927187,2026-10-06 13:56:18,actions-trading,선행매집,009150,skip,below_anchor,119e1945c2ff
14927187,2026-10-06 13:56:18,actions-trading,선행매집,005360,skip,amount,66ea9eca9dc6
14927187,2026-10-06 13:56:18,actions-trading,선행매집,279570,skip,below_anchor,05979c567d1b
14927187,2026-10-06 13:56:18,actions-trading,선행매집,002700,skip,amount,103b3c1535e9
14927187,2026-10-06 13:56:18,actions-trading,선행매집,090460,skip,below_anchor,33b7eeee65c2
14927187,2026-10-06 13:56:18,actions-trading,선행매집,011070,skip,below_anchor,8dc5403d883a
14927187,2026-10-06 13:56:18,actions-trading,선행매집,022100,skip,below_anchor,2fb4c488e6e4
14927187,2026-10-06 13:56:18,actions-trading,선행매집,010120,skip,below_anchor,9fdbb7038bd6
14927187,2026-10-06 13:56:18,actions-trading,선행매집,192650,skip,sold_or_cooldown,41b5f436dfe8
14927187,2026-10-06 13:56:18,actions-trading,선행매집,138930,skip,below_anchor,4410bbbf3c49
14927187,2026-10-06 13:56:18,actions-trading,선행매집,066970,skip,below_anchor,1cc2ef1c6984
14927187,2026-10-06 13:56:18,actions-trading,선행매집,015760,skip,below_anchor,125d3ffe7cbd
14927187,2026-10-06 13:56:18,actions-trading,선행매집,003620,skip,below_anchor,72fb83812522
14927187,2026-10-06 13:56:18,actions-trading,선행매집,460860,skip,below_anchor,ab9100c47199
14927187,2026-10-06 13:56:18,actions-trading,선행매집,015260,skip,amount,052eb7e2ba9c
14927187,2026-10-06 13:56:18,actions-trading,선행매집,452260,skip,below_anchor,1f97f891ce19
14927187,2026-10-06 13:56:18,actions-trading,Sim9,_gate,skip,outside_entry_window,e3b0c44298fc
14927187,2026-10-06 13:56:18,actions-trading,Sim9,480370,seen,,7ddc87f2b1fc
14927187,2026-10-06 13:56:18,actions-trading,Sim9,003580,seen,,ab0989b9902b
14927187,2026-10-06 13:56:18,actions-trading,Sim9,281820,seen,,9ddabca16868
14927187,2026-10-06 13:56:18,actions-trading,Sim9,006110,seen,,1a11216b65ec
14927187,2026-10-06 13:56:18,actions-trading,Sim9,000020,seen,,84be30ac86cd
14927187,2026-10-06 13:56:18,actions-trading,Sim9,011070,seen,,8dc5403d883a
14927187,2026-10-06 13:56:18,actions-trading,Sim9,002710,seen,,291a82e2831d
14927187,2026-10-06 13:56:18,actions-trading,Sim9,066970,seen,,1cc2ef1c6984
14927187,2026-10-06 13:56:18,actions-trading,Sim9,007660,seen,,31d84df03677
14927187,2026-10-06 13:56:18,actions-trading,Sim9,008970,seen,,377c24a25e7b
14927187,2026-10-06 13:56:18,actions-trading,Sim9,006400,seen,,28f5e00ac6d9
14927187,2026-10-06 13:56:18,actions-trading,Sim9,066570,seen,,98ac52071a15
14927187,2026-10-06 13:56:18,actions-trading,Sim9,000150,seen,,34326b119ba4
14927187,2026-10-06 13:56:18,actions-trading,Sim9,005030,seen,,f386437b9c5b
14927187,2026-10-06 13:56:18,actions-trading,Sim9,066575,seen,,b6cccad0e8b7
14927187,2026-10-06 13:56:18,actions-trading,Sim9,002820,seen,,361b67962b55
14927187,2026-10-06 13:56:18,actions-trading,Sim9,018670,seen,,c796f29fad5b
14927187,2026-10-06 13:56:18,actions-trading,Sim9,007810,seen,,e26e06825ef9
14927187,2026-10-06 13:56:18,actions-trading,Sim9,090460,seen,,33b7eeee65c2
14927187,2026-10-06 13:56:18,actions-trading,Sim9,336370,seen,,06b1f371be23
14927187,2026-10-06 13:56:18,actions-trading,Sim9,000157,seen,,1080f7ed57af
14927187,2026-10-06 13:56:18,actions-trading,Sim9,000155,seen,,f4920f5c7229
14927187,2026-10-06 13:56:18,actions-trading,Sim9,005690,seen,,bf35ef2bbb1d
14927187,2026-10-06 13:56:18,actions-trading,Sim9,353200,seen,,6c2310cc4c08
14927187,2026-10-06 13:56:18,actions-trading,Sim9,005320,seen,,c17da18f1e57
14927187,2026-10-06 13:56:18,actions-trading,Sim9,020150,seen,,4af7ec117c6c
14927187,2026-10-06 13:56:18,actions-trading,Sim9,063160,seen,,8244cdaf2cf3
14927187,2026-10-06 13:56:18,actions-trading,Sim9,001250,seen,,3898b4103d16
14927187,2026-10-06 13:56:18,actions-trading,Sim9,006405,seen,,175ae147287c
14927187,2026-10-06 13:56:18,actions-trading,Sim9,322000,seen,,ddf37188afd5
14927187,2026-10-06 13:56:18,actions-trading,미너비니,192820,skip,below_pivot,4e129771ac0b
14927187,2026-10-06 13:56:18,actions-trading,미너비니,443060,skip,below_pivot,b8b18cc28c27
14927187,2026-10-06 13:56:18,actions-trading,Sim12,000155,entry,entry,f4920f5c7229
14927187,2026-10-06 13:56:18,actions-trading,Sim12,480370,skip,pb2_not_crashed,7ddc87f2b1fc
14927187,2026-10-06 13:56:18,actions-trading,Sim12,003580,skip,pb2_not_crashed,ab0989b9902b
14927187,2026-10-06 13:56:18,actions-trading,Sim12,281820,skip,pb2_not_crashed,9ddabca16868
14927187,2026-10-06 13:56:18,actions-trading,Sim12,006110,skip,pb2_not_crashed,1a11216b65ec
14927187,2026-10-06 13:56:18,actions-trading,Sim12,000020,skip,pb2_not_crashed,84be30ac86cd
14927187,2026-10-06 13:56:18,actions-trading,Sim12,011070,skip,avoid_orgn_sell_high_per,8dc5403d883a
14927187,2026-10-06 13:56:18,actions-trading,Sim12,002710,skip,avoid_frgn_sell_20d,291a82e2831d
14927187,2026-10-06 13:56:18,actions-trading,Sim12,066970,skip,pb2_not_crashed,1cc2ef1c6984
14927187,2026-10-06 13:56:18,actions-trading,Sim12,007660,skip,pb2_not_crashed,31d84df03677
14927187,2026-10-06 13:56:18,actions-trading,Sim12,008970,skip,pb2_not_crashed,377c24a25e7b
14927187,2026-10-06 13:56:18,actions-trading,Sim12,006400,skip,pb2_not_crashed,28f5e00ac6d9
14927187,2026-10-06 13:56:18,actions-trading,Sim12,066570,skip,pb2_not_crashed,98ac52071a15
14927187,2026-10-06 13:56:18,actions-trading,Sim12,000150,skip,avoid_frgn_sell_20d,34326b119ba4
14927187,2026-10-06 13:56:18,actions-trading,Sim12,005030,skip,avoid_amount_dry,f386437b9c5b
14927187,2026-10-06 13:56:18,actions-trading,Sim12,066575,skip,pb2_not_crashed,b6cccad0e8b7
14927187,2026-10-06 13:56:18,actions-trading,Sim12,002820,skip,avoid_deadcat,361b67962b55
14927187,2026-10-06 13:56:18,actions-trading,Sim12,018670,skip,avoid_frgn_sell_20d,c796f29fad5b
14927187,2026-10-06 13:56:18,actions-trading,Sim12,007810,skip,pb2_not_crashed,e26e06825ef9
14927187,2026-10-06 13:56:18,actions-trading,Sim12,090460,skip,pb2_not_crashed,33b7eeee65c2
14927187,2026-10-06 13:56:18,actions-trading,Sim12,336370,skip,avoid_frgn_sell_20d,06b1f371be23
14927187,2026-10-06 13:56:18,actions-trading,Sim12,000157,skip,held_or_cooldown,1080f7ed57af
14927187,2026-10-06 13:56:18,actions-trading,Sim12,005690,skip,pb2_not_crashed,bf35ef2bbb1d
14927187,2026-10-06 13:56:18,actions-trading,Sim12,353200,skip,avoid_orgn_sell_high_per,6c2310cc4c08
14927187,2026-10-06 13:56:18,actions-trading,Sim12,005320,skip,pb2_not_crashed,c17da18f1e57
14927187,2026-10-06 13:56:18,actions-trading,Sim12,020150,skip,avoid_frgn_sell_20d,4af7ec117c6c
14927187,2026-10-06 13:56:18,actions-trading,Sim12,063160,skip,avoid_frgn_sell_20d,8244cdaf2cf3
14927187,2026-10-06 13:56:18,actions-trading,Sim12,001250,skip,pb2_not_crashed,3898b4103d16
14927187,2026-10-06 13:56:18,actions-trading,Sim12,006405,skip,pb2_not_crashed,175ae147287c
14927187,2026-10-06 13:56:18,actions-trading,Sim12,322000,skip,pb2_not_crashed,ddf37188afd5
14927187,2026-10-06 13:56:18,actions-trading,Sim12,005110,skip,avoid_amount_dry,c47d7f451b4b
14927187,2026-10-06 13:56:18,actions-trading,Sim12,015260,skip,pb2_no_inst_buying,052eb7e2ba9c
14927187,2026-10-06 13:56:18,actions-trading,Sim12,020120,skip,pb2_not_crashed,ff16727c9dea
14927187,2026-10-06 13:56:18,actions-trading,Sim12,004920,skip,pb2_not_crashed,c98d25f3b0fa
14927187,2026-10-06 13:56:18,actions-trading,Sim12,001525,skip,avoid_amount_dry,81205546f5c2
14927187,2026-10-06 13:56:18,actions-trading,Sim12,003010,skip,pb2_not_crashed,6c2f901f7f2c
14927187,2026-10-06 13:56:18,actions-trading,Sim12,002870,skip,avoid_frgn_sell_20d,054e77f0877e
14927187,2026-10-06 13:56:18,actions-trading,Sim12,079550,skip,pb2_not_crashed,1ba0a86ebb09
14927187,2026-10-06 13:56:18,actions-trading,Sim12,051630,skip,avoid_amount_dry,a3b027b6edfc
14927187,2026-10-06 13:56:18,actions-trading,Sim12,002785,skip,pb2_no_inst_buying,8f393f53ef85
14927187,2026-10-06 13:56:18,actions-trading,Sim12,003350,skip,avoid_amount_dry,37e1d821030b
14927187,2026-10-06 13:56:18,actions-trading,Sim12,014915,skip,pb2_not_crashed,6a49f6f7ba1f
14927187,2026-10-06 13:56:18,actions-trading,Sim12,036570,skip,pb2_not_crashed,c4e85d071b48
14927187,2026-10-06 13:56:18,actions-trading,Sim12,044820,skip,avoid_frgn_sell_20d,666562ed90d2
14927187,2026-10-06 13:56:18,actions-trading,Sim12,002787,skip,avoid_amount_dry,06a1b559f51b
14927187,2026-10-06 13:56:18,actions-trading,Sim12,003570,skip,avoid_frgn_sell_20d,01c735d72c79
14927187,2026-10-06 13:56:18,actions-trading,Sim12,084680,skip,avoid_frgn_sell_20d,7168770f091a
14927187,2026-10-06 13:56:18,actions-trading,Sim12,001380,skip,avoid_frgn_sell_20d,cf58c6caa563
14927187,2026-10-06 13:56:18,actions-trading,Sim12,071950,skip,pb2_no_inst_buying,7317fc66dd05
14927187,2026-10-06 13:56:18,actions-trading,Sim12,443060,skip,avoid_amount_dry,b8b18cc28c27
14927187,2026-10-06 13:56:18,actions-trading,Sim12,109070,skip,pb2_not_crashed,f1c3528b3819
14927187,2026-10-06 13:56:18,actions-trading,Sim12,005880,skip,pb2_not_crashed,5a9c69a0b518
14927187,2026-10-06 13:56:18,actions-trading,Sim12,100840,skip,avoid_amount_dry,0b45962c2046
14927187,2026-10-06 13:56:18,actions-trading,Sim12,465770,skip,avoid_amount_dry,d11330dbb682
14927187,2026-10-06 13:56:18,actions-trading,Sim12,026960,skip,pb2_not_crashed,a3a3d6839ba7
14927187,2026-10-06 13:56:18,actions-trading,Sim12,027740,skip,avoid_frgn_sell_20d,7d530a701e4d
14927187,2026-10-06 13:56:18,actions-trading,Sim12,103140,skip,pb2_not_crashed,9754c3c84d01
14927187,2026-10-06 13:56:18,actions-trading,Sim12,010820,skip,pb2_not_crashed,e3ee09c93416
14927187,2026-10-06 13:56:18,actions-trading,Sim12,064350,skip,avoid_frgn_sell_20d,fabad99633b2
14927187,2026-10-06 13:56:18,actions-trading,Sim12,011300,skip,avoid_amount_dry,663a730d52b8
14927187,2026-10-06 13:56:18,actions-trading,Sim13,480370,skip,no_frgn_support,7ddc87f2b1fc
14927187,2026-10-06 13:56:18,actions-trading,Sim13,003580,skip,theme_momentum_weak,ab0989b9902b
14927187,2026-10-06 13:56:18,actions-trading,Sim13,281820,skip,no_frgn_support,9ddabca16868
14927187,2026-10-06 13:56:18,actions-trading,Sim13,006110,skip,theme_momentum_weak,1a11216b65ec
14927187,2026-10-06 13:56:18,actions-trading,Sim13,000020,skip,theme_momentum_weak,84be30ac86cd
14927187,2026-10-06 13:56:18,actions-trading,Sim13,011070,skip,theme_momentum_weak,8dc5403d883a
14927187,2026-10-06 13:56:18,actions-trading,Sim13,002710,skip,adx_weak,291a82e2831d
14927187,2026-10-06 13:56:18,actions-trading,Sim13,066970,skip,theme_momentum_weak,1cc2ef1c6984
14927187,2026-10-06 13:56:18,actions-trading,Sim13,007660,skip,adx_weak,31d84df03677
14927187,2026-10-06 13:56:18,actions-trading,Sim13,008970,skip,adx_weak,377c24a25e7b
14927187,2026-10-06 13:56:18,actions-trading,Sim13,006400,skip,theme_momentum_weak,28f5e00ac6d9
14927187,2026-10-06 13:56:18,actions-trading,Sim13,066570,skip,theme_momentum_weak,98ac52071a15
14927187,2026-10-06 13:56:18,actions-trading,Sim13,000150,skip,adx_weak,34326b119ba4
14927187,2026-10-06 13:56:18,actions-trading,Sim13,005030,skip,theme_momentum_weak,f386437b9c5b
14927187,2026-10-06 13:56:18,actions-trading,Sim13,066575,skip,theme_momentum_weak,b6cccad0e8b7
14927187,2026-10-06 13:56:18,actions-trading,Sim13,002820,skip,theme_momentum_weak,361b67962b55
14927187,2026-10-06 13:56:18,actions-trading,Sim13,018670,skip,theme_momentum_weak,c796f29fad5b
14927187,2026-10-06 13:56:18,actions-trading,Sim13,007810,skip,amount_not_surprised,e26e06825ef9
14927187,2026-10-06 13:56:18,actions-trading,Sim13,090460,skip,theme_momentum_weak,33b7eeee65c2
14927187,2026-10-06 13:56:18,actions-trading,Sim13,336370,skip,adx_weak,06b1f371be23
14927187,2026-10-06 13:56:18,actions-trading,Sim13,000157,skip,theme_momentum_weak,1080f7ed57af
14927187,2026-10-06 13:56:18,actions-trading,Sim13,000155,skip,theme_momentum_weak,f4920f5c7229
14927187,2026-10-06 13:56:18,actions-trading,Sim13,005690,skip,adx_weak,bf35ef2bbb1d
14927187,2026-10-06 13:56:18,actions-trading,Sim13,353200,skip,amount_not_surprised,6c2310cc4c08
14927187,2026-10-06 13:56:18,actions-trading,Sim13,005320,skip,adx_weak,c17da18f1e57
14927187,2026-10-06 13:56:18,actions-trading,Sim13,020150,skip,no_frgn_support,4af7ec117c6c
14927187,2026-10-06 13:56:18,actions-trading,Sim13,063160,skip,theme_momentum_weak,8244cdaf2cf3
14927187,2026-10-06 13:56:18,actions-trading,Sim13,001250,skip,theme_momentum_weak,3898b4103d16
14927187,2026-10-06 13:56:18,actions-trading,Sim13,006405,skip,theme_momentum_weak,175ae147287c
14927187,2026-10-06 13:56:18,actions-trading,Sim13,322000,skip,theme_momentum_weak,ddf37188afd5
14927187,2026-10-06 13:56:18,actions-trading,Sim14,_gate,skip,regime_blocked,e3b0c44298fc
14927187,2026-10-06 13:56:18,actions-trading,Sim15,_gate,skip,already_rebalanced,e3b0c44298fc
14927187,2026-10-06 13:56:18,actions-trading,Sim15,069500,seen,,67e4e8588bce
14927187,2026-10-06 13:56:18,actions-trading,Sim15,133690,seen,,fdc0ab621969
14927187,2026-10-06 13:56:18,actions-trading,Sim15,148070,seen,,174bc2afda04
14927187,2026-10-06 13:56:18,actions-trading,Sim16,_gate,skip,already_rebalanced,e3b0c44298fc
14927187,2026-10-06 13:56:18,actions-trading,Sim16,122630,seen,,ac2b405e4a45
14927187,2026-10-06 13:56:18,actions-trading,Sim16,418660,seen,,1f45cc0735ff
14927187,2026-10-06 13:56:18,actions-trading,Sim16,148070,seen,,174bc2afda04
14927188,2026-10-06 13:57:42,actions-trading,Sim3,402340,skip,qty_zero,3d2436b6496d
14927188,2026-10-06 13:57:42,actions-trading,Sim3,383800,skip,amount,71e94a98448c
14927188,2026-10-06 13:57:42,actions-trading,Sim3,462870,skip,amount,3670306eed5f
14927188,2026-10-06 13:57:42,actions-trading,Sim3,000660,skip,qty_zero,f99123597405
14927188,2026-10-06 13:57:42,actions-trading,Sim3,071970,skip,cooldown,cd6583039f65
14927188,2026-10-06 13:57:42,actions-trading,Sim3,042700,skip,not_cheap,0cd36cd4d653
14927188,2026-10-06 13:57:42,actions-trading,Sim3,326030,skip,cooldown,329e665fa8f5
14927188,2026-10-06 13:57:42,actions-trading,Sim3,207940,skip,not_cheap,c3c5b236cf05
14927188,2026-10-06 13:57:42,actions-trading,Sim3,033920,skip,amount,7c2b54e860bc
14927188,2026-10-06 13:57:42,actions-trading,Sim3,004770,skip,amount,b64649bd2880
14927188,2026-10-06 13:57:42,actions-trading,Sim3,0126Z0,skip,not_cheap,5a5bfae25a0f
14927188,2026-10-06 13:57:42,actions-trading,Sim3,062040,skip,not_cheap,264aaebc74b2
14927188,2026-10-06 13:57:42,actions-trading,Sim3,317450,skip,amount,cc99f2826294
14927188,2026-10-06 13:57:42,actions-trading,Sim3,026960,skip,amount,5e8a64c87c75
14927188,2026-10-06 13:57:42,actions-trading,Sim3,021820,skip,amount,cdfbead9da05
14927188,2026-10-06 13:57:42,actions-trading,Sim3,192080,skip,amount,d72c5c4fd168
14927188,2026-10-06 13:57:42,actions-trading,Sim3,068270,skip,cooldown,ae43c88c92f1
14927188,2026-10-06 13:57:42,actions-trading,Sim3,123890,skip,amount,f91b4f71e310
14927188,2026-10-06 13:57:42,actions-trading,Sim3,000240,skip,amount,cad8e1929dfc
14927188,2026-10-06 13:57:42,actions-trading,Sim3,002380,skip,amount,70da2b32fa36
14927188,2026-10-06 13:57:42,actions-trading,Sim3,009770,skip,amount,65f50820cb1b
14927188,2026-10-06 13:57:42,actions-trading,Sim3,259960,skip,cooldown,f76b88dfc78a
14927188,2026-10-06 13:57:42,actions-trading,Sim3,035250,skip,amount,17cfc7190a2d
14927188,2026-10-06 13:57:42,actions-trading,Sim3,383220,skip,amount,423ef409b18b
14927188,2026-10-06 13:57:42,actions-trading,Sim3,226320,skip,amount,8035159ca3e5
14927188,2026-10-06 13:57:42,actions-trading,Sim3,439260,skip,amount,656e788e39a9
14927188,2026-10-06 13:57:42,actions-trading,Sim3,025560,skip,cooldown,1e0172a19762
14927188,2026-10-06 13:57:42,actions-trading,Sim3,007700,skip,amount,c5cf5ff191a7
14927188,2026-10-06 13:57:42,actions-trading,Sim3,278470,skip,not_cheap,ccd7c1c460fc
14927188,2026-10-06 13:57:42,actions-trading,Sim3,000990,skip,not_cheap,cd4b01ee5c4a
14927188,2026-10-06 13:57:43,actions-trading,Sim3,402340,skip,qty_zero,3d2436b6496d
14927188,2026-10-06 13:57:43,actions-trading,Sim3,383800,skip,amount,71e94a98448c
14927188,2026-10-06 13:57:43,actions-trading,Sim3,462870,skip,amount,3670306eed5f
14927188,2026-10-06 13:57:43,actions-trading,Sim3,000660,skip,qty_zero,f99123597405
14927188,2026-10-06 13:57:43,actions-trading,Sim3,071970,skip,cooldown,cd6583039f65
14927188,2026-10-06 13:57:43,actions-trading,Sim3,042700,skip,not_cheap,0cd36cd4d653
14927188,2026-10-06 13:57:43,actions-trading,Sim3,326030,skip,held_or_sold_today,329e665fa8f5
14927188,2026-10-06 13:57:43,actions-trading,Sim3,207940,skip,not_cheap,c3c5b236cf05
14927188,2026-10-06 13:57:43,actions-trading,Sim3,033920,skip,amount,7c2b54e860bc
14927188,2026-10-06 13:57:43,actions-trading,Sim3,004770,skip,amount,b64649bd2880
14927188,2026-10-06 13:57:43,actions-trading,Sim3,0126Z0,skip,not_cheap,5a5bfae25a0f
14927188,2026-10-06 13:57:43,actions-trading,Sim3,062040,skip,not_cheap,264aaebc74b2
14927188,2026-10-06 13:57:43,actions-trading,Sim3,317450,skip,amount,cc99f2826294
14927188,2026-10-06 13:57:43,actions-trading,Sim3,026960,skip,amount,5e8a64c87c75
14927188,2026-10-06 13:57:43,actions-trading,Sim3,021820,skip,amount,cdfbead9da05
14927188,2026-10-06 13:57:43,actions-trading,Sim3,192080,skip,amount,d72c5c4fd168
14927188,2026-10-06 13:57:43,actions-trading,Sim3,068270,skip,held_or_sold_today,ae43c88c92f1
14927188,2026-10-06 13:57:43,actions-trading,Sim3,123890,skip,amount,f91b4f71e310
14927188,2026-10-06 13:57:43,actions-trading,Sim3,000240,skip,amount,cad8e1929dfc
14927188,2026-10-06 13:57:43,actions-trading,Sim3,002380,skip,held_or_sold_today,70da2b32fa36
14927188,2026-10-06 13:57:43,actions-trading,Sim3,009770,skip,amount,65f50820cb1b
14927188,2026-10-06 13:57:43,actions-trading,Sim3,259960,skip,held_or_sold_today,f76b88dfc78a
14927188,2026-10-06 13:57:43,actions-trading,Sim3,035250,skip,amount,17cfc7190a2d
14927188,2026-10-06 13:57:43,actions-trading,Sim3,383220,skip,amount,423ef409b18b
14927188,2026-10-06 13:57:43,actions-trading,Sim3,226320,skip,amount,8035159ca3e5
14927188,2026-10-06 13:57:43,actions-trading,Sim3,439260,skip,amount,656e788e39a9
14927188,2026-10-06 13:57:43,actions-trading,Sim3,025560,skip,amount,1e0172a19762
14927188,2026-10-06 13:57:43,actions-trading,Sim3,007700,skip,amount,c5cf5ff191a7
14927188,2026-10-06 13:57:43,actions-trading,Sim3,278470,skip,not_cheap,ccd7c1c460fc
14927188,2026-10-06 13:57:43,actions-trading,Sim3,000990,skip,not_cheap,cd4b01ee5c4a
14927188,2026-10-06 13:58:23,actions-trading,MFHS2,018880,skip,max_holdings,6e51fb9bc0ab
14927188,2026-10-06 13:58:23,actions-trading,MFHS2,047040,seen,,d2c27c7d89a4
14927188,2026-10-06 13:58:23,actions-trading,MFHS2,007660,seen,,975e0e07d2de
14927188,2026-10-06 13:58:23,actions-trading,MFHS2,066570,seen,,a9106143d7ad
14927188,2026-10-06 13:58:23,actions-trading,MFHS2,009190,seen,,b59a30f3d9b9
14927188,2026-10-06 13:58:23,actions-trading,MFHS2,002710,seen,,7f4475d92dd5
14927188,2026-10-06 13:58:23,actions-trading,MFHS2,005690,seen,,8ad75dd04233
14927188,2026-10-06 13:58:23,actions-trading,MFHS2,025560,seen,,25be55cbb082
14927188,2026-10-06 13:58:23,actions-trading,MFHS2,005360,seen,,d5b984ad3e88
14927188,2026-10-06 13:58:23,actions-trading,MFHS2,009830,seen,,6c46331aaae6
14927188,2026-10-06 13:58:23,actions-trading,MFHS2,006400,seen,,e6dc6f2d2f3e
14927188,2026-10-06 13:58:23,actions-trading,MFHS2,002700,seen,,f3a7e6e24b44
14927188,2026-10-06 13:58:23,actions-trading,MFHS2,279570,seen,,c41a371ae8c6
14927188,2026-10-06 13:58:23,actions-trading,MFHS2,138930,seen,,2dabdaf6ce9f
14927188,2026-10-06 13:58:23,actions-trading,MFHS2,090460,seen,,ecfbec8cc491
14927188,2026-10-06 13:58:23,actions-trading,MFHS2,009150,seen,,b4506af58d47
14927188,2026-10-06 13:58:23,actions-trading,MFHS2,317400,seen,,ec3f8ffdf72e
14927188,2026-10-06 13:58:23,actions-trading,MFHS2,460860,seen,,3e9dc71a171f
14927188,2026-10-06 13:58:23,actions-trading,MFHS2,006800,seen,,d84f651d8ba3
14927188,2026-10-06 13:58:23,actions-trading,MFHS2,010120,seen,,8c638d14ef9a
14927188,2026-10-06 13:58:23,actions-trading,MFHS2,011070,seen,,f98bbaaba8ee
14927188,2026-10-06 13:58:23,actions-trading,MFHS2,022100,seen,,3238e5c05282
14927188,2026-10-06 13:58:23,actions-trading,MFHS2,003620,seen,,8f2a5adfa54a
14927188,2026-10-06 13:58:23,actions-trading,MFHS2,015260,seen,,c123588c9007
14927188,2026-10-06 13:58:23,actions-trading,MFHS2,452260,seen,,ab83c80f258f
14927188,2026-10-06 13:58:23,actions-trading,MFHS2,001230,seen,,a0a57316f13e
14927188,2026-10-06 13:58:23,actions-trading,MFHS2,066970,seen,,fac89d2155b9
14927188,2026-10-06 13:58:23,actions-trading,MFHS2,066575,seen,,e483770b5fcc
14927188,2026-10-06 13:58:23,actions-trading,MFHS2,004020,seen,,98c7c33fc4cf
14927188,2026-10-06 13:58:23,actions-trading,MFHS2,002990,seen,,b8a90c6247de
14927188,2026-10-06 13:58:25,actions-trading,상승모멘텀,003580,skip,adx_high,f5964e0705ea
14927188,2026-10-06 13:58:25,actions-trading,상승모멘텀,480370,skip,adx_high,d5f7723e8c8c
14927188,2026-10-06 13:58:25,actions-trading,상승모멘텀,281820,skip,adx_high,65d98ea52108
14927188,2026-10-06 13:58:25,actions-trading,상승모멘텀,006110,skip,adx_high,c9f2068cd7e0
14927188,2026-10-06 13:58:25,actions-trading,상승모멘텀,011070,skip,adx_low,f98bbaaba8ee
14927188,2026-10-06 13:58:25,actions-trading,상승모멘텀,000020,skip,adx_low,8699c20333d5
14927188,2026-10-06 13:58:25,actions-trading,상승모멘텀,002710,skip,tick,7f4475d92dd5
14927188,2026-10-06 13:58:25,actions-trading,상승모멘텀,066970,skip,adx_low,fac89d2155b9
14927188,2026-10-06 13:58:25,actions-trading,상승모멘텀,007660,skip,held_or_sold_today,975e0e07d2de
14927188,2026-10-06 13:58:25,actions-trading,상승모멘텀,006400,skip,adx_low,e6dc6f2d2f3e
14927188,2026-10-06 13:58:25,actions-trading,상승모멘텀,000150,skip,adx_high,f1c6c9cb43fc
14927188,2026-10-06 13:58:25,actions-trading,상승모멘텀,008970,skip,tick,46fee9ee661b
14927188,2026-10-06 13:58:25,actions-trading,상승모멘텀,066570,skip,adx_low,a9106143d7ad
14927188,2026-10-06 13:58:25,actions-trading,상승모멘텀,005030,skip,amount,f386437b9c5b
14927188,2026-10-06 13:58:25,actions-trading,상승모멘텀,066575,skip,adx_high,e483770b5fcc
14927188,2026-10-06 13:58:25,actions-trading,상승모멘텀,002820,skip,amount,d48b7ba6ef23
14927188,2026-10-06 13:58:25,actions-trading,상승모멘텀,090460,skip,period,ecfbec8cc491
14927188,2026-10-06 13:58:25,actions-trading,상승모멘텀,018670,skip,period,a61381298bb4
14927188,2026-10-06 13:58:25,actions-trading,상승모멘텀,007810,skip,adx_high,54a434041cc0
14927188,2026-10-06 13:58:25,actions-trading,상승모멘텀,336370,skip,adx_high,b838f3cd6045
14927188,2026-10-06 13:58:25,actions-trading,상승모멘텀,000157,skip,amount,1080f7ed57af
14927188,2026-10-06 13:58:25,actions-trading,상승모멘텀,020150,skip,held_or_sold_today,3f6e5beecec7
14927188,2026-10-06 13:58:25,actions-trading,상승모멘텀,000155,skip,adx_high,9f2d7ad5c373
14927188,2026-10-06 13:58:25,actions-trading,상승모멘텀,005690,skip,period,8ad75dd04233
14927188,2026-10-06 13:58:25,actions-trading,상승모멘텀,353200,skip,adx_high,c9061122f88e
14927188,2026-10-06 13:58:25,actions-trading,상승모멘텀,063160,skip,amount,e56cecdeafcf
14927188,2026-10-06 13:58:25,actions-trading,상승모멘텀,003670,skip,period,a9cb4527dd80
14927188,2026-10-06 13:58:25,actions-trading,상승모멘텀,005320,skip,amount,f2e6821697b3
14927188,2026-10-06 13:58:25,actions-trading,상승모멘텀,298020,skip,adx_high,6262a7ab9364
14927188,2026-10-06 13:58:25,actions-trading,상승모멘텀,006405,skip,amount,09d4e77acafe
14927188,2026-10-06 13:58:25,actions-trading,Sim6,_gate,skip,already_rebalanced,e3b0c44298fc
14927188,2026-10-06 13:58:25,actions-trading,Sim6,069500,seen,,e75be74ee3ec
14927188,2026-10-06 13:58:25,actions-trading,Sim6,360750,seen,,18e6707e4f6d
14927188,2026-10-06 13:58:25,actions-trading,Sim6,148070,seen,,2c40b6ca8802
14927188,2026-10-06 13:58:25,actions-trading,Sim6,411060,seen,,5ce02453e992
14927188,2026-10-06 13:58:25,actions-trading,Sim6,305080,seen,,cd4ddd3793f0
14927188,2026-10-06 13:58:25,actions-trading,Sim6,357870,seen,,d1bf3c301434
14927188,2026-10-06 13:58:25,actions-trading,Sim4-1,003580,skip,adx_high,f5964e0705ea
14927188,2026-10-06 13:58:25,actions-trading,Sim4-1,480370,skip,adx_high,d5f7723e8c8c
14927188,2026-10-06 13:58:25,actions-trading,Sim4-1,281820,skip,adx_high,65d98ea52108
14927188,2026-10-06 13:58:25,actions-trading,Sim4-1,006110,skip,adx_high,c9f2068cd7e0
14927188,2026-10-06 13:58:25,actions-trading,Sim4-1,011070,skip,adx_low,f98bbaaba8ee
14927188,2026-10-06 13:58:25,actions-trading,Sim4-1,000020,skip,adx_low,8699c20333d5
14927188,2026-10-06 13:58:25,actions-trading,Sim4-1,002710,skip,held_or_cooldown,7f4475d92dd5
14927188,2026-10-06 13:58:25,actions-trading,Sim4-1,066970,skip,adx_low,fac89d2155b9
14927188,2026-10-06 13:58:25,actions-trading,Sim4-1,007660,skip,held_or_cooldown,975e0e07d2de
14927188,2026-10-06 13:58:25,actions-trading,Sim4-1,006400,skip,adx_low,e6dc6f2d2f3e
14927188,2026-10-06 13:58:25,actions-trading,Sim4-1,000150,skip,adx_high,f1c6c9cb43fc
14927188,2026-10-06 13:58:25,actions-trading,Sim4-1,008970,skip,held_or_cooldown,46fee9ee661b
14927188,2026-10-06 13:58:25,actions-trading,Sim4-1,066570,skip,adx_low,a9106143d7ad
14927188,2026-10-06 13:58:25,actions-trading,Sim4-1,005030,skip,amount,f386437b9c5b
14927188,2026-10-06 13:58:25,actions-trading,Sim4-1,066575,skip,adx_high,e483770b5fcc
14927188,2026-10-06 13:58:25,actions-trading,Sim4-1,002820,skip,amount,d48b7ba6ef23
14927188,2026-10-06 13:58:25,actions-trading,Sim4-1,090460,skip,period,ecfbec8cc491
14927188,2026-10-06 13:58:25,actions-trading,Sim4-1,018670,skip,period,a61381298bb4
14927188,2026-10-06 13:58:25,actions-trading,Sim4-1,007810,skip,adx_high,54a434041cc0
14927188,2026-10-06 13:58:25,actions-trading,Sim4-1,336370,skip,adx_high,b838f3cd6045
14927188,2026-10-06 13:58:25,actions-trading,Sim4-1,000157,skip,amount,1080f7ed57af
14927188,2026-10-06 13:58:25,actions-trading,Sim4-1,020150,skip,held_or_cooldown,3f6e5beecec7
14927188,2026-10-06 13:58:25,actions-trading,Sim4-1,000155,skip,adx_high,9f2d7ad5c373
14927188,2026-10-06 13:58:25,actions-trading,Sim4-1,005690,skip,period,8ad75dd04233
14927188,2026-10-06 13:58:25,actions-trading,Sim4-1,353200,skip,adx_high,c9061122f88e
14927188,2026-10-06 13:58:25,actions-trading,Sim4-1,063160,skip,amount,e56cecdeafcf
14927188,2026-10-06 13:58:25,actions-trading,Sim4-1,003670,skip,period,a9cb4527dd80
14927188,2026-10-06 13:58:25,actions-trading,Sim4-1,005320,skip,amount,f2e6821697b3
14927188,2026-10-06 13:58:25,actions-trading,Sim4-1,298020,skip,adx_high,6262a7ab9364
14927188,2026-10-06 13:58:25,actions-trading,Sim4-1,006405,skip,amount,09d4e77acafe
14927188,2026-10-06 13:58:27,actions-trading,선행매집,018880,skip,below_anchor,6e51fb9bc0ab
14927188,2026-10-06 13:58:27,actions-trading,선행매집,047040,skip,below_anchor,d2c27c7d89a4
14927188,2026-10-06 13:58:27,actions-trading,선행매집,007660,skip,below_anchor,975e0e07d2de
14927188,2026-10-06 13:58:27,actions-trading,선행매집,066570,skip,below_anchor,a9106143d7ad
14927188,2026-10-06 13:58:27,actions-trading,선행매집,002710,skip,below_anchor,7f4475d92dd5
14927188,2026-10-06 13:58:27,actions-trading,선행매집,006800,skip,below_anchor,d84f651d8ba3
14927188,2026-10-06 13:58:27,actions-trading,선행매집,001250,skip,below_anchor,2c063648c2de
14927188,2026-10-06 13:58:27,actions-trading,선행매집,009190,skip,below_anchor,b59a30f3d9b9
14927188,2026-10-06 13:58:27,actions-trading,선행매집,005320,skip,amount,f2e6821697b3
14927188,2026-10-06 13:58:27,actions-trading,선행매집,009830,skip,below_anchor,6c46331aaae6
14927188,2026-10-06 13:58:27,actions-trading,선행매집,006400,skip,below_anchor,e6dc6f2d2f3e
14927188,2026-10-06 13:58:27,actions-trading,선행매집,005690,skip,below_anchor,8ad75dd04233
14927188,2026-10-06 13:58:27,actions-trading,선행매집,025560,skip,below_anchor,25be55cbb082
14927188,2026-10-06 13:58:27,actions-trading,선행매집,336370,skip,below_anchor,b838f3cd6045
14927188,2026-10-06 13:58:27,actions-trading,선행매집,009150,skip,below_anchor,b4506af58d47
14927188,2026-10-06 13:58:27,actions-trading,선행매집,005360,skip,amount,d5b984ad3e88
14927188,2026-10-06 13:58:27,actions-trading,선행매집,279570,skip,below_anchor,c41a371ae8c6
14927188,2026-10-06 13:58:27,actions-trading,선행매집,002700,skip,amount,f3a7e6e24b44
14927188,2026-10-06 13:58:27,actions-trading,선행매집,090460,skip,below_anchor,ecfbec8cc491
14927188,2026-10-06 13:58:27,actions-trading,선행매집,011070,skip,below_anchor,f98bbaaba8ee
14927188,2026-10-06 13:58:27,actions-trading,선행매집,022100,skip,below_anchor,3238e5c05282
14927188,2026-10-06 13:58:27,actions-trading,선행매집,010120,skip,below_anchor,8c638d14ef9a
14927188,2026-10-06 13:58:27,actions-trading,선행매집,192650,skip,sold_or_cooldown,fec132b77f03
14927188,2026-10-06 13:58:27,actions-trading,선행매집,138930,skip,below_anchor,2dabdaf6ce9f
14927188,2026-10-06 13:58:27,actions-trading,선행매집,066970,skip,below_anchor,fac89d2155b9
14927188,2026-10-06 13:58:27,actions-trading,선행매집,015760,skip,below_anchor,c15e6353740d
14927188,2026-10-06 13:58:27,actions-trading,선행매집,003620,skip,below_anchor,8f2a5adfa54a
14927188,2026-10-06 13:58:27,actions-trading,선행매집,460860,skip,below_anchor,3e9dc71a171f
14927188,2026-10-06 13:58:27,actions-trading,선행매집,015260,skip,amount,c123588c9007
14927188,2026-10-06 13:58:27,actions-trading,선행매집,452260,skip,below_anchor,ab83c80f258f
14927188,2026-10-06 13:58:27,actions-trading,Sim9,_gate,skip,outside_entry_window,e3b0c44298fc
14927188,2026-10-06 13:58:27,actions-trading,Sim9,003580,seen,,f5964e0705ea
14927188,2026-10-06 13:58:27,actions-trading,Sim9,480370,seen,,d5f7723e8c8c
14927188,2026-10-06 13:58:27,actions-trading,Sim9,281820,seen,,65d98ea52108
14927188,2026-10-06 13:58:27,actions-trading,Sim9,006110,seen,,c9f2068cd7e0
14927188,2026-10-06 13:58:27,actions-trading,Sim9,011070,seen,,f98bbaaba8ee
14927188,2026-10-06 13:58:27,actions-trading,Sim9,000020,seen,,8699c20333d5
14927188,2026-10-06 13:58:27,actions-trading,Sim9,002710,seen,,7f4475d92dd5
14927188,2026-10-06 13:58:27,actions-trading,Sim9,066970,seen,,fac89d2155b9
14927188,2026-10-06 13:58:27,actions-trading,Sim9,007660,seen,,975e0e07d2de
14927188,2026-10-06 13:58:27,actions-trading,Sim9,006400,seen,,e6dc6f2d2f3e
14927188,2026-10-06 13:58:27,actions-trading,Sim9,000150,seen,,f1c6c9cb43fc
14927188,2026-10-06 13:58:27,actions-trading,Sim9,008970,seen,,46fee9ee661b
14927188,2026-10-06 13:58:27,actions-trading,Sim9,066570,seen,,a9106143d7ad
14927188,2026-10-06 13:58:27,actions-trading,Sim9,005030,seen,,f386437b9c5b
14927188,2026-10-06 13:58:27,actions-trading,Sim9,066575,seen,,e483770b5fcc
14927188,2026-10-06 13:58:27,actions-trading,Sim9,002820,seen,,d48b7ba6ef23
14927188,2026-10-06 13:58:27,actions-trading,Sim9,090460,seen,,ecfbec8cc491
14927188,2026-10-06 13:58:27,actions-trading,Sim9,018670,seen,,a61381298bb4
14927188,2026-10-06 13:58:27,actions-trading,Sim9,007810,seen,,54a434041cc0
14927188,2026-10-06 13:58:27,actions-trading,Sim9,336370,seen,,b838f3cd6045
14927188,2026-10-06 13:58:27,actions-trading,Sim9,000157,seen,,1080f7ed57af
14927188,2026-10-06 13:58:27,actions-trading,Sim9,020150,seen,,3f6e5beecec7
14927188,2026-10-06 13:58:27,actions-trading,Sim9,000155,seen,,9f2d7ad5c373
14927188,2026-10-06 13:58:27,actions-trading,Sim9,005690,seen,,8ad75dd04233
14927188,2026-10-06 13:58:27,actions-trading,Sim9,353200,seen,,c9061122f88e
14927188,2026-10-06 13:58:27,actions-trading,Sim9,063160,seen,,e56cecdeafcf
14927188,2026-10-06 13:58:27,actions-trading,Sim9,003670,seen,,a9cb4527dd80
14927188,2026-10-06 13:58:27,actions-trading,Sim9,005320,seen,,f2e6821697b3
14927188,2026-10-06 13:58:27,actions-trading,Sim9,298020,seen,,6262a7ab9364
14927188,2026-10-06 13:58:27,actions-trading,Sim9,006405,seen,,09d4e77acafe
14927188,2026-10-06 13:58:27,actions-trading,미너비니,192820,skip,below_pivot,2af7ab8bb485
14927188,2026-10-06 13:58:27,actions-trading,미너비니,443060,skip,below_pivot,9c13ce63a2f0
14927188,2026-10-06 13:58:27,actions-trading,Sim12,003580,skip,pb2_not_crashed,f5964e0705ea
14927188,2026-10-06 13:58:27,actions-trading,Sim12,480370,skip,pb2_not_crashed,d5f7723e8c8c
14927188,2026-10-06 13:58:27,actions-trading,Sim12,281820,skip,pb2_not_crashed,65d98ea52108
14927188,2026-10-06 13:58:27,actions-trading,Sim12,006110,skip,pb2_not_crashed,c9f2068cd7e0
14927188,2026-10-06 13:58:27,actions-trading,Sim12,011070,skip,avoid_orgn_sell_high_per,f98bbaaba8ee
14927188,2026-10-06 13:58:27,actions-trading,Sim12,000020,skip,pb2_not_crashed,8699c20333d5
14927188,2026-10-06 13:58:27,actions-trading,Sim12,002710,skip,avoid_frgn_sell_20d,7f4475d92dd5
14927188,2026-10-06 13:58:27,actions-trading,Sim12,066970,skip,pb2_not_crashed,fac89d2155b9
14927188,2026-10-06 13:58:27,actions-trading,Sim12,007660,skip,pb2_not_crashed,975e0e07d2de
14927188,2026-10-06 13:58:27,actions-trading,Sim12,006400,skip,pb2_not_crashed,e6dc6f2d2f3e
14927188,2026-10-06 13:58:27,actions-trading,Sim12,000150,skip,avoid_frgn_sell_20d,f1c6c9cb43fc
14927188,2026-10-06 13:58:27,actions-trading,Sim12,008970,skip,pb2_not_crashed,46fee9ee661b
14927188,2026-10-06 13:58:27,actions-trading,Sim12,066570,skip,pb2_not_crashed,a9106143d7ad
14927188,2026-10-06 13:58:27,actions-trading,Sim12,005030,skip,avoid_amount_dry,f386437b9c5b
14927188,2026-10-06 13:58:27,actions-trading,Sim12,066575,skip,pb2_not_crashed,e483770b5fcc
14927188,2026-10-06 13:58:27,actions-trading,Sim12,002820,skip,avoid_deadcat,d48b7ba6ef23
14927188,2026-10-06 13:58:27,actions-trading,Sim12,090460,skip,pb2_not_crashed,ecfbec8cc491
14927188,2026-10-06 13:58:27,actions-trading,Sim12,018670,skip,avoid_frgn_sell_20d,a61381298bb4
14927188,2026-10-06 13:58:27,actions-trading,Sim12,007810,skip,pb2_not_crashed,54a434041cc0
14927188,2026-10-06 13:58:27,actions-trading,Sim12,336370,skip,avoid_frgn_sell_20d,b838f3cd6045
14927188,2026-10-06 13:58:27,actions-trading,Sim12,000157,skip,held_or_cooldown,1080f7ed57af
14927188,2026-10-06 13:58:27,actions-trading,Sim12,020150,skip,avoid_frgn_sell_20d,3f6e5beecec7
14927188,2026-10-06 13:58:27,actions-trading,Sim12,000155,skip,held_or_cooldown,9f2d7ad5c373
14927188,2026-10-06 13:58:27,actions-trading,Sim12,005690,skip,pb2_not_crashed,8ad75dd04233
14927188,2026-10-06 13:58:27,actions-trading,Sim12,353200,skip,avoid_orgn_sell_high_per,c9061122f88e
14927188,2026-10-06 13:58:27,actions-trading,Sim12,063160,skip,avoid_frgn_sell_20d,e56cecdeafcf
14927188,2026-10-06 13:58:27,actions-trading,Sim12,003670,skip,avoid_frgn_sell_20d,a9cb4527dd80
14927188,2026-10-06 13:58:27,actions-trading,Sim12,005320,skip,pb2_not_crashed,f2e6821697b3
14927188,2026-10-06 13:58:27,actions-trading,Sim12,298020,skip,avoid_orgn_sell_high_per,6262a7ab9364
14927188,2026-10-06 13:58:27,actions-trading,Sim12,006405,skip,pb2_not_crashed,09d4e77acafe
14927188,2026-10-06 13:58:27,actions-trading,Sim12,005110,skip,avoid_amount_dry,c47d7f451b4b
14927188,2026-10-06 13:58:27,actions-trading,Sim12,015260,skip,pb2_no_inst_buying,c123588c9007
14927188,2026-10-06 13:58:27,actions-trading,Sim12,020120,skip,pb2_not_crashed,5e9bdcb84c8c
14927188,2026-10-06 13:58:27,actions-trading,Sim12,004920,skip,pb2_not_crashed,f661c1511353
14927188,2026-10-06 13:58:27,actions-trading,Sim12,001525,skip,avoid_amount_dry,81205546f5c2
14927188,2026-10-06 13:58:27,actions-trading,Sim12,002870,skip,avoid_frgn_sell_20d,267efae987f4
14927188,2026-10-06 13:58:27,actions-trading,Sim12,003010,skip,pb2_not_crashed,6726a8ddb3bd
14927188,2026-10-06 13:58:27,actions-trading,Sim12,079550,skip,pb2_not_crashed,42c538732dc3
14927188,2026-10-06 13:58:27,actions-trading,Sim12,051630,skip,avoid_amount_dry,a3b027b6edfc
14927188,2026-10-06 13:58:27,actions-trading,Sim12,002785,skip,pb2_no_inst_buying,8f393f53ef85
14927188,2026-10-06 13:58:27,actions-trading,Sim12,003350,skip,avoid_amount_dry,c75ce3e47428
14927188,2026-10-06 13:58:27,actions-trading,Sim12,014915,skip,pb2_not_crashed,6a49f6f7ba1f
14927188,2026-10-06 13:58:27,actions-trading,Sim12,036570,skip,pb2_not_crashed,69dadde3997c
14927188,2026-10-06 13:58:27,actions-trading,Sim12,001380,skip,avoid_frgn_sell_20d,2906d9721932
14927188,2026-10-06 13:58:27,actions-trading,Sim12,002787,skip,avoid_amount_dry,06a1b559f51b
14927188,2026-10-06 13:58:27,actions-trading,Sim12,003570,skip,avoid_frgn_sell_20d,ffd7874a9433
14927188,2026-10-06 13:58:27,actions-trading,Sim12,044820,skip,avoid_frgn_sell_20d,8dd54af032d4
14927188,2026-10-06 13:58:27,actions-trading,Sim12,084680,skip,avoid_frgn_sell_20d,ca6412f16878
14927188,2026-10-06 13:58:27,actions-trading,Sim12,071950,skip,pb2_no_inst_buying,6dcdf49e73a3
14927188,2026-10-06 13:58:27,actions-trading,Sim12,443060,skip,avoid_amount_dry,9c13ce63a2f0
14927188,2026-10-06 13:58:27,actions-trading,Sim12,109070,skip,pb2_not_crashed,f1c3528b3819
14927188,2026-10-06 13:58:27,actions-trading,Sim12,100840,skip,avoid_amount_dry,6124a09fb0e0
14927188,2026-10-06 13:58:27,actions-trading,Sim12,005880,skip,pb2_not_crashed,7d6a25992ab9
14927188,2026-10-06 13:58:27,actions-trading,Sim12,103140,skip,pb2_not_crashed,fa6dde0c91ac
14927188,2026-10-06 13:58:27,actions-trading,Sim12,465770,skip,avoid_amount_dry,bf22f1a8c42d
14927188,2026-10-06 13:58:27,actions-trading,Sim12,088790,skip,avoid_amount_dry,8aa5dd3f0ab8
14927188,2026-10-06 13:58:27,actions-trading,Sim12,010820,skip,pb2_not_crashed,fd96d6002e1a
14927188,2026-10-06 13:58:27,actions-trading,Sim12,027740,skip,avoid_frgn_sell_20d,07472cdb9d50
14927188,2026-10-06 13:58:27,actions-trading,Sim12,026960,skip,pb2_not_crashed,1a57dc3508db
14927188,2026-10-06 13:58:27,actions-trading,Sim12,064350,skip,avoid_frgn_sell_20d,52bdc1769e45
14927188,2026-10-06 13:58:27,actions-trading,Sim13,003580,skip,theme_momentum_weak,f5964e0705ea
14927188,2026-10-06 13:58:27,actions-trading,Sim13,480370,skip,no_frgn_support,d5f7723e8c8c
14927188,2026-10-06 13:58:27,actions-trading,Sim13,281820,skip,no_frgn_support,65d98ea52108
14927188,2026-10-06 13:58:27,actions-trading,Sim13,006110,skip,theme_momentum_weak,c9f2068cd7e0
14927188,2026-10-06 13:58:27,actions-trading,Sim13,011070,skip,theme_momentum_weak,f98bbaaba8ee
14927188,2026-10-06 13:58:27,actions-trading,Sim13,000020,skip,theme_momentum_weak,8699c20333d5
14927188,2026-10-06 13:58:27,actions-trading,Sim13,002710,skip,adx_weak,7f4475d92dd5
14927188,2026-10-06 13:58:27,actions-trading,Sim13,066970,skip,theme_momentum_weak,fac89d2155b9
14927188,2026-10-06 13:58:27,actions-trading,Sim13,007660,skip,adx_weak,975e0e07d2de
14927188,2026-10-06 13:58:27,actions-trading,Sim13,006400,skip,theme_momentum_weak,e6dc6f2d2f3e
14927188,2026-10-06 13:58:27,actions-trading,Sim13,000150,skip,adx_weak,f1c6c9cb43fc
14927188,2026-10-06 13:58:27,actions-trading,Sim13,008970,skip,adx_weak,46fee9ee661b
14927188,2026-10-06 13:58:27,actions-trading,Sim13,066570,skip,theme_momentum_weak,a9106143d7ad
14927188,2026-10-06 13:58:27,actions-trading,Sim13,005030,skip,theme_momentum_weak,f386437b9c5b
14927188,2026-10-06 13:58:27,actions-trading,Sim13,066575,skip,theme_momentum_weak,e483770b5fcc
14927188,2026-10-06 13:58:27,actions-trading,Sim13,002820,skip,theme_momentum_weak,d48b7ba6ef23
14927188,2026-10-06 13:58:27,actions-trading,Sim13,090460,skip,theme_momentum_weak,ecfbec8cc491
14927188,2026-10-06 13:58:27,actions-trading,Sim13,018670,skip,theme_momentum_weak,a61381298bb4
14927188,2026-10-06 13:58:27,actions-trading,Sim13,007810,skip,amount_not_surprised,54a434041cc0
14927188,2026-10-06 13:58:27,actions-trading,Sim13,336370,skip,adx_weak,b838f3cd6045
14927188,2026-10-06 13:58:27,actions-trading,Sim13,000157,skip,theme_momentum_weak,1080f7ed57af
14927188,2026-10-06 13:58:27,actions-trading,Sim13,020150,skip,no_frgn_support,3f6e5beecec7
14927188,2026-10-06 13:58:27,actions-trading,Sim13,000155,skip,theme_momentum_weak,9f2d7ad5c373
14927188,2026-10-06 13:58:27,actions-trading,Sim13,005690,skip,adx_weak,8ad75dd04233
14927188,2026-10-06 13:58:27,actions-trading,Sim13,353200,skip,amount_not_surprised,c9061122f88e
14927188,2026-10-06 13:58:27,actions-trading,Sim13,063160,skip,theme_momentum_weak,e56cecdeafcf
14927188,2026-10-06 13:58:27,actions-trading,Sim13,003670,skip,theme_momentum_weak,a9cb4527dd80
14927188,2026-10-06 13:58:27,actions-trading,Sim13,005320,skip,adx_weak,f2e6821697b3
14927188,2026-10-06 13:58:27,actions-trading,Sim13,298020,skip,theme_momentum_weak,6262a7ab9364
14927188,2026-10-06 13:58:27,actions-trading,Sim13,006405,skip,theme_momentum_weak,09d4e77acafe
14927188,2026-10-06 13:58:27,actions-trading,Sim14,_gate,skip,regime_blocked,e3b0c44298fc
14927188,2026-10-06 13:58:27,actions-trading,Sim15,_gate,skip,already_rebalanced,e3b0c44298fc
14927188,2026-10-06 13:58:27,actions-trading,Sim15,069500,seen,,e75be74ee3ec
14927188,2026-10-06 13:58:27,actions-trading,Sim15,133690,seen,,fe343c5b1f57
14927188,2026-10-06 13:58:27,actions-trading,Sim15,148070,seen,,2c40b6ca8802
14927188,2026-10-06 13:58:27,actions-trading,Sim16,_gate,skip,already_rebalanced,e3b0c44298fc
14927188,2026-10-06 13:58:27,actions-trading,Sim16,122630,seen,,66d055078190
14927188,2026-10-06 13:58:27,actions-trading,Sim16,418660,seen,,80e584af499f
14927188,2026-10-06 13:58:27,actions-trading,Sim16,148070,seen,,2c40b6ca8802
